a;1810875897855;-1.8377991;0.32740784;9.403183
a;1810896039457;-1.2557373;-0.063430786;9.684433
a;1810916181058;-1.3275146;0.12715149;9.998062
a;1810936322660;-1.3600464;0.05102539;9.954483
a;1810956464261;-1.3418121;0.015396118;9.8207855
a;1810976605863;-1.3087921;0.27627563;9.717255
a;1810996747465;-1.4309998;0.009796143;9.813385
a;1811016889066;-1.753891;0.038360596;9.647324
a;1811037030668;-1.4491425;0.46566772;9.591141
a;1811057172269;-1.5113525;0.42848206;9.83223
a;1811077313871;-1.9839783;0.5593262;9.685623
a;1811097455472;-1.4924011;-0.29159546;9.506241
a;1811117597074;-1.9051208;-0.011886597;9.694778
a;1811137738676;-1.8402252;0.060958862;9.699005
a;1811157880277;-1.7797699;0.10032654;9.63205
a;1811178021879;-1.7318115;0.16470337;9.710907
a;1811198163480;-1.8006134;0.02243042;9.847839
a;1811218305082;-1.8301392;-0.25248718;9.99176
a;1811238446683;-1.8680267;-0.4217682;10.075378
a;1811258588285;-1.9550476;-0.08106995;10.01561
a;1811278729886;-2.1697083;-0.08207703;10.22818
a;1811298871488;-2.3588104;-0.44636536;10.574783
a;1811319013090;-2.4041748;-0.59794617;10.699249
a;1811339154691;-2.3947296;-0.7232361;10.789413
a;1811359296293;-2.4218292;-0.93081665;10.659485
a;1811379437894;-2.2458801;-0.9038391;10.734253
a;1811399579496;-1.757309;-0.6123657;10.661453
a;1811419721097;-1.0923462;0.19380188;9.755829
a;1811439862699;-0.121017456;-0.7579498;9.078674
a;1811460004301;0.6356659;-1.9825745;8.170425
a;1811480145902;2.0210266;-2.7037506;8.390732
a;1811500287504;3.5834503;-2.1751862;8.788269
a;1811520429105;4.2610016;-1.4200287;8.388382
a;1811540570707;4.273041;-1.733429;7.919632
a;1811560712308;4.174774;-1.8364563;8.207291
a;1811580853910;3.874176;-2.061325;8.490677
a;1811600995511;3.5741577;-2.9931335;7.7064056
a;1811621137113;3.390091;-3.39917;7.459503
a;1811641278715;2.7976074;-3.3195343;7.5824127
a;1811661420316;2.1517334;-3.658905;7.9739532
a;1811681561918;1.6928558;-4.907089;8.232819
a;1811701703519;1.027359;-5.8819885;8.612167
a;1811721845121;0.39038086;-7.086624;8.767426
a;1811741986722;-0.124069214;-7.6096954;8.894302
a;1811762128324;-0.54956055;-7.772934;8.833496
a;1811782269926;-0.67970276;-7.6816254;9.100128
a;1811802411527;-0.611084;-7.688278;9.113632
a;1811822553129;-0.12553406;-7.5410614;8.738953
a;1811842694730;0.3338318;-6.839203;8.16777
a;1811862836332;0.4215393;-6.6109924;7.7220764
a;1811882977933;0.32643127;-7.1836395;7.7549896
a;1811903119535;0.42158508;-7.6062164;8.234161
a;1811923261136;0.7841644;-7.154373;8.103104
a;1811943402738;0.99038696;-6.6776276;7.7019196
a;1811963544340;1.0522003;-6.3650513;8.048904
a;1811983685941;1.171051;-6.6957703;7.8812103
a;1812003827543;1.233963;-7.2844696;7.4348145
a;1812023969144;1.100708;-7.322754;7.095688
a;1812044110746;1.131134;-7.470932;7.1064606
a;1812064252347;1.0062256;-7.1385193;7.5191803
a;1812084393949;0.8936615;-6.9729156;7.8094635
a;1812104535551;1.0238495;-6.946533;7.5227203
a;1812124677152;1.0522003;-6.7481537;7.5989075
a;1812144818754;0.93092346;-6.5860443;7.7732544
a;1812164960355;0.97595215;-6.6090546;7.758316
a;1812185101957;1.0649414;-6.7729645;7.7612
a;1812205243558;0.99453735;-6.8515015;7.7865906
a;1812225385160;0.9636688;-6.9407654;7.703247
a;1812245526761;1.0040436;-6.5940857;7.5130005
a;1812265668363;0.9184265;-6.513397;7.2046356
a;1812285809965;0.874115;-6.885681;7.325119
a;1812305951566;0.90415955;-6.7709045;7.963669
a;1812326093168;0.92170715;-6.7116394;7.8822937
a;1812346234769;0.99942017;-6.5591583;7.5114136
a;1812366376371;0.9468994;-6.6809235;7.423584
a;1812386517972;0.86027527;-6.6269684;7.7379
a;1812406659574;0.9217224;-6.7764893;7.765671
a;1812426801176;0.97254944;-6.65567;7.782486
a;1812446942777;0.95874023;-6.5883636;7.620056
a;1812467084379;0.92962646;-6.7604218;7.2850647
a;1812487225980;0.86553955;-6.8908386;7.422165
a;1812507367582;0.80303955;-6.779419;7.8289948
a;1812527509183;0.8491821;-6.724991;7.8986053
a;1812547650785;0.84243774;-6.868286;7.7943726
a;1812567792386;0.87677;-6.8162384;7.8104553
a;1812587933988;0.8109741;-6.8531647;7.7786255
a;1812608075590;0.76976013;-6.8161163;7.756775
a;1812628217191;0.6620636;-6.754715;8.01976
a;1812648358793;0.5740967;-6.77861;8.064514
a;1812668500394;0.4453125;-6.873001;8.027206
a;1812688641996;0.15228271;-6.921753;8.58461
a;1812708783597;-0.25624084;-7.347702;9.359802
a;1812728925199;-0.40592957;-8.176895;9.721161
a;1812749066801;-0.33226013;-8.196259;10.08696
a;1812769196322;-0.21310425;-7.514694;10.485458
a;1812789337924;-0.28268433;-7.5270233;10.694122
a;1812809479525;-0.08406067;-8.32019;10.989471
a;1812829621127;0.47869873;-8.040405;10.924469
a;1812849762728;1.1195374;-6.9622955;10.664383
a;1812869904330;1.9006958;-6.0647583;9.950592
a;1812890045931;2.4921722;-5.5365753;9.258423
a;1812910187533;3.1486359;-5.7690125;8.34639
a;1812930329135;3.979416;-5.311676;7.1826477
a;1812950470736;5.034485;-4.255432;6.228363
a;1812970612338;5.843033;-4.0957184;5.4965515
a;1812990753939;6.624481;-4.7052917;4.9358215
a;1813010895541;7.4493103;-4.1459503;3.948227
a;1813031037142;8.037521;-2.9054718;3.9903564
a;1813051178744;7.909439;-2.50177;3.3313446
a;1813071320346;7.9254913;-3.622818;2.4429016
a;1813091461947;8.640076;-4.0394897;1.7129059
a;1813111603549;8.592316;-4.1059265;1.928421
a;1813131745150;7.485504;-4.94545;2.8109894
a;1813151886752;6.33374;-6.7326355;2.8237457
a;1813172028353;6.4450226;-6.9356537;1.6684113
a;1813192169955;6.9701385;-4.922531;0.22706604
a;1813212311556;7.7079773;-3.857544;-1.1251526
a;1813232453158;7.6012726;-8.196503;-0.2884674
a;1813252594760;3.55867;-11.978897;1.1776123
a;1813272736361;5.087448;-9.294891;1.7353973
a;1813292877963;6.3158264;-5.16481;2.9887238
a;1813313019564;7.0815735;-4.485031;2.4480743
a;1813333161166;7.5588074;-6.1248016;2.2835693
a;1813353302767;6.9970703;-8.104004;4.1314697
a;1813373444369;6.378891;-8.603714;4.995102
a;1813393585971;6.7654724;-6.9347076;4.9402313
a;1813413727572;7.1495056;-5.6339417;4.4105835
a;1813433869174;7.5061646;-5.955948;3.381363
a;1813454010775;6.8408813;-7.166336;3.37854
a;1813474152377;6.2084045;-7.5191345;3.9633179
a;1813494293978;6.6408234;-7.6947937;4.095566
a;1813514435580;6.747116;-7.2634735;3.917572
a;1813534577181;6.458664;-7.6018066;3.201126
a;1813554718783;5.7290344;-8.129898;2.6554413
a;1813574860385;6.2724;-8.101639;2.6090088
a;1813595001986;6.7313995;-7.7131195;2.9729767
a;1813615143588;7.0825806;-7.470215;3.486847
a;1813635285189;7.483383;-7.5880737;3.6461487
a;1813655426791;7.7654114;-7.2920837;3.1487122
a;1813675568392;8.141541;-6.7380676;2.4736176
a;1813695709994;8.629974;-6.851715;1.9470825
a;1813715851596;8.460251;-7.972595;1.6948547
a;1813735993197;7.713928;-8.527405;1.9895782
a;1813756134799;6.764847;-8.196945;2.1560364
a;1813776276400;5.7765503;-6.6954346;1.3959503
a;1813796418002;5.042801;-5.6467896;0.48789978
a;1813816559603;3.8967896;-4.4976196;-1.1194763
a;1813836701205;2.5300903;-2.6262054;-0.26506042
a;1813856842806;2.1600952;-1.1121826;2.6598816
a;1813876984408;4.016403;-3.847229;2.5909576
a;1813897126010;7.2230835;-8.786575;-0.91711426
a;1813917267611;8.667389;-10.503387;2.6685944
a;1813937409213;5.6793976;-8.250504;3.9138184
a;1813957550814;5.2054443;-3.7258759;0.8240509
a;1813977692416;5.7717896;-2.2298584;0.119659424
a;1813997834017;6.286728;-1.942627;2.8611145
a;1814017975619;6.081314;-4.825577;3.2500153
a;1814038117221;7.32901;-7.626953;2.4189606
a;1814058258822;7.989258;-7.0424194;4.0592346
a;1814078400424;7.4854584;-5.960327;6.0110626
a;1814098542025;8.524368;-10.3177185;7.5224304
a;1814118683627;9.8550415;-9.890717;6.883362
a;1814138825228;8.698776;-6.341217;6.4677887
a;1814158966830;8.129715;-3.3200378;4.212921
a;1814179108431;7.220459;0.16001892;-0.63760376
a;1814199250033;8.845093;2.0270844;3.802353
a;1814219391635;8.332993;-3.2125854;7.238159
a;1814239533236;8.865936;-5.428299;5.3800354
a;1814259674838;9.2883;-5.435211;5.1360474
a;1814279816439;8.638947;-4.0101013;5.418396
a;1814299958041;7.601166;-4.260742;4.2675323
a;1814320099642;7.3627167;-5.0638275;4.770218
a;1814340241244;7.213257;-4.8125305;6.365921
a;1814360382846;7.1330414;-4.575775;8.511673
a;1814380524447;7.60318;-4.8698425;10.047287
a;1814400666049;8.249405;-7.1987762;13.052063
a;1814420807650;7.9820557;-8.476608;11.115707
a;1814440949252;7.7068024;-6.4246674;9.009735
a;1814461090853;7.544098;-2.8879395;8.126694
a;1814481232455;7.4892883;0.74061584;7.6023865
a;1814501374056;7.741806;2.721054;7.4469757
a;1814521515658;8.633514;-3.317749;10.120911
a;1814541657260;8.733322;-8.9614105;4.6913757
a;1814561798861;11.302261;-13.8884735;-0.13079834
a;1814581940463;12.188187;-12.970352;0.10531616
a;1814602082064;11.264175;-9.13829;1.6100922
a;1814622223666;11.270126;-7.2408752;1.2333374
a;1814642365267;12.003525;-7.537781;0.9542694
a;1814662506869;11.3050995;-7.796158;0.5799103
a;1814682648471;10.290573;-6.5711823;0.64242554
a;1814702790072;10.288345;-5.020996;1.7831726
a;1814722931674;9.727783;-3.8368683;2.6606903
a;1814743073275;8.516708;-3.39151;1.5244904
a;1814763214877;8.207565;-4.20842;0.07623291
a;1814783356478;7.2606506;-4.5995026;0.24253845
a;1814803498080;6.1026764;-3.7220612;1.9447632
a;1814823639681;5.2145996;-3.5467377;2.5734253
a;1814843781283;4.6975403;-3.5169983;2.1643372
a;1814863922885;3.7812805;-2.766922;0.43811035
a;1814884064486;2.982895;-0.70791626;-0.081451416
a;1814904206088;2.3354187;0.020141602;-0.15583801
a;1814924347689;0.5775604;-2.5401;1.0166016
a;1814944489291;-0.33714294;-3.411728;-1.1662292
a;1814964630892;0.41368103;-5.7496033;0.25001526
a;1814984772494;3.6390228;-7.5616913;0.97377014
a;1815004914096;6.4947968;-6.2151184;2.364441
a;1815025055697;6.3542175;-3.2320251;2.7745209
a;1815045197299;6.480377;-2.246582;2.186325
a;1815065338900;6.703583;-2.646408;2.3804626
a;1815085480502;7.11586;-2.4921265;2.863205
a;1815105622103;6.3778534;-1.9279022;2.414917
a;1815125763705;5.9847565;-2.4731445;0.52967834
a;1815145905306;7.5820465;-3.3992157;0.90689087
a;1815166046908;8.410065;-4.0120697;3.0905457
a;1815186188510;8.492325;-4.7160034;5.3993835
a;1815206330111;8.246857;-5.1716003;5.3941193
a;1815226471713;8.56955;-5.9402924;5.8284454
a;1815246613314;9.039093;-6.2871246;6.3905334
a;1815266754916;9.156586;-6.1360016;6.962799
a;1815286896517;8.380539;-7.147766;6.7630615
a;1815307038119;8.632126;-6.7097626;8.362671
a;1815327179721;9.231445;-5.1055145;10.471329
a;1815347321322;9.5173645;-7.151184;11.236252
a;1815367462924;9.463043;-8.334869;9.702362
a;1815387604525;9.154633;-7.232971;10.499313
a;1815407746127;8.781174;-7.3374634;11.215881
a;1815427887728;9.235306;-5.8324127;9.151581
a;1815448029330;9.327515;-1.5917816;8.1692505
a;1815468170931;9.848145;-3.062851;10.557434
a;1815488312533;11.812576;-7.5618134;6.18956
a;1815508454135;13.316498;-10.395554;2.3274994
a;1815528595736;11.766037;-7.9344635;2.8398743
a;1815548737338;10.96344;-4.8722687;4.2019196
a;1815568878939;11.270416;-3.8191833;4.5917206
a;1815589020541;11.615753;-3.9487915;3.9135284
a;1815609162142;10.490524;-4.185425;3.0905304
a;1815629303744;9.439407;-3.7032928;2.25354
a;1815649445346;9.306534;-3.3291473;2.5132751
a;1815669586947;8.940475;-3.5621185;3.3622284
a;1815689728549;8.165298;-4.0347443;3.518402
a;1815709870150;7.2949066;-4.290985;3.2418518
a;1815730011752;6.756592;-4.212082;3.261856
a;1815750153353;6.066284;-4.1885986;3.269394
a;1815770294955;5.1569977;-4.1441345;2.193039
a;1815790436556;4.5343475;-3.2183533;1.0046997
a;1815810578158;4.3225403;-2.635254;0.6519928
a;1815830719760;3.8618164;-2.5501862;0.29154968
a;1815850861361;2.1070862;-3.2076874;0.13943481
a;1815871002963;0.4322815;-3.5495605;-1.9627075
a;1815891144564;-0.20014954;0.23045349;-0.46192932
a;1815911286166;-0.2565918;-0.22897339;3.6450653
a;1815931427767;2.3933716;-4.0023193;-0.7296295
a;1815951569369;7.5387115;-7.64653;-0.46136475
a;1815971710971;9.532379;-7.6319427;5.8751373
a;1815991852572;7.2758484;-7.076721;6.124054
a;1816011994174;7.691818;-4.526779;4.270462
a;1816032135775;7.704376;-2.0218658;2.4935913
a;1816052277377;8.00679;-1.9360504;2.8847046
a;1816072418978;7.9806976;-3.748169;1.5981445
a;1816092560580;7.014328;-3.6603394;0.20204163
a;1816112702181;6.304962;-2.4752808;0.78912354
a;1816132843783;6.995743;-2.5855713;1.3777313
a;1816152985385;7.933716;-4.4577026;3.8003082
a;1816173126986;8.520874;-4.6561127;5.753708
a;1816193268588;8.86319;-5.8676453;5.686447
a;1816213410189;9.278534;-7.7930603;5.952301
a;1816233551791;9.18364;-6.0840607;3.8419952
a;1816253693392;8.55014;-3.7696075;5.9347687
a;1816273834994;7.502014;-3.370163;6.295044
a;1816293976596;7.895569;-5.474045;6.2538757
a;1816314118197;8.494217;-8.077957;8.783356
a;1816334259799;8.2323;-8.930298;9.698349
a;1816354401400;8.789688;-7.865967;9.597931
a;1816374543002;8.804352;-7.913254;9.726913
a;1816394684603;8.108017;-9.228638;10.324387
a;1816414826205;7.95665;-7.5657196;8.308914
a;1816434967806;9.40332;-3.1740265;8.250961
a;1816455109408;10.213638;-2.4674072;12.028748
a;1816475251010;10.879623;-7.2363586;13.581314
a;1816495392611;12.628845;-9.884872;8.809677
a;1816515534213;12.959717;-8.620758;6.2081604
a;1816535675814;12.442368;-7.06575;5.2733307
a;1816555817416;12.078674;-6.5000763;4.538101
a;1816575959017;11.397842;-6.448654;2.836319
a;1816596100619;11.051102;-6.1043243;1.2558136
a;1816616242221;10.811417;-4.9026794;1.3297882
a;1816636383822;9.803513;-3.2061157;1.8560791
a;1816656525424;8.685501;-2.535141;1.9597168
a;1816676667025;8.198456;-2.6707153;2.3063354
a;1816696808627;7.423752;-3.4712524;2.4561615
a;1816716950228;6.2394104;-4.111603;1.4535522
a;1816737091830;5.17453;-4.1808167;0.3184967
a;1816757233431;4.3601074;-3.962494;0.3562317
a;1816777375033;3.7779846;-3.4362946;1.2219849
a;1816797516635;3.09198;-2.7713928;0.8431244
a;1816817658236;3.019928;-2.1173248;-0.15710449
a;1816837799838;2.774063;-1.6177368;0.6075897
a;1816857941439;1.5252991;-1.3106232;0.2600708
a;1816878083041;0.27464294;1.701828;-0.29249573
a;1816898224642;0.7514038;1.843277;1.8743134
a;1816918366244;4.0688934;-5.472931;2.0977325
a;1816938507846;7.630615;-11.44519;2.7624512
a;1816958649447;9.040176;-9.409302;5.622177
a;1816978791049;8.026184;-5.0598297;5.2052765
a;1816998932650;8.115768;-4.0972595;3.6528015
a;1817019074252;7.3906403;-6.233017;0.59147644
a;1817039215853;6.3519135;-5.3450623;0.0029907227
a;1817059357455;6.4355927;-2.817276;2.291916
a;1817079499056;7.943939;-1.670517;4.2786407
a;1817099640658;7.887802;-3.2566223;3.07312
a;1817119782260;7.3999176;-5.682434;1.5712891
a;1817139923861;8.129578;-6.432419;2.1869812
a;1817160065463;7.3526306;-5.3314514;2.4338074
a;1817180207064;6.9409637;-4.393692;2.4342194
a;1817200348666;8.163757;-5.10376;3.4801178
a;1817220490267;8.078018;-5.6760254;3.3051147
a;1817240631869;7.789215;-5.847412;3.2192078
a;1817260773471;8.367783;-6.8620605;4.9067993
a;1817280915072;7.988632;-6.440277;4.407028
a;1817301056674;8.894989;-5.508911;5.466858
a;1817321198275;9.197266;-5.464752;6.127487
a;1817341339877;7.861191;-5.9731293;4.968506
a;1817361481478;7.516464;-6.0693207;5.210602
a;1817381623080;7.801529;-7.691269;5.542053
a;1817401764681;8.353485;-8.517258;5.7101135
a;1817421906283;7.796921;-8.165878;6.6819916
a;1817442047885;8.072479;-7.9073944;7.852936
a;1817462189486;8.02623;-8.416061;7.8544464
a;1817482331088;7.188614;-8.588745;6.583069
a;1817502472689;8.149612;-6.893799;7.609192
a;1817522614291;9.770889;-5.8573303;10.828629
a;1817542755892;10.245544;-5.566559;9.065689
a;1817562897494;9.583054;-6.7370453;7.497055
a;1817583039096;9.281052;-7.419403;5.871216
a;1817603180697;10.383011;-6.7421875;3.492859
a;1817623322299;9.8923645;-4.432602;0.94847107
a;1817643463900;7.4694824;-5.981079;3.1590576
a;1817663605502;5.2464447;-3.2898254;4.504135
a;1817683747103;6.4989166;-2.5129395;3.6855927
a;1817703888705;8.068954;-2.4247742;1.7747192
a;1817724030306;7.4275665;-2.5464935;4.2156982
a;1817744171908;5.9983215;-4.014145;6.6151733
a;1817764313510;7.033081;-7.59433;6.65683
a;1817784455111;9.206284;-9.232681;5.9772644
a;1817804596713;10.5407715;-7.573929;5.757736
a;1817824738314;11.187973;-5.619217;5.2391815
a;1817844879916;11.500702;-5.2025146;4.5930634
a;1817865021517;11.641708;-5.4044037;4.0382385
a;1817885163119;11.224335;-5.8744354;3.8336334
a;1817905304721;10.648666;-6.0546417;4.501236
a;1817925446322;9.653366;-5.517929;4.4335175
a;1817945587924;8.94371;-4.7157593;4.204529
a;1817965729525;8.1848755;-4.4393616;4.2751923
a;1817985871127;7.475296;-4.6193085;4.188904
a;1818006012728;6.9498444;-4.6533356;3.9923553
a;1818026154330;6.0879364;-4.4704895;4.188156
a;1818046295931;5.1966248;-4.0124817;3.4474182
a;1818066437533;5.380951;-3.6529999;2.0739288
a;1818086579135;5.4276123;-3.5634766;1.976059
a;1818106720736;4.5265045;-3.3146667;3.0560455
a;1818126862338;3.8211212;-2.683487;2.2904358
a;1818147003939;3.447998;-1.9103546;1.4648132
a;1818167145541;3.175354;-0.7993164;-0.09451294
a;1818187287142;1.8016663;-1.2327423;-1.2174988
a;1818207428744;0.3901825;0.86206055;-1.620636
a;1818227570346;1.3826752;2.5645905;1.9011536
a;1818247711947;4.967041;-3.3216095;0.42227173
a;1818267853549;9.360886;-9.281036;1.3852844
a;1818287995150;9.930008;-8.287048;5.0149384
a;1818308136752;7.7506714;-4.3134613;5.7917175
a;1818328278353;8.82251;-4.756134;4.4463806
a;1818348419955;8.577347;-7.09935;1.7727661
a;1818368561556;8.0920105;-6.2628326;1.6960297
a;1818388703158;8.083008;-4.898926;2.6615753
a;1818408844760;8.299881;-4.6521606;2.3813324
a;1818428986361;8.515457;-4.894165;2.627472
a;1818449127963;10.155289;-6.4997406;5.3149567
a;1818469269564;11.230667;-9.11676;8.336212
a;1818489411166;10.124451;-9.417664;5.8544617
a;1818509552767;10.742462;-8.002945;4.369751
a;1818529694369;10.831802;-6.8665314;2.2827759
a;1818549835971;10.663406;-6.0266876;1.2186127
a;1818569977572;9.929337;-3.6826782;1.7276154
a;1818590119174;8.853226;-3.3609924;2.669983
a;1818610260775;8.629135;-4.4969025;2.1975555
a;1818630402377;8.580933;-3.9138184;2.0832825
a;1818650543978;8.129837;-2.352005;3.2232056
a;1818670685580;8.194168;-2.807495;4.0998993
a;1818690827181;7.3697815;-3.2746887;3.0059967
a;1818710968783;5.964798;-2.2540588;2.0733795
a;1818731110385;5.9725647;-2.5402832;1.8806763
a;1818751251986;6.903717;-3.5484161;1.8652344
a;1818771393588;7.442688;-4.225586;2.799591
a;1818791535189;7.3343964;-4.6407166;3.3097076
a;1818811676791;7.2069855;-4.7111816;3.3949127
a;1818831818392;7.1467285;-5.0694427;2.8424835
a;1818851959994;7.2789764;-5.632141;1.7435455
a;1818872101596;7.29657;-6.1676025;1.5535278
a;1818892243197;7.196808;-5.8245544;2.5767975
a;1818912384799;7.363968;-5.423004;3.4425964
a;1818932526400;7.3921814;-5.3885956;3.0281982
a;1818952668002;7.7328033;-6.0036316;2.0400085
a;1818972809603;7.7591248;-6.5799713;1.6791382
a;1818992951205;7.3643646;-6.3315735;2.350525
a;1819013092806;7.223694;-5.5223083;2.623642
a;1819033234408;8.001633;-5.567688;1.4780884
a;1819053376010;8.192139;-6.277008;0.38911438
a;1819073517611;7.742523;-5.275055;-0.20678711
a;1819093659213;7.949539;-3.97052;0.49279785
a;1819113800814;7.643387;-3.1850586;1.9258423
a;1819133942416;7.4477234;-2.2778168;2.7582397
a;1819154084017;7.781357;-2.3587646;3.502411
a;1819174225619;8.38652;-2.327896;3.5774536
a;1819194367221;8.759872;-3.6786041;3.750061
a;1819214508822;8.352692;-3.9729462;4.378311
a;1819234650424;7.278412;-3.4252777;5.441147
a;1819254792025;6.7259216;-2.2648926;6.75119
a;1819274933627;6.800995;-1.9578705;7.4932404
a;1819295075228;6.833847;-2.2406616;7.0665283
a;1819315216830;6.079071;-2.2221375;6.7745514
a;1819335358431;5.1293793;-2.0197906;8.091064
a;1819355500033;4.2136536;-1.8630524;9.728409
a;1819375641635;3.9566193;-1.0108032;9.964966
a;1819395783236;2.7484894;-0.2033844;11.024857
a;1819415924838;1.9499054;-1.3646393;12.563644
a;1819436066439;2.5576324;-2.6118622;12.635361
a;1819456208041;2.2832794;-4.2130127;12.222473
a;1819476349642;1.584137;-4.287552;12.471024
a;1819496491244;1.0951538;-1.8496857;11.9314575
a;1819516632846;-0.16249084;-1.1817017;11.5633545
a;1819536774447;-0.32543945;-2.2306824;12.458878
a;1819556916049;-0.17497253;-2.6679688;12.847504
a;1819577057650;-0.3474121;-2.9885712;12.281509
a;1819597199252;-0.78648376;-2.1586456;11.504318
a;1819617340853;-0.90075684;-1.5610199;11.238739
a;1819637482455;-0.88275146;-1.0833588;10.764557
a;1819657624056;-1.0047913;-1.06987;10.406555
a;1819677765658;-1.1572876;-1.0980835;10.139969
a;1819697907260;-1.2168884;-1.1858826;10.101593
a;1819718048861;-1.2890015;-0.98088074;10.141571
a;1819738190463;-1.3901825;-1.151001;10.036133
a;1819758332064;-1.3658142;-1.6220093;9.997711
a;1819778473666;-1.3158112;-1.9084778;10.046509
a;1819798615267;-1.2378387;-1.6895447;10.195435
a;1819818756869;-1.2249298;-1.1581726;10.094925
a;1819838898471;-1.1596069;-1.2530823;9.909012
a;1819859040072;-1.409668;-1.5032501;9.869141
a;1819879181674;-1.1248779;-1.931076;9.984741
a;1819899323275;-1.1022644;-1.9913483;10.074066
a;1819919464877;-1.1235352;-1.9360962;10.036804
a;1819939606478;-1.1175079;-1.8821411;9.8389435
a;1819959748080;-1.0747528;-1.8067474;9.681931
a;1819979889681;-1.0397034;-1.5339966;9.704514
a;1820000031283;-1.0228119;-1.45755;9.677399
a;1820020172885;-0.95043945;-1.7672272;9.59317
a;1820040314486;-0.9133148;-1.8460693;9.598267
a;1820060456088;-0.8567505;-1.7089844;9.700882
a;1820080597689;-0.8548584;-1.6281586;9.727982
a;1820100739291;-0.83247375;-1.6634216;9.70929
a;1820120880892;-0.9055786;-1.7066803;9.60556
a;1820141022494;-0.9928131;-1.8165588;9.675735
a;1820161164096;-0.9985962;-1.8444061;9.783447
a;1820181305697;-1.0984955;-1.7078247;9.957108
a;1820201447299;-1.0927124;-1.5876312;9.995651
a;1820221588900;-1.0863495;-1.494461;9.982178
a;1820241730502;-1.0741272;-1.5075073;9.875381
a;1820261872103;-1.0826263;-1.4678345;9.821686
a;1820282013705;-1.0496674;-1.4418793;9.935776
a;1820302155306;-1.0486755;-1.3915863;10.000427
a;1820322296908;-1.0974884;-1.3097687;10.042816
