a;3617154603139;-0.45863342;1.9635773;9.875809
a;3617174744740;-0.49987793;1.6219025;9.5625305
a;3617194886342;-0.43232727;1.2901611;9.65535
a;3617215027943;-0.029876709;1.2279053;10.086258
a;3617235169545;0.47253418;1.890152;10.184814
a;3617255311146;0.17991638;1.9087219;9.796204
a;3617275452748;0.08432007;1.7731934;9.653458
a;3617295594350;0.2168274;1.2745209;9.518265
a;3617315735951;0.30645752;1.1744232;9.602966
a;3617335877553;0.58750916;1.3758392;9.584106
a;3617356019154;0.39259338;1.7442169;9.431747
a;3617376160756;0.27734375;1.8909302;9.338684
a;3617396302357;0.20552063;1.6855774;9.443924
a;3617416443959;0.08105469;1.6636353;9.545258
a;3617436585561;0.16184998;1.65271;9.6401825
a;3617456727162;0.17947388;1.7274017;9.698547
a;3617476868764;-0.07853699;2.0265198;9.923843
a;3617497010365;0.051879883;1.9839172;10.090576
a;3617517151967;0.020233154;1.7172852;10.0703125
a;3617537293568;-0.048187256;1.7330627;9.969437
a;3617557435170;0.03262329;1.6716461;9.866425
a;3617577576771;0.17192078;1.7059326;9.822357
a;3617597718373;0.2157898;1.9442596;9.883041
a;3617617859975;0.04159546;1.7850342;9.690506
a;3617638001576;0.05041504;1.6309662;9.510635
a;3617658143178;0.29406738;1.4188843;9.347305
a;3617678284779;0.44334412;1.338501;9.416443
a;3617698426381;0.46878052;1.4785309;9.556595
a;3617718567982;0.34259033;1.6639252;9.580933
a;3617738709584;0.1508789;1.6268616;9.504501
a;3617758851186;-0.01802063;1.5722198;9.409912
a;3617778992787;-0.056655884;1.5787354;9.40741
a;3617799134389;-0.5176697;1.9401093;9.276596
a;3617819275990;0.97042847;1.7828522;9.697311
a;3617839417592;0.57762146;1.861496;9.585205
a;3617859559193;-0.09049988;1.8551941;9.2669525
a;3617879700795;0.29249573;1.9722748;9.321594
a;3617899842396;0.4992981;1.984909;9.499954
a;3617919983998;0.3397522;2.0558167;9.519669
a;3617940125600;0.100753784;2.08815;9.473206
a;3617960267201;0.13183594;2.0372467;9.419785
a;3617980408803;0.24932861;2.0329895;9.487091
a;3618000550404;0.22833252;2.0384521;9.568634
a;3618020692006;0.12728882;2.0421143;9.689713
a;3618040833607;0.08938599;1.9418945;9.747238
a;3618060975209;0.11677551;2.0819702;9.70871
a;3618081116811;0.09761047;2.2102356;9.656128
a;3618101258412;0.16722107;2.1453247;9.588348
a;3618121400014;0.3083191;2.1750488;9.654694
a;3618141541615;0.47401428;2.1163483;9.686081
a;3618161683217;0.5784607;2.025238;9.621399
a;3618181824818;0.5921631;2.1527863;9.634598
a;3618201966420;0.44535828;2.0427246;9.686722
a;3618222108021;0.25660706;1.7761841;9.73172
a;3618242249623;0.20115662;1.6727142;9.765854
a;3618262391225;0.34768677;1.9241486;9.666428
a;3618282532826;0.5118103;2.3531036;9.579346
a;3618302674428;0.49649048;2.5689392;9.62915
a;3618322816029;0.4852295;1.7901611;9.296326
a;3618342957631;0.39387512;1.4339447;9.210983
a;3618363099232;0.49394226;1.5618439;9.163101
a;3618383240834;0.53279114;2.132187;9.381531
a;3618403382436;0.15000916;2.4313965;9.58786
a;3618423524037;0.71369934;1.8888092;9.435242
a;3618443665639;0.12866211;1.9596558;9.355301
a;3618463807240;0.26982117;1.9324951;9.38208
a;3618483948842;0.30926514;2.3600464;9.597656
a;3618504090443;0.087509155;2.2977905;9.692688
a;3618524232045;0.0025482178;2.0115967;9.634048
a;3618544373646;0.15567017;1.9020386;9.5026245
a;3618564515248;0.35733032;2.168747;9.495377
a;3618584656850;0.34046936;2.3545532;9.614075
a;3618604798451;-0.08421326;2.3513641;9.641327
a;3618624940053;0.038894653;2.5217133;9.564133
a;3618645081654;0.29733276;3.5265656;9.867584
a;3618665223256;-0.3653717;4.2837067;10.027847
a;3618685364857;-0.5559082;4.508316;10.323929
a;3618705506459;-0.65138245;3.460312;10.170502
a;3618725648061;-0.60502625;2.921463;9.875488
a;3618745789662;-0.40797424;2.586502;9.979797
a;3618765931264;-0.049850464;1.4368591;9.690475
a;3618786072865;0.4296875;0.094573975;9.452545
a;3618806214467;1.0810089;-0.29875183;9.317764
a;3618826356068;1.6465149;-0.032684326;9.525467
a;3618846497670;1.7438202;0.21073914;9.589539
a;3618866639271;1.525177;0.43374634;9.647324
a;3618886780873;1.381546;0.59269714;9.601532
a;3618906922475;1.3030853;1.0327301;9.603455
a;3618927064076;1.132019;1.2081909;9.4726715
a;3618947205678;1.1462402;1.3725281;9.347321
a;3618967347279;1.2977142;1.7884979;9.655884
a;3618987488881;1.137085;2.4415894;10.2621
a;3619007630482;0.33935547;2.1396484;10.740601
a;3619027772084;-0.34921265;1.1049957;10.334137
a;3619047913686;-0.106277466;0.6764984;10.39566
a;3619068055287;0.80763245;0.64131165;10.6822815
a;3619088196889;1.764389;0.8012543;10.616699
a;3619108338490;2.4194183;0.26657104;9.503784
a;3619128480092;3.5097961;-0.76297;7.8958282
a;3619148621693;4.495682;-0.14411926;7.4153748
a;3619168763295;7.101181;0.09614563;10.275589
a;3619188904896;8.942078;-0.31350708;11.109528
a;3619209046498;11.083115;-0.389328;12.313034
a;3619229188100;12.487671;0.101760864;10.948349
a;3619249329701;10.929321;0.95002747;9.906418
a;3619269471303;9.33461;1.2194977;9.368301
a;3619289612904;9.013992;0.20420837;8.500092
a;3619309754506;8.163101;-0.81243896;5.8447266
a;3619329896107;7.3655396;-0.692688;2.7645721
a;3619350037709;7.480591;-0.43759155;2.1894379
a;3619370179311;6.9868927;-1.0522156;2.0923767
a;3619390320912;6.773361;-0.24389648;3.7360535
a;3619410462514;5.7597046;-0.2828369;4.195236
a;3619430604115;5.1191406;-1.4274445;4.1903687
a;3619450745717;5.7999268;-2.2753448;4.3578186
a;3619470887318;6.545349;-2.7591553;4.4789276
a;3619491028920;6.2236023;-4.361328;6.1197357
a;3619511170521;5.82666;-4.4729156;5.8248596
a;3619531312123;6.9396057;-2.5934143;4.6448364
a;3619551453725;7.358902;-1.321167;5.339813
a;3619571595326;7.9671936;-1.6346893;4.9688263
a;3619591736928;8.252792;-1.6512756;4.407715
a;3619611878529;8.5069275;-0.5989685;2.9205017
a;3619632020131;8.478012;0.9523163;3.814331
a;3619652161732;8.645828;1.0860443;4.554764
a;3619672303334;7.6862335;0.6892395;5.5201874
a;3619692444936;7.010193;-0.42529297;5.957245
a;3619712586537;6.8326263;-1.416153;4.5630035
a;3619732728139;6.92099;-2.2550964;2.7950897
a;3619752869740;7.1302795;-3.018158;2.8470306
a;3619773011342;7.63797;-3.4477081;3.7665405
a;3619793152943;8.017288;-2.181015;4.4549255
a;3619813294545;8.685211;0.05378723;4.882675
a;3619833436146;8.869751;-1.1330719;4.4468384
a;3619853577748;9.182861;-1.4711761;4.156357
a;3619873719350;9.242935;-2.566513;4.334671
a;3619893860951;8.975739;-3.301468;3.559311
a;3619914002553;9.275848;-3.4836426;3.5724182
a;3619934144154;9.2977295;-3.448288;4.0111847
a;3619954285756;9.531631;-2.0520477;3.3700867
a;3619974427357;9.521164;-1.8465118;2.8882751
a;3619994568959;9.321136;-4.031067;3.3409882
a;3620014710561;9.22554;-5.659622;2.9626923
a;3620034852162;9.73735;-4.090103;2.4509277
a;3620054993764;9.408844;-5.433731;0.78596497
a;3620075135365;9.628906;-3.3365479;2.4593048
a;3620095276967;9.932068;-1.4163971;4.705475
a;3620115418568;9.268234;-2.1921692;3.9556885
a;3620135560170;9.535751;-2.699524;4.9023285
a;3620155701771;9.863083;-2.9239502;7.090851
a;3620175843373;10.21846;-2.2713776;7.559067
a;3620195984975;10.470139;-0.16268921;7.6939087
a;3620216126576;7.574173;3.4086761;5.1335754
a;3620236268178;5.4736023;0.93769836;3.4086914
a;3620256409779;8.813568;4.0054016;3.8396912
a;3620276551381;9.970932;5.988266;4.1685944
a;3620296692982;8.739304;5.590851;-0.53041077
a;3620316834584;10.448135;2.1320038;3.457489
a;3620336976186;8.839783;-3.3804932;6.6809235
a;3620357117787;8.628265;-6.7505035;5.285202
a;3620377259389;10.05838;-6.917206;2.8398438
a;3620397400990;11.623306;-8.618881;1.1359863
a;3620417542592;11.567093;-6.5840454;-1.221756
a;3620437684193;11.367981;-2.289032;-2.6924286
a;3620457825795;9.72171;0.5615387;-4.928314
a;3620477967396;7.715103;-1.2412262;-3.3478699
a;3620498108998;5.65506;-1.8401642;-3.0938873
a;3620518250600;3.9592438;-2.7477875;-0.7670593
a;3620538392201;2.5401459;-1.2527924;3.293686
a;3620558533803;2.7205048;-0.5745392;3.90802
a;3620578675404;3.9161072;0.6650696;2.0654144
a;3620598817006;4.9162445;4.15625;2.508545
a;3620618958607;7.3833313;7.5041504;11.05983
a;3620639100209;6.9779053;1.5153351;11.236679
a;3620659241811;6.792923;3.4854736;2.4013214
a;3620679383412;9.172394;1.8247986;0.3424225
a;3620699525014;11.595917;0.2591858;6.00325
a;3620719666615;9.575577;1.2239685;7.348816
a;3620739808217;9.802261;4.346527;8.843552
a;3620759949818;9.635696;4.3561096;9.031311
a;3620780091420;9.081451;1.6764984;9.079117
a;3620800233021;8.359055;-0.23480225;9.423111
a;3620820374623;8.573685;-0.19068909;9.277344
a;3620840516225;9.499573;0.51698303;9.972794
a;3620860657826;9.5746765;0.8232269;10.820526
a;3620880799428;9.267456;1.2983093;9.805176
a;3620900941029;9.589432;1.1716461;4.796646
a;3620921082631;9.764847;0.5182495;0.29478455
a;3620941224232;10.049057;0.14949036;0.4960327
a;3620961365834;11.578171;0.5937195;3.5727081
a;3620981507436;12.065918;-1.347702;5.8075714
a;3621001649037;10.364258;-4.960724;6.0094604
a;3621021790639;10.284515;-5.5641937;-0.5999298
a;3621041932240;10.154449;-3.2259521;-3.3236542
a;3621062073842;9.571777;0.48739624;0.8320923
a;3621082215443;11.915939;-2.975998;4.2200623
a;3621102357045;8.648544;-3.4563751;2.237442
a;3621122498646;7.3347626;-5.1508026;6.3936005
a;3621142640248;9.913498;-0.7338104;9.475754
a;3621162781850;9.9758;5.863785;6.7744904
a;3621182923451;8.910629;4.3560333;4.3287506
a;3621203065053;7.59317;2.6351166;2.615738
a;3621223206654;8.819611;1.6325073;2.4281006
a;3621243348256;7.658142;0.60653687;3.3118591
a;3621263489857;5.615967;0.64068604;3.254303
a;3621283631459;4.2097473;0.6233368;2.2369843
a;3621303773061;1.9408569;-0.7820282;-0.76187134
a;3621323914662;0.6851196;-5.175049;-2.0341797
a;3621344056264;1.7866364;-7.2564087;2.809372
a;3621364197865;3.324112;-3.6547394;2.189865
a;3621384339467;3.956314;1.151062;4.3131866
a;3621404481068;4.194763;0.497818;4.4914703
a;3621424622670;4.259308;0.5198822;4.76149
a;3621444764271;5.44046;0.023712158;5.577011
a;3621464905873;7.0937195;0.6677551;2.9481354
a;3621485047475;8.726105;0.046340942;1.9747772
a;3621505189076;10.047119;1.5734863;4.461258
a;3621525330678;12.31395;2.3051758;10.118713
a;3621545472279;11.231171;6.535568;13.706741
a;3621565613881;9.749039;3.9459686;14.799103
a;3621585755482;9.423843;1.6785278;11.097031
a;3621605897084;9.797928;2.4565735;10.789963
a;3621626038686;10.59668;1.5064087;15.1332855
a;3621646180287;10.080109;0.24205017;12.446533
a;3621666321889;11.252533;-0.22898865;8.836533
a;3621686463490;11.6805725;1.6864166;5.02742
a;3621706605092;10.105896;3.231964;4.5544586
a;3621726746693;10.533539;1.7949829;7.6633453
a;3621746888295;11.608276;-2.1358185;6.81456
a;3621767029896;12.134445;-3.6396637;7.787674
a;3621787171498;11.496155;-4.315277;6.0176697
a;3621807313100;12.096237;-1.9762878;0.75224304
a;3621827454701;14.059479;-0.32998657;-0.19444275
a;3621847596303;13.163986;-1.6022034;0.32365417
a;3621867737904;10.286728;-2.8722534;-1.5326996
a;3621887879506;9.042175;-5.464798;-2.5529022
a;3621908021107;6.736923;-3.305069;-1.0383759
a;3621928162709;4.040802;-1.0570831;2.0391083
a;3621948304311;-0.95191956;-0.37713623;2.246643
a;3621968445912;-3.7368011;-1.4876556;-2.8231506
a;3621988587514;0.7618561;-0.2315979;1.1222687
a;3622008729115;3.6207886;-2.4048462;5.4454803
a;3622028870717;3.3098602;-0.8983307;2.3123322
a;3622049012318;2.7235565;3.409256;1.1135406
a;3622069153920;3.1350708;-0.35694885;0.427536
a;3622089295521;5.3496094;1.2915039;2.0237122
a;3622109437123;6.789093;2.7097778;5.223419
a;3622129578725;6.7559814;0.42774963;7.262039
a;3622149720326;6.000168;-2.58284;7.0555115
a;3622169861928;6.797882;-3.7689514;7.5191956
a;3622190003529;7.5778046;-2.7259827;9.791092
a;3622210145131;8.6063385;0.10128784;12.489059
a;3622230286732;10.074844;3.8863068;13.923798
a;3622250428334;12.006668;8.487656;16.220886
a;3622270569936;10.930908;8.080475;14.027039
a;3622290711537;10.35759;4.2760773;11.511078
a;3622310853139;11.376373;0.12550354;7.2404633
a;3622330994740;10.93486;-0.0209198;4.964813
a;3622351136342;11.388123;0.2875061;6.7594147
a;3622371277943;11.495697;-2.1734772;8.4891815
a;3622391419545;9.993256;-1.6491699;8.3013
a;3622411561146;11.411667;-1.5470734;9.8719635
a;3622431702748;12.085358;0.8552246;6.927017
a;3622451844350;10.103638;2.5440674;0.10272217
a;3622471985951;10.485397;2.4582672;-3.4831848
a;3622492127553;12.085449;-0.41044617;-3.4579926
a;3622512269154;10.378876;-2.654892;-2.086563
a;3622532410756;7.714447;-0.5920563;-0.04951477
a;3622552552357;6.6644287;1.1102905;-0.07766724
a;3622572693959;5.8250732;-0.6643982;-0.6059418
a;3622592835561;4.3664246;-3.2843475;1.1001434
a;3622612977162;2.6516724;-5.1628113;3.7809906
a;3622633118764;2.2358856;-7.58786;3.7727966
a;3622653260365;1.3362579;-0.9917755;3.0830078
a;3622673401967;3.3391876;5.834961;4.65123
a;3622693543568;9.823654;11.169403;9.760742
a;3622713685170;11.38121;9.883377;11.416183
a;3622733826771;10.913635;1.8861389;5.3686676
a;3622753968373;7.7515106;-3.9792328;-1.3104095
a;3622774109975;10.97821;-5.0141296;1.145935
a;3622794251576;12.346725;-4.0880127;2.354782
a;3622814393178;10.691467;-2.7143707;2.843872
a;3622834534779;9.0108185;2.099945;4.6534576
a;3622854676381;9.782028;3.931717;4.2438507
a;3622874817982;9.94339;1.966217;4.980942
a;3622894959584;11.053482;0.847702;5.4109955
a;3622915101186;10.2391815;-0.5159912;5.8280487
a;3622935242787;8.494919;0.9201355;3.6331787
a;3622955384389;8.024033;1.6034851;1.529602
a;3622975525990;7.723282;3.0471191;0.036819458
a;3622995667592;7.3017883;2.7036743;0.8851166
a;3623015809193;6.834366;3.7528992;2.148056
a;3623035950795;7.0422363;4.490219;3.5889587
a;3623056092396;6.822296;4.594681;4.4148254
a;3623076233998;7.582718;4.4667664;3.8774567
a;3623096375600;7.9965363;4.509262;2.517105
a;3623116517201;8.199951;4.601822;1.4122772
a;3623136658803;7.8599243;3.5241394;1.1958313
a;3623156800404;7.910675;1.6051788;2.8100433
a;3623176942006;8.305374;1.6786957;3.1738586
a;3623197083607;8.368057;2.0211792;1.0023193
a;3623217225209;8.908447;2.6046906;0.8074188
a;3623237366811;8.715073;2.6520844;3.5307922
a;3623257508412;7.7578735;2.368927;3.9512482
a;3623277650014;6.284378;0.62319946;1.0370331
a;3623297791615;6.275955;-0.99349976;0.51438904
a;3623317933217;6.6030273;0.10469055;3.0651855
a;3623338074818;6.68367;1.9300995;7.0251465
a;3623358216420;7.3757477;1.14505;5.9297943
a;3623378358021;9.13327;0.21743774;7.0107117
a;3623398499623;8.982193;0.36265564;7.326828
a;3623418641225;10.445374;-0.052139282;6.2508545
a;3623438782826;12.947937;0.8104706;5.9363403
a;3623458924428;12.762863;-0.67059326;8.587402
a;3623479066029;10.386902;-1.2988892;8.778809
a;3623499207631;8.200989;-0.8156738;8.687851
a;3623519349232;7.7126617;0.6910553;6.217087
a;3623539490834;7.2867737;1.2235107;4.4994354
a;3623559632436;8.34581;1.0626984;4.312683
a;3623579774037;7.7329407;-0.71606445;5.4600983
a;3623599915639;7.092697;-1.4439392;5.7109985
a;3623620057240;8.243103;-1.9879608;5.025528
a;3623640198842;8.83342;0.029464722;6.0493317
a;3623660340443;9.305328;0.21070862;6.0325775
a;3623680482045;8.730606;0.72216797;6.2640686
a;3623700623646;8.386887;0.65338135;6.5545807
a;3623720765248;9.118835;0.6257019;12.149384
a;3623740906850;9.072586;2.5332947;8.948547
a;3623761048451;10.182587;-2.1709747;6.3847656
a;3623781190053;10.752121;-3.7001953;4.8056183
a;3623801331654;10.147919;-0.43113708;3.4753113
a;3623821473256;8.884659;-0.42158508;3.4843597
a;3623841614857;8.73822;-1.6240845;6.3824615
a;3623861756459;8.154129;1.6751251;9.473831
a;3623881898061;6.957794;-2.021988;9.617813
a;3623902039662;9.378998;1.3743896;10.056107
a;3623922181264;10.536972;11.8582;8.108292
a;3623942322865;5.7018127;7.5101166;0.8023529
a;3623962464467;6.5302734;0.95103455;-1.2057648
a;3623982606068;11.528854;-4.0960693;-5.3442383
a;3624002747670;13.388397;-3.7001495;-3.1255798
a;3624022889271;8.034103;-0.9365082;2.1901093
a;3624043030873;5.81691;1.786499;2.2900696
a;3624063172475;6.447159;2.0815125;1.2324371
a;3624083314076;6.2757263;-0.9546814;-0.03388977
a;3624103455678;4.0350037;-1.9611816;-0.25325012
a;3624123597279;2.8483734;-2.800354;3.3865662
a;3624143738881;5.1978607;-1.3765259;5.7332916
a;3624163880482;5.306961;0.21920776;3.104309
a;3624184022084;4.9351654;2.1520538;-0.47904968
a;3624204163686;6.038559;3.9882965;4.040451
a;3624224305287;6.261734;6.3346252;8.885147
a;3624244446889;6.711014;5.363205;12.411179
a;3624264588490;10.057938;0.22940063;14.144012
a;3624284730092;11.511642;-3.7393951;7.855072
a;3624304871693;11.46225;0.088272095;-1.9579163
a;3624325013295;12.161636;4.9250183;4.2660522
a;3624345154896;9.777191;5.0289307;9.826294
a;3624365296498;8.097855;3.7977295;4.9192657
a;3624385438100;10.735168;2.8607178;5.147827
a;3624405579701;11.5247345;1.8661804;6.324188
a;3624425721303;9.682175;1.466568;6.0488434
a;3624445862904;8.522018;0.46299744;5.1585236
a;3624466004506;7.3247223;1.3430176;4.364029
a;3624486146107;6.835388;-0.25317383;4.7437744
a;3624506287709;7.3438263;-0.530426;4.439728
a;3624526429311;7.705536;1.3357239;4.9435577
a;3624546570912;7.337448;3.4375763;6.3293
a;3624566712514;6.596588;3.187851;5.505295
a;3624586854115;6.643158;2.3625793;6.134018
a;3624606995717;7.0882874;2.2990417;6.4475403
a;3624627137318;7.4241486;1.4256439;5.412369
a;3624647278920;8.483643;0.9987488;3.8944092
a;3624667420521;8.566879;1.7442169;4.8143005
a;3624687562123;7.9403687;1.9691315;4.7480927
a;3624707703725;7.2490387;1.3625641;4.6562805
a;3624727845326;7.8573456;-0.2712555;4.8898315
a;3624747986928;8.136612;0.5018463;5.84111
a;3624768128529;8.024841;1.7989807;6.910904
a;3624788270131;8.733063;1.53862;6.094162
a;3624808411732;8.880066;0.216156;5.883209
a;3624828553334;8.135147;-1.5828094;5.858032
a;3624848694936;7.926941;-4.8507385;1.8462982
a;3624868836537;9.595032;-2.8807983;0.5713196
a;3624888978139;9.168686;1.7425842;3.223648
a;3624909119740;9.188522;2.763977;5.607361
a;3624929261342;7.6818085;-0.23902893;5.156143
a;3624949402943;8.423233;-0.25698853;6.529892
a;3624969544545;8.560226;0.28045654;7.930084
a;3624989686146;7.5422974;-0.87713623;6.14711
a;3625009827748;7.788086;-2.3450928;2.2704926
a;3625029969350;6.9848785;-0.06468201;10.103638
a;3625050110951;5.8730774;-7.392578;5.256531
a;3625070252553;8.30542;-6.483795;1.3045654
a;3625090394154;9.776459;-3.5311737;2.7784119
a;3625110535756;6.810074;1.3963928;5.997772
a;3625130677357;6.6418;0.19142151;5.2119904
a;3625150818959;7.714615;-4.615616;3.3138733
a;3625170960561;10.307785;-7.274887;2.752472
a;3625191102162;9.874207;-5.4417267;4.5902863
a;3625211243764;7.2098846;-5.241379;6.992798
a;3625231385365;7.509094;-4.122772;5.7767487
a;3625251526967;8.287964;-3.044983;2.4155579
a;3625271668568;8.292465;-3.4359283;1.4765015
a;3625291810170;7.212219;-4.423813;2.4689636
a;3625311951771;6.4263916;-4.0497284;3.1492004
a;3625332093373;6.397171;-3.6115875;3.3328857
a;3625352234975;6.4313965;-5.086914;3.212616
a;3625372376576;6.2946014;-5.2019653;3.9567413
a;3625392518178;6.695938;-5.8218536;5.0325165
a;3625412659779;6.9123077;-6.461502;3.3249054
a;3625432801381;7.948456;-7.320816;1.7562103
a;3625452942982;9.039902;-9.541809;2.8128052
a;3625473084584;8.406982;-9.724411;4.351364
a;3625493226186;8.1129;-7.022644;5.9961853
a;3625513367787;9.738815;-4.195816;6.2190857
a;3625533509389;11.656052;-4.8567963;4.2902374
a;3625553650990;11.491272;-6.6874695;0.4983673
a;3625573792592;14.348907;-10.120148;-0.08128357
a;3625593934193;12.055832;-6.1257935;-0.8553009
a;3625614075795;9.974228;-1.9107513;1.3629456
a;3625634217396;9.730621;-1.4874725;1.9199982
a;3625654358998;9.191788;-4.4131317;1.0091858
a;3625674500600;8.277191;-5.927582;0.73576355
a;3625694642201;7.4325714;-5.337906;1.7668762
a;3625714783803;7.192444;-3.7866821;0.6890564
a;3625734925404;7.928879;-1.0578766;2.7217407
a;3625755067006;8.036377;-1.3851776;3.6580658
a;3625775208607;7.91008;-1.3640747;4.2333527
a;3625795350209;8.798325;1.6915436;6.822281
a;3625815491811;8.160309;3.9060822;7.515274
a;3625835633412;8.317841;7.3047485;6.001999
a;3625855775014;8.437073;6.706253;1.3067322
a;3625875916615;8.397049;1.4185944;1.2269897
a;3625896058217;7.352463;-3.009552;3.6138153
a;3625916199818;7.012497;-1.5940094;6.6480103
a;3625936341420;7.129715;-0.020736694;6.58609
a;3625956483021;7.521759;-0.5246277;5.4322815
a;3625976624623;8.283661;0.06248474;4.2361755
a;3625996766225;8.097992;0.3989563;4.2708435
a;3626016907826;7.1358643;0.040634155;5.3235474
a;3626037049428;6.945984;-1.3385315;5.1573486
a;3626057191029;8.509125;-3.187683;3.6551666
a;3626077332631;9.392456;-2.716507;3.0403748
a;3626097474232;9.674057;-1.1080017;2.6744232
a;3626117615834;8.728424;2.9623108;5.4875793
a;3626137757436;8.611313;2.696869;5.9925385
a;3626157899037;8.9726715;0.6176758;5.9023895
a;3626178040639;9.320358;-0.42744446;4.523346
a;3626198182240;9.396439;-1.4123077;2.0699463
a;3626218323842;10.233444;-2.2498474;1.368988
a;3626238465443;10.727249;-3.7628021;3.5746155
a;3626258607045;10.669037;-3.1829681;6.1244354
a;3626278748646;10.091141;-3.0260162;7.171982
a;3626298890248;10.105911;-2.049057;5.3780365
a;3626319031850;9.063705;-3.632309;4.4052124
a;3626339173451;8.504761;-5.550354;4.4626617
a;3626359315053;8.33432;-4.814987;5.0339203
a;3626379456654;7.7219543;-2.6860046;4.5653534
a;3626399598256;7.2825775;-1.1255188;3.8410797
a;3626419739857;6.590103;-0.9840393;2.832077
a;3626439881459;7.2746124;-3.4139862;2.9124298
a;3626460023061;7.564392;-3.0187836;3.8707733
a;3626480164662;7.398941;-0.15350342;0.48857117
a;3626500306264;6.9454346;0.9819641;-0.0617218
a;3626520447865;8.042694;-3.5847473;1.83284
a;3626540589467;8.490677;-2.8108368;2.6686249
a;3626560731068;8.223251;-0.897583;1.7968445
a;3626580872670;8.536865;-0.3263092;-0.26498413
a;3626601014271;10.234512;-2.4638672;-0.7571564
a;3626621155873;10.051895;-1.9646301;0.37779236
a;3626641297475;10.34967;-1.2180786;0.3166504
a;3626661439076;9.925858;-0.610199;2.016632
a;3626681580678;10.736801;-4.6766663;1.4820862
a;3626701722279;10.86911;-3.7680817;0.7223053
a;3626721863881;10.028397;-0.13142395;-0.3557434
a;3626742005482;8.930679;1.3464966;0.88487244
a;3626762147084;8.164734;1.755127;4.097107
a;3626782288686;7.277725;2.3125153;6.829178
a;3626802430287;5.9724274;2.1338348;7.5884247
a;3626822571889;6.0117493;1.1479645;5.6788177
a;3626842713490;6.157318;-1.2316895;5.2392883
a;3626862855092;6.0656433;0.4983673;7.1072083
a;3626882996693;6.056595;0.7555237;8.493164
a;3626903138295;7.203659;1.1076202;9.066711
a;3626923279896;8.279938;-0.7849426;7.431946
a;3626943421498;9.13353;-0.95599365;6.6809387
a;3626963563100;8.844803;0.47273254;7.426361
a;3626983704701;8.224304;2.690979;9.673691
a;3627003846303;8.589325;3.402237;12.717773
a;3627023987904;9.717682;1.9829254;11.348022
a;3627044129506;8.916428;0.5783539;6.6205597
a;3627064271107;9.540466;0.96347046;3.7675781
a;3627084393422;10.472946;0.3140564;5.083557
a;3627104535024;10.42218;-1.3287506;7.7992096
a;3627124676625;9.494751;-2.4089355;7.8059235
a;3627144818227;9.835739;-3.7949677;7.054138
a;3627164959828;11.564911;-4.0915375;7.090927
a;3627185101430;11.097519;-1.4458313;5.028595
a;3627205243031;9.648941;-0.6546173;1.9752655
a;3627225384633;9.681946;-2.3094482;0.39549255
a;3627245526234;9.916901;-3.659851;2.097351
a;3627265667836;8.806839;-1.9412079;3.9921417
a;3627285809438;7.4700775;1.5752716;3.476303
a;3627305951039;6.085846;2.8801422;2.615265
a;3627326092641;5.5336914;1.7522125;1.6273193
a;3627346234242;4.6034393;-0.07473755;1.1325226
a;3627366375844;3.9979248;-2.8734283;2.6230774
a;3627386517445;5.0583496;-4.223984;3.6170807
a;3627406659047;5.941681;-4.118866;3.261383
a;3627426800649;6.719116;-0.5085907;6.4042206
a;3627446942250;6.0801086;2.9933624;6.834427
a;3627467083852;6.418701;4.822281;4.249878
a;3627487225453;9.85112;-0.10746765;2.6034393
a;3627507367055;10.390701;-2.5535126;4.6073456
a;3627527508656;7.3926697;-0.8199158;2.1466827
a;3627547650258;7.405777;2.7588348;3.853119
a;3627567791859;6.6495667;4.8715973;7.2136536
a;3627587933461;6.5059814;4.937866;7.2379913
a;3627608075063;6.594681;3.389511;6.79805
a;3627628216664;5.988571;1.3473358;4.9615173
a;3627648358266;7.261307;-9.613037E-4;5.8531036
a;3627668499867;8.468658;-0.07444763;8.081467
a;3627688641469;8.844254;2.1828308;9.725769
a;3627708783070;8.4596405;3.5407257;10.2258
a;3627728924672;8.464127;-0.056991577;6.4668274
a;3627749066274;8.073608;-0.6087189;5.3440857
a;3627769207875;8.897858;0.9809265;6.1067657
a;3627789349477;9.210815;0.7861023;6.6718597
a;3627809491078;9.524216;-3.1471252;4.9512024
a;3627829632680;9.347397;-5.080185;4.760254
a;3627849774281;9.877731;-3.0151215;5.8454285
a;3627869915883;10.893463;-1.4570618;6.4941864
a;3627890057484;9.235092;-2.4593506;6.763733
a;3627910199086;8.553436;-4.6266174;6.6336975
a;3627930340688;8.946213;-4.7708893;4.423935
a;3627950482289;10.268005;-3.8371124;3.3100128
a;3627970623891;9.530746;-2.4496918;4.074066
a;3627990765492;8.748123;-1.0040894;4.210037
a;3628010907094;9.648361;0.383255;2.630844
a;3628031048695;8.292862;0.40605164;3.4171295
a;3628051190297;7.8798523;-0.5159912;5.9978333
a;3628071331899;7.874634;-2.6487732;5.3070526
a;3628091473500;7.0582886;-0.6320648;5.45549
a;3628111615102;7.769806;-0.9215393;3.3043823
a;3628131756703;8.246094;-1.9385834;2.373169
a;3628151898305;8.706512;-2.035431;4.859543
a;3628172039906;9.687393;0.40559387;7.681015
a;3628192181508;10.588562;0.6477356;6.544922
a;3628212323109;8.838409;-0.39569092;2.6869812
a;3628232464711;10.776657;-1.6191406;4.357666
a;3628252606313;10.027847;-1.6400299;4.78244
a;3628272747914;10.39386;-1.3508606;2.2214203
a;3628292889516;10.581314;1.2660065;1.9367218
a;3628313031117;9.23201;2.2598724;3.210083
a;3628333172719;8.568268;3.7882385;3.852768
a;3628353314320;7.81575;4.3080597;1.1203613
a;3628373455922;7.343277;1.1942291;-0.696228
a;3628393597524;6.6213684;-0.3368683;1.4653015
a;3628413739125;4.2211;-1.1962738;3.2691193
a;3628433880727;3.737793;-0.8913727;3.82901
a;3628454022328;4.504486;-0.27046204;3.603897
a;3628474163930;6.552246;-2.9595184;1.8637848
a;3628494305531;7.987381;-1.5439148;2.1650848
a;3628514447133;8.036194;-1.6620941;2.666977
a;3628534588734;8.200745;-1.6112213;3.1035004
a;3628554730336;8.494583;-1.3580322;2.7753906
a;3628574871938;8.1328125;-3.1657104;1.4390106
a;3628595013539;9.356903;-3.8651123;2.1104279
a;3628615155141;9.391159;-5.679657;5.9771423
a;3628635296742;9.533844;-4.5826263;3.0584717
a;3628655438344;8.43158;-1.7945557;-0.82255554
a;3628675579945;9.609772;-0.18371582;-3.222458
a;3628695721547;12.354858;1.2719727;1.6805267
a;3628715863149;10.475983;0.7246094;4.6113434
a;3628736004750;10.366241;-0.29862976;5.3259277
a;3628756146352;10.130096;-2.9097443;1.8444672
a;3628776287953;11.286377;-2.7546997;3.9895782
a;3628796429555;10.91272;-3.0500336;5.119461
a;3628816571156;9.654861;-0.6965332;7.2238464
a;3628836712758;8.585373;-0.00491333;9.068787
a;3628856854359;8.463165;-1.6787262;7.3780518
a;3628876995961;8.897125;-2.3415222;7.132736
a;3628897137563;10.140945;-2.778839;7.381195
a;3628917279164;10.548355;-1.7059021;8.165619
a;3628937420766;9.755142;0.82598877;7.4298096
a;3628957562367;10.4422455;0.9996338;5.628845
a;3628977703969;10.819397;2.3896637;6.23938
a;3628997845570;8.793472;1.2928619;6.8306274
a;3629017987172;9.825287;-2.4480896;5.480713
a;3629038128774;11.658615;-4.27919;2.3351898
a;3629058270375;13.204422;-4.58165;3.2060852
a;3629078411977;11.269104;-4.5241547;2.3326874
a;3629098553578;10.116608;-2.804428;1.1363373
a;3629118695180;9.965515;-0.8283081;-0.02381897
a;3629138836781;9.770752;0.19058228;-0.3400116
a;3629158978383;9.306671;1.214798;2.780426
a;3629179119984;8.572372;1.6091309;3.9475403
a;3629199261586;8.545715;2.427246;1.2986908
a;3629219403188;7.6601257;2.3371124;2.6804352
a;3629239544789;7.656143;1.0979156;3.115265
a;3629259686391;7.394943;1.8190765;3.5051727
a;3629279827992;6.720413;3.4851837;3.83992
a;3629299969594;5.2606506;0.8131561;2.330429
a;3629320111195;3.687378;-1.6468201;2.1860504
a;3629340252797;2.960144;-1.7740631;2.6683502
a;3629360394399;3.965561;-1.0423584;0.81269836
a;3629380536000;4.7049866;-0.6587219;2.2935333
a;3629400677602;6.2175446;0.688385;4.1405945
a;3629420819203;7.761917;1.7355957;4.6048126
a;3629440960805;7.9026947;1.6691437;2.8518066
a;3629461102406;7.8922424;-1.1105957;0.89175415
a;3629481244008;8.076965;-2.410736;1.0402985
a;3629501385609;8.451019;-0.53845215;2.2989807
a;3629521527211;9.545654;2.5227966;5.0621033
a;3629541668813;9.713654;0.9877167;7.7184296
a;3629561810414;9.130539;-0.6832886;1.7036896
a;3629581952016;10.26886;-1.5825195;3.1326141
a;3629602093617;10.41246;-1.7393341;4.1068115
a;3629622235219;8.963196;0.07411194;5.0688934
a;3629642376820;7.5259094;1.2383728;3.9463043
a;3629662518422;11.284973;1.191925;9.085907
a;3629682660024;10.563293;1.1102295;7.7808228
a;3629702801625;9.634201;0.60035706;8.460663
a;3629722943227;8.797882;-0.052093506;9.289124
a;3629743084828;8.823975;0.21018982;8.468109
a;3629763226430;9.786407;0.9621582;7.8285065
a;3629783368031;10.047195;2.4174957;8.419754
a;3629803509633;9.886658;3.797409;8.1033325
a;3629823651234;9.540283;2.3901062;5.7971497
a;3629843792836;10.15004;0.5507355;5.5459747
a;3629863934438;9.577484;-0.99998474;7.441742
a;3629884076039;9.664719;-2.9837341;8.319168
a;3629904217641;11.012787;-1.8730621;6.5653076
a;3629924359242;11.076706;-2.1872864;3.594986
a;3629944500844;12.81044;-2.4991455;2.056717
a;3629964642445;12.024277;-2.6878967;0.723114
a;3629984784047;10.657349;-2.3694305;0.899292
a;3630004925649;9.812286;-1.7533875;1.2201538
a;3630025067250;9.573563;-1.0564575;0.90367126
a;3630045208852;8.588608;8.239746E-4;1.8400269
a;3630065350453;6.8188477;1.5971527;3.4677582
a;3630085492055;6.530075;1.370163;3.5724487
a;3630105633656;6.303406;2.539734;3.1876373
a;3630125775258;5.4093018;2.4149628;1.6249695
a;3630145916859;4.047226;-0.8521881;0.009979248
a;3630166058461;2.9950867;-3.3601227;0.29109192
a;3630186200063;4.076538;-2.3422394;1.7932434
a;3630206341664;5.280731;-0.59098816;2.5184174
a;3630226483266;6.7917786;1.1718445;3.4930878
a;3630246624867;8.145233;2.10318;5.002365
a;3630266766469;8.058868;1.936966;4.6505585
a;3630286908070;8.898605;1.2335358;2.838852
a;3630307049672;9.092621;-0.3296814;1.659378
a;3630327191274;8.699921;-2.1568756;1.7107697
a;3630347332875;7.9944305;-3.0151367;4.7643585
a;3630367474477;9.159195;-3.0533905;4.334198
a;3630387616078;9.651489;-1.8232574;3.9675903
a;3630407757680;9.718658;0.404068;6.22583
a;3630427899281;10.779449;1.1521454;9.567062
a;3630448040883;9.396927;1.2793427;7.995178
a;3630468182484;10.240219;-3.1334534;10.0121155
a;3630488324086;12.743423;-2.8808289;1.8770905
a;3630508465688;11.466431;-1.3388672;4.569092
a;3630528607289;11.630005;3.2043762;9.070435
a;3630548748891;8.815323;1.8330383;8.338898
a;3630568890492;9.54126;-0.58496094;5.1232605
a;3630589032094;10.136551;0.64727783;3.3917542
a;3630609173695;8.811722;2.223465;3.2626495
a;3630629315297;7.4973145;2.878189;3.4470825
a;3630649456899;7.0151978;1.0041504;3.1645355
a;3630669598500;7.3144684;-0.386261;4.2581177
a;3630689740102;7.759613;-0.9206848;5.2319336
a;3630709881703;8.143265;-1.2110596;5.403366
a;3630730023305;7.949341;-1.5401154;4.114441
a;3630750164906;8.060715;-1.0599213;3.1021423
a;3630770306508;7.6211395;-0.047592163;3.2853088
a;3630790448109;8.373016;0.7654419;5.52594
a;3630810589711;8.169693;0.82691956;5.3752747
a;3630830731313;7.531479;0.84472656;3.691513
a;3630850872914;7.780533;0.46681213;3.7206726
a;3630871014516;8.051865;-0.14964294;3.5224762
a;3630891156117;7.431778;-0.7393341;3.8933563
a;3630911297719;7.3040466;-0.7889862;5.0177917
a;3630931439320;7.442917;-0.035720825;5.50235
a;3630951580922;8.009186;0.44514465;6.0861816
a;3630971722524;8.124435;0.35977173;5.868271
a;3630991864125;7.865906;-0.13594055;6.246231
a;3631012005727;7.510315;0.35879517;6.0336914
a;3631032147328;7.408432;0.13386536;5.519577
a;3631052288930;7.242798;-0.7031708;5.178543
a;3631072430531;7.903702;-1.4617157;5.0988007
a;3631092572133;7.478775;-0.8510742;5.173233
a;3631112713734;8.035431;-0.43751526;7.075302
a;3631132855336;7.660492;-0.2431488;6.6936646
a;3631152996938;7.6674957;-0.8569336;5.435074
a;3631173138539;7.477585;-0.42201233;5.0487976
a;3631193280141;6.737503;-0.04798889;7.564377
a;3631213421742;7.7809143;-0.020401001;9.03241
a;3631233563344;8.03595;0.66807556;7.2194366
a;3631253704945;7.8480835;0.45742798;6.3884277
a;3631273846547;7.5295715;-0.74079895;6.871338
a;3631293988149;7.584259;-0.92437744;7.2871857
a;3631314129750;7.2814484;-0.14285278;8.193924
a;3631334271352;7.1709595;0.74902344;8.835648
a;3631354412953;6.2050323;0.63183594;7.859543
a;3631374554555;5.334259;1.5716858;7.9056854
a;3631394696156;5.6872253;3.0488892;8.549271
a;3631414837758;5.7283783;3.3229065;9.469376
a;3631434979359;5.1539764;2.2746887;10.443268
a;3631455120961;4.8486633;1.8164978;10.739563
a;3631475262563;5.093155;2.9150696;10.622208
a;3631495404164;4.983856;2.5645294;9.94223
a;3631515545766;4.7201843;1.2171173;8.19249
a;3631535687367;4.0426636;1.0642395;8.00856
a;3631555828969;2.1775665;2.7263641;7.5266876
a;3631575970570;-0.5232544;2.9490204;7.489746
a;3631596112172;-0.6403961;3.5404358;7.999878
a;3631616253774;0.3649292;3.6234741;9.086151
a;3631636395375;1.045105;2.9507751;10.1393585
a;3631656536977;1.4425049;2.7676086;10.8893585
a;3631676678578;1.5934448;2.9522705;11.056656
a;3631696820180;1.579422;3.0612183;10.433884
a;3631716961781;1.8332367;2.6462097;9.440445
a;3631737103383;2.0734406;1.1187134;8.348358
a;3631757244984;1.9790192;1.1570282;7.9553375
a;3631777386586;1.6876678;2.355713;8.12616
a;3631797528188;1.4397888;3.2509613;8.576965
a;3631817669789;1.352356;3.2568207;8.909805
a;3631837811391;1.4984741;2.49646;8.983307
a;3631857952992;1.5317535;1.9365692;9.093979
a;3631878094594;1.4454956;2.1843414;9.441788
a;3631898236195;1.3729858;2.6811676;9.606567
a;3631918377797;1.2638702;2.8110352;9.544281
a;3631938519399;1.4658661;2.7055817;9.547806
a;3631958661000;1.6451416;3.0453339;9.653442
a;3631978802602;1.213623;2.8795319;9.462402
a;3631998944203;1.0944214;2.277771;9.468079
a;3632019085805;1.0180817;2.008255;9.475128
a;3632039227406;1.4002838;2.4315033;9.552811
a;3632059369008;1.8012238;2.477478;9.631805
a;3632079510609;1.2035828;2.8664703;8.791534
a;3632099652211;1.4576416;2.7227478;9.376282
a;3632119793813;0.86128235;2.7652435;10.4921875
a;3632139935414;2.994873;3.3134918;9.327652
a;3632160077016;1.9792786;2.4500732;8.904556
a;3632180218617;1.5561981;1.9672394;9.162674
a;3632200360219;1.5677338;2.310135;9.417526
a;3632220501820;2.094223;2.5465698;9.456848
a;3632240643422;1.9409943;2.3840942;9.203842
