a;7790966205182;-1.9299164;3.1760864;9.064804
a;7790986346784;-1.9449158;3.230133;8.972443
a;7791006488385;-1.961853;3.1433258;8.982819
a;7791026629987;-1.9423828;3.1681366;9.003952
a;7791046771589;-2.4253693;3.4086914;9.020111
a;7791066913190;-1.6174164;3.3181763;7.968292
a;7791087054792;-1.3222351;2.2264557;8.13707
a;7791107196393;-3.026474;3.430725;10.353073
a;7791127337995;-2.0124207;3.9831238;9.553467
a;7791147479596;-1.94104;2.8868103;8.55275
a;7791167621198;-2.2829742;3.2236176;8.976425
a;7791187762800;-1.9216309;3.4674072;9.294479
a;7791207904401;-1.880722;3.0026855;9.138641
a;7791228046003;-1.7989502;2.9563446;8.904068
a;7791248187604;-1.8760223;3.0854797;8.781967
a;7791268329206;-1.8794556;3.133728;8.849289
a;7791288470807;-1.9416809;3.1102142;8.985474
a;7791308612409;-1.9988251;3.0876465;9.059769
a;7791328754010;-2.0627441;3.1070862;8.967514
a;7791348895612;-2.149109;3.2442017;8.909576
a;7791369037214;-2.2034302;3.376999;9.041107
a;7791389178815;-2.3788452;3.452652;9.240692
a;7791409320417;-2.7387848;3.5069427;9.398621
a;7791429462018;-2.9803162;3.5632172;9.5239105
a;7791449603620;-3.5585938;3.7214203;10.02504
a;7791469745221;-4.198349;3.8144379;10.907745
a;7791489886823;-4.730835;3.6248627;11.897446
a;7791510028425;-5.436554;2.8856354;13.172272
a;7791530170026;-5.6514435;2.049942;13.807236
a;7791550311628;-5.117584;1.8453674;14.047714
a;7791570453229;-3.0942535;1.4602814;13.626495
a;7791590594831;-1.7296295;0.0783844;13.386719
a;7791610736432;-0.43351746;-0.2881012;12.443253
a;7791630878034;1.4969635;-0.22332764;11.754639
a;7791651019635;2.5285797;-0.41799927;11.14415
a;7791671161237;2.981903;-0.58940125;10.302643
a;7791691302839;4.193512;-0.010375977;9.464584
a;7791711444440;5.224365;0.82398987;9.375381
a;7791731586042;5.4867706;1.6413879;9.03006
a;7791751727643;5.5775146;1.5225983;8.287582
a;7791771869245;5.7568665;1.1083984;7.230362
a;7791792010846;5.8733215;1.8434753;5.907257
a;7791812152448;6.361328;2.7561493;4.6828766
a;7791832294050;7.4997406;3.0161438;3.7613525
a;7791852435651;8.7267;3.294632;2.6141052
a;7791872577253;9.603546;3.562973;1.6723938
a;7791892718854;9.3763275;3.7411041;1.2472687
a;7791912860456;8.561325;3.915863;1.0106964
a;7791933002057;8.049606;4.435318;1.6108551
a;7791953143659;8.227676;3.3486328;5.4182587
a;7791973285260;5.964493;-0.15603638;3.2378845
a;7791993426862;5.9908905;0.54519653;-1.0048981
a;7792013568464;9.818802;2.2670288;-1.6671143
a;7792033710065;8.925232;0.9200134;0.39175415
a;7792053851667;5.892929;-0.32629395;2.6018982
a;7792073993268;5.403961;0.4954071;3.7782135
a;7792094134870;7.042267;-0.6741638;2.8749695
a;7792114276471;7.632126;-1.8305664;2.877243
a;7792134418073;7.2566376;-1.1093445;5.201126
a;7792154559675;6.949173;-0.12286377;6.054199
a;7792174701276;7.91626;0.9141846;5.872162
a;7792194842878;8.627197;0.3584442;5.1578674
a;7792214984479;8.542786;-0.29258728;4.0505066
a;7792235126081;8.292465;0.16934204;4.3230743
a;7792255267682;8.12616;-0.16174316;4.7210083
a;7792275409284;8.198883;-0.5749817;5.123932
a;7792295550885;8.30072;-1.0428467;5.105316
a;7792315692487;8.849777;-0.23854065;4.638687
a;7792335834089;9.0811615;-0.101760864;3.78508
a;7792355975690;8.858688;-0.4739685;3.8761597
a;7792376117292;8.349808;-0.17092896;4.313263
a;7792396258893;8.601288;-1.3807526;3.6610413
a;7792416400495;8.929749;-2.291092;2.8597717
a;7792436542096;9.222031;-1.3824158;3.6113586
a;7792456683698;8.605469;-0.39068604;4.465622
a;7792476825300;8.332153;-0.8690491;3.9081726
a;7792496966901;8.833466;-1.8365479;3.0742035
a;7792517108503;9.217606;-2.2765656;3.369995
a;7792537250104;8.912155;-1.4250946;4.0355835
a;7792557391706;8.6297;-0.54382324;4.14209
a;7792577533307;8.960922;-1.0562439;3.8887634
a;7792597674909;8.801727;-1.4049377;3.92807
a;7792617816510;8.771606;-2.1062927;3.162445
a;7792637958112;9.540985;-2.1181183;2.5265808
a;7792658099714;9.786316;-1.7786102;3.0444794
a;7792678241315;9.051651;-1.8414917;3.7799683
a;7792698382917;9.151566;-1.9558258;3.6694489
a;7792718524518;9.609528;-2.1594849;3.4071655
a;7792738666120;9.349136;-2.0107574;3.2032166
a;7792758807721;9.146133;-2.2035522;3.13266
a;7792778949323;9.089706;-2.5995026;3.0853424
a;7792799090925;9.186707;-2.2565002;3.202774
a;7792819232526;8.929901;-1.5848541;3.255066
a;7792839374128;8.715225;-1.9935455;2.7076263
a;7792859515729;9.066238;-2.6203766;2.6355133
a;7792879657331;8.797379;-2.3159637;3.1333313
a;7792899798932;8.548904;-2.2431793;3.3608246
a;7792919940534;8.8762665;-2.89122;3.129364
a;7792940082135;9.068115;-3.7313232;2.6533966
a;7792960223737;9.255157;-3.136734;2.9542236
a;7792980365339;8.548172;-2.8825684;3.36026
a;7793000506940;9.050949;-2.9721527;3.5632324
a;7793020648542;9.447708;-2.8600922;3.6443024
a;7793040790143;9.109116;-2.8127594;3.6103516
a;7793060931745;9.095535;-2.5280151;3.604721
a;7793081073346;8.948288;-2.239975;3.5496216
a;7793101214948;8.702545;-2.42482;3.3992004
a;7793121356550;8.849411;-2.5812225;3.1263885
a;7793141498151;8.869797;-2.9520416;2.6268616
a;7793161639753;9.108215;-2.3112488;2.4214783
a;7793181781354;9.257019;-2.0485687;2.9131775
a;7793201922956;9.49791;-2.6352234;3.0085754
a;7793222064557;10.011505;-3.8285217;1.8799133
a;7793242206159;10.695694;-2.9355469;2.4543152
a;7793262347760;10.380539;-0.994812;5.0150604
a;7793282489362;10.126785;-0.5312195;6.1116943
a;7793302630964;10.634857;-1.7151794;4.8221893
a;7793322772565;10.720184;-1.018692;4.386215
a;7793342914167;10.483505;0.4015503;4.84993
a;7793363055768;9.813843;0.5337677;4.8724213
a;7793383197370;8.165939;-0.7706146;4.776779
a;7793403338971;8.16748;-1.8751984;4.9025574
a;7793423480573;8.935547;-2.2118683;3.7351837
a;7793443622175;8.631546;-1.3664398;3.8983612
a;7793463763776;7.7989655;0.20236206;3.9744415
a;7793483905378;8.101578;-0.28533936;3.7881165
a;7793504046979;8.797073;-1.6794128;3.3295288
a;7793524188581;9.130524;-0.77957153;4.627472
a;7793544330182;7.804764;-0.11854553;4.642441
a;7793564471784;8.04776;-0.35020447;3.5349274
a;7793584613385;9.080978;-1.7727509;2.084015
a;7793604754987;9.395981;-1.0114288;2.8792572
a;7793624896589;8.662704;-1.0855865;3.1172943
a;7793645038190;8.72876;-1.5199585;2.4142914
a;7793665179792;9.058807;-1.25531;2.1305695
a;7793685321393;8.49292;-1.6861725;2.4555664
a;7793705462995;8.123383;-2.006012;2.836792
a;7793725604596;8.464478;-0.9947815;3.9319
a;7793745746198;7.668869;-0.54400635;4.36467
a;7793765887800;7.840912;-0.12162781;3.067047
a;7793786029401;7.660614;-0.9268341;2.961197
a;7793806171003;6.642273;-1.1561737;4.0706635
a;7793826312604;7.0338745;-0.3238678;4.6621246
a;7793846454206;8.584961;-2.1045837;4.020569
a;7793866595807;9.017975;-3.1567535;3.8955688
a;7793886737409;7.872757;-1.6403351;4.3917236
a;7793906879010;6.9073334;-0.460495;4.0871277
a;7793927020612;8.42186;-2.5152435;2.2424164
a;7793947162214;10.144562;-3.4681244;1.8285828
a;7793967303815;9.481659;-1.8427429;3.078888
a;7793987445417;8.231873;-1.1128845;2.8803253
a;7794007587018;8.599518;-1.8643799;1.6887054
a;7794027728620;10.173813;-1.4378662;1.2183075
a;7794047870221;9.663483;-0.42349243;1.3686371
a;7794068011823;8.427216;0.41322327;1.718399
a;7794088153425;7.5359344;-0.236557;1.5788422
a;7794108295026;8.205322;-0.80763245;2.3722687
a;7794128436628;9.100449;-0.46322632;3.7114563
a;7794148578229;8.947968;1.2862854;4.35791
a;7794168719831;8.795258;1.6098328;4.900238
a;7794188861432;9.237717;0.76519775;4.990982
a;7794209003034;10.047119;0.49194336;4.0157776
a;7794229144635;10.3582;1.7366943;4.204605
a;7794249286237;9.988907;2.5262146;4.421509
a;7794269427839;9.523712;1.5028687;4.5134125
a;7794289569440;9.860535;1.1288605;3.9191437
a;7794309711042;10.684845;2.1141357;4.541107
a;7794329852643;9.665817;2.3638916;4.3906097
a;7794349994245;9.0941925;1.9102173;3.8579712
a;7794370135846;8.416153;0.33874512;2.9110413
a;7794390277448;9.076477;-0.0063171387;2.712204
a;7794410419050;9.190582;0.22055054;3.3744507
a;7794430560651;8.640366;1.0592346;4.5230865
a;7794450702253;8.026535;0.9336395;4.990814
a;7794470843854;8.103943;0.1826477;4.5824738
a;7794490985456;8.757156;-0.26309204;3.9372864
a;7794511127057;8.879425;0.32115173;4.701065
a;7794531268659;7.7911987;1.2469788;5.038498
a;7794551410260;7.0217285;1.0106964;4.3146515
a;7794571551862;7.8326874;0.11872864;3.4151917
a;7794591693464;8.667419;0.012527466;3.9244385
a;7794611835065;8.497818;2.2411346;5.6441193
a;7794631976667;7.443924;3.5899048;6.582596
a;7794652118268;6.8624268;2.6909027;5.4215546
a;7794672259870;7.985428;1.5930176;4.2306824
a;7794692401471;8.426727;2.0298004;4.577606
a;7794712543073;7.632843;3.866623;6.7484283
a;7794732684675;7.191086;4.113968;7.216858
a;7794752826276;6.9968567;2.8322754;6.2396393
a;7794772967878;7.5924225;1.9706573;5.753418
a;7794793109479;8.533966;2.986969;6.9460907
a;7794813251081;7.951309;3.1535645;6.976074
a;7794833392682;7.7717285;2.5598755;6.698227
a;7794853534284;7.6574097;1.1220245;5.7530518
a;7794873675885;7.374481;1.4484253;5.5144806
a;7794893817487;7.358322;2.2897644;5.411255
a;7794913959089;7.39711;3.052185;6.2217712
a;7794934100690;6.9058075;2.350647;6.2577057
a;7794954242292;6.5591125;1.9791718;6.7109985
a;7794974383893;6.746277;2.3878174;6.4038544
a;7794994525495;7.434845;3.8550415;6.625992
a;7795014667096;7.990921;4.019394;6.8492737
a;7795034808698;7.6213837;2.7593994;6.9194946
a;7795054950300;7.935501;1.62323;5.644699
a;7795075091901;8.570618;2.2709808;6.214325
a;7795095233503;8.62561;3.054184;7.1596985
a;7795115375104;8.867798;2.734665;7.8746796
a;7795135516706;9.821075;2.9181519;7.579178
a;7795155658307;10.37587;4.634781;6.7792664
a;7795175799909;9.7388;4.7158813;5.4675293
a;7795195941510;9.175629;2.9873047;6.1333466
a;7795216083112;10.592545;3.2480469;9.911499
a;7795236224714;10.427353;0.13957214;8.286484
a;7795256366315;10.888123;-2.9232788;5.3750305
a;7795276507917;11.888275;-4.4010468;4.4994965
a;7795296649518;11.6258545;-2.880661;4.9959106
a;7795316791120;10.412735;-1.0188141;5.0872803
a;7795336932721;10.234222;-1.3396149;3.8653412
a;7795357074323;11.073013;-2.8513794;2.6546326
a;7795377215925;10.356384;-3.1846008;3.8872223
a;7795397357526;8.69017;-1.3894348;5.220398
a;7795417499128;8.583054;-0.13581848;5.4608765
a;7795437640729;8.90535;-1.0058289;4.4496
a;7795457782331;8.005447;-1.5661774;3.6720886
a;7795477923932;7.206238;-0.36003113;4.0290833
a;7795498065534;7.4456177;0.17214966;4.121414
a;7795518207135;7.8426056;-0.04270935;3.9997864
a;7795538348737;6.928604;-0.23394775;4.3724823
a;7795558490339;6.544571;0.59806824;4.882675
a;7795578631940;7.0596313;0.34822083;4.841522
a;7795598773542;7.1481934;0.16482544;5.140518
a;7795618915143;6.5295105;1.4298706;5.5078125
a;7795639056745;6.471634;1.6243286;5.035904
a;7795659198346;7.6597595;0.8465271;3.5803833
a;7795679339948;8.185394;1.169281;3.5070343
a;7795699481550;7.564728;1.6063232;4.368286
a;7795719623151;6.680481;1.1667023;4.705246
a;7795739764753;6.9797363;0.48643494;4.6038513
a;7795759906354;8.14212;-3.2043457E-4;3.7535095
a;7795780047956;8.058289;-0.031677246;3.5851288
a;7795800189557;7.0566864;0.5490265;4.1651764
a;7795820331159;7.501709;0.399765;3.7864532
a;7795840472760;8.166489;0.017211914;2.6031494
a;7795860614362;7.8292694;-0.06713867;2.3489838
a;7795880755964;7.369812;0.014389038;2.9568787
a;7795900897565;7.5379333;0.34779358;3.2350464
a;7795921039167;7.584427;0.4187622;2.7554016
a;7795941180768;7.2841797;0.54052734;1.9764099
a;7795961322370;6.804077;0.5665741;2.2190552
a;7795981463971;5.8307037;-0.29841614;3.6498718
a;7796001605573;6.6115875;-0.10900879;3.574829
a;7796021747175;7.9541626;-0.31832886;3.4821777
a;7796041888776;7.5573273;-1.4920197;4.91951
a;7796062030378;7.4173126;-1.0632629;6.0335693
a;7796082171979;8.409729;-0.5730896;5.0238647
a;7796102313581;9.566986;0.6897583;4.147461
a;7796122455182;8.590637;0.22167969;3.8655243
a;7796142596784;8.067139;-0.8425751;3.6571808
a;7796162738385;9.172974;-0.9429474;2.6826782
a;7796182879987;10.607544;0.26600647;3.4057465
a;7796203021589;9.7574005;1.9779968;4.686508
a;7796223163190;8.536041;1.6472778;4.7111206
a;7796243304792;9.9953;1.2819061;5.188431
a;7796263446393;10.246185;1.3213501;5.3549957
a;7796283587995;8.83345;2.065384;5.3594513
a;7796303729596;8.332672;2.5986328;4.7968597
a;7796323871198;7.2554016;0.63816833;3.335022
a;7796344012800;7.887451;0.3959198;3.4354858
a;7796364154401;8.860657;0.912323;4.409195
a;7796384296003;8.131729;1.9433899;5.38855
a;7796404437604;7.2806396;1.9709778;5.2875366
a;7796424579206;7.34729;1.6970825;4.8671265
a;7796444720807;7.8912506;1.1143188;4.5002747
a;7796464862409;8.495865;0.96269226;5.0237274
a;7796485004010;8.334808;1.5596466;5.467804
a;7796505145612;7.7482147;2.6708527;5.7628784
a;7796525287214;7.4616547;2.1034088;4.7630157
a;7796545428815;8.440247;1.2194366;4.142502
a;7796565570417;9.01001;1.343811;4.7895355
a;7796585712018;8.295853;2.9612274;5.74321
a;7796605853620;7.571472;2.9687347;5.4516144
a;7796625995221;8.030884;1.934021;4.6949615
a;7796646136823;8.837433;1.1055145;4.4405365
a;7796666278425;8.667908;1.5581818;5.422714
a;7796686420026;7.993149;2.5929565;6.5904846
a;7796706561628;7.7357635;2.4174805;6.2575684
a;7796726703229;8.176239;1.4920197;5.6661224
a;7796746844831;8.49913;1.0407867;5.487747
a;7796766986432;8.150223;1.6134186;6.196808
a;7796787128034;7.997589;2.0776367;6.2557526
a;7796807269635;7.7730713;2.2617035;6.120743
a;7796827411237;7.6354523;1.431015;5.910309
a;7796847552839;8.107407;1.0362091;6.048218
a;7796867694440;8.380234;1.7948151;6.4365234
a;7796887836042;7.674637;2.517807;6.3593903
a;7796907977643;7.313965;1.6361237;5.1204834
a;7796928119245;7.537384;1.6894073;4.938919
a;7796948260846;7.593796;2.0315857;5.4935913
a;7796968402448;7.882263;3.0680084;6.787262
a;7796988544050;7.8217773;2.6890564;6.68544
a;7797008685651;7.673416;1.8312225;5.539383
a;7797028827253;8.042084;1.8168182;5.199951
a;7797048968854;7.986862;2.5263367;6.378128
a;7797069110456;7.66716;2.9162598;6.529648
a;7797089252057;7.541733;2.5764008;5.5333557
a;7797109393659;7.6493835;2.4845886;6.0503387
a;7797129535260;7.7518005;2.4506683;6.6856995
a;7797149676862;7.959015;2.9066467;7.1354523
a;7797169818464;7.823929;2.4154816;6.005127
a;7797189960065;7.6460724;1.9901886;4.948105
a;7797210101667;7.3999786;2.7195435;5.7953186
a;7797230243268;7.2851563;3.477066;7.9325104
a;7797250384870;7.744278;3.5115051;8.784592
a;7797270526471;8.369904;3.7075195;8.263153
a;7797290668073;8.58165;4.6577454;7.220337
a;7797310809675;8.990204;4.966217;6.2032623
a;7797330951276;9.474396;4.6765137;5.1918488
a;7797351092878;9.797379;5.1098633;6.4368896
a;7797371234479;10.105164;4.400467;7.4365997
a;7797391376081;10.170822;3.47789;7.1486206
a;7797411517682;10.800766;2.484665;6.0818176
a;7797431659284;11.773361;1.8132324;5.943985
a;7797451800885;11.441467;0.4626007;5.743881
a;7797471942487;10.354736;-0.59428406;4.515396
a;7797492084089;10.713089;-0.79985046;3.6537476
a;7797512225690;10.802841;-0.19345093;4.102707
a;7797532367292;9.562286;-0.41453552;4.046707
a;7797552508893;8.912628;-0.83174133;3.463562
a;7797572650495;8.922684;-0.37051392;2.9688873
a;7797592792096;8.656906;0.7035675;3.8092194
a;7797612933698;7.601898;0.535141;3.6312408
a;7797633075300;7.37619;0.28692627;2.7353973
a;7797653216901;7.837799;0.47251892;3.232666
a;7797673358503;6.968399;0.19155884;3.9756927
a;7797693500104;6.604126;0.83158875;4.150589
a;7797713636549;6.953903;1.8818207;3.7365112
a;7797733778150;7.018036;1.4855499;3.840683
a;7797753919752;6.421234;-0.17460632;4.7182617
a;7797774061353;7.0506134;-0.48460388;5.3514557
a;7797794202955;7.165863;0.23579407;5.934784
a;7797814344557;6.5303345;1.1013794;5.247452
a;7797834486158;7.766983;1.1310272;3.9395142
a;7797854627760;8.763336;1.0610809;4.4007416
a;7797874769361;8.01503;1.4273529;5.928314
a;7797894910963;6.877289;1.3504486;6.1770477
a;7797915052564;7.906845;0.8869629;4.794525
a;7797935194166;8.914749;0.06289673;3.3530426
a;7797955335768;8.494904;0.13743591;3.7655182
a;7797975477369;7.6565857;0.08439636;4.054413
a;7797995618971;7.6999664;-0.48498535;3.3224182
a;7798015760572;8.224213;-0.9473419;2.6893616
a;7798035902174;8.583328;-0.50912476;2.33638
a;7798056043775;8.203751;0.050231934;2.7934418
a;7798076185377;7.430771;0.32919312;2.9886932
a;7798096326978;7.4383698;0.09674072;2.4570923
a;7798116468580;7.935623;-0.23468018;1.8677673
a;7798136610182;7.827057;-0.6361847;2.6345825
a;7798156751783;6.2718353;-0.95062256;3.7140045
a;7798176893385;6.226898;0.41523743;3.2744293
a;7798197034986;6.887436;0.23295593;2.9920807
a;7798217176588;7.6747894;-0.21476746;3.645462
a;7798237318189;8.465179;-0.5310669;4.8995056
a;7798257459791;8.636841;-0.22888184;5.360031
a;7798277601393;7.7985535;1.5370636;5.427002
a;7798297742994;6.967621;1.3956451;4.5612183
a;7798317884596;8.54541;-0.23600769;3.671051
a;7798338026197;8.73822;-1.3617706;2.862671
a;7798358167799;8.235123;0.40267944;3.895523
a;7798378309400;8.379776;3.36232;5.634262
a;7798398451002;8.708115;1.9959259;5.0642548
a;7798418592603;9.360809;-0.32258606;3.0930939
a;7798438734205;9.320465;0.1613617;3.3660278
a;7798458875807;7.6634064;1.9588928;4.6710205
a;7798479017408;7.8842773;2.6037598;5.2144623
a;7798499159010;9.056168;1.4629211;4.377243
a;7798519300611;8.5780945;0.25187683;3.707611
a;7798539442213;7.874878;0.6637726;4.271164
a;7798559583814;7.0390778;1.6200714;4.9812317
a;7798579725416;8.34642;1.9606476;5.1516876
a;7798599867018;9.278641;0.8035126;4.9703217
a;7798620008619;8.159332;0.20101929;4.6638794
a;7798640150221;7.5608673;1.8530731;5.4696503
a;7798660291822;7.4855347;2.6298065;5.1441193
a;7798680433424;8.724808;1.1427765;4.271042
a;7798700575025;9.639999;0.67225647;4.2875214
a;7798720716627;8.852921;2.3581696;5.529709
a;7798740858228;7.687729;3.110489;5.3039246
a;7798760999830;7.866577;2.0958252;4.25531
a;7798781141432;9.082626;1.7231293;4.6628265
a;7798801283033;8.886673;2.3905945;5.898224
a;7798821424635;7.7984467;2.5611572;6.4454346
a;7798841566236;7.855057;2.1073303;5.477707
a;7798861707838;7.8398895;2.5437775;5.2008057
a;7798881849439;7.5419006;2.3934326;5.585251
a;7798901991041;7.5374146;1.4962463;5.677658
a;7798922132643;7.644623;1.8857269;5.896759
a;7798942274244;7.4397736;2.4817657;5.8481293
a;7798962415846;7.1987457;2.5478973;5.94339
a;7798982557447;7.0605316;1.5998993;6.396652
a;7799002699049;7.2501526;0.92152405;6.5113525
a;7799022840650;7.411392;1.0744629;6.5345154
a;7799042982252;7.6056976;1.7117615;6.2714386
a;7799063123853;7.676468;2.3383484;5.9429016
a;7799083265455;7.780304;2.3845367;5.7858734
a;7799103407057;7.6606293;2.6482239;6.61322
a;7799123548658;7.303711;2.4792328;6.662018
a;7799143690260;7.6343536;1.7578888;6.439392
a;7799163831861;7.892456;1.6638641;6.704468
a;7799183973463;7.6654663;1.4994049;6.672058
a;7799204115064;7.6293945;1.8869629;7.230179
a;7799224256666;7.6368103;2.4624634;7.111557
a;7799244398268;7.796997;2.990387;8.038086
a;7799264539869;7.289444;2.2671661;8.585358
a;7799284681471;7.265274;1.3335571;6.9499054
a;7799304823072;7.7191315;2.4172516;6.4048004
a;7799324964674;7.2879486;3.349472;7.2295685
a;7799345106275;7.188843;3.3777008;8.21019
a;7799365247877;7.5479736;3.4798431;9.393631
a;7799385389478;8.223602;3.6339264;9.933105
a;7799405531080;8.185608;3.4688568;8.796524
a;7799425672682;8.402786;3.0754547;6.1186066
a;7799445814283;8.582855;3.6997223;5.207718
a;7799465955885;9.102661;5.131653;7.4726715
a;7799486097486;9.241745;5.2364807;8.957031
a;7799506239088;9.80365;4.664322;8.426743
a;7799526380689;10.458023;3.6154633;7.4426575
a;7799546522291;10.898224;1.9409027;6.78421
a;7799566663893;10.604553;0.4257202;5.5900574
a;7799586805494;10.32782;-0.38394165;5.024643
a;7799606947096;10.72464;-0.045288086;5.4682465
a;7799627088697;10.54071;0.34118652;5.010544
a;7799647230299;9.678864;1.0938873;4.1244354
a;7799667371900;9.486023;1.0806274;3.7752838
a;7799687513502;9.263748;-0.55633545;2.7249146
a;7799707655103;8.690598;-0.41822815;3.2219238
a;7799727796705;7.4215546;1.8459015;3.8393707
a;7799747938307;7.0744476;2.8443909;3.4325867
a;7799768079908;7.286606;1.3249207;3.4708557
a;7799788221510;6.381134;0.5718689;3.4751892
a;7799808363111;5.1525116;1.3418732;4.1992188
a;7799828504713;5.415741;2.0988922;4.4167023
a;7799848646314;6.0750275;1.5632935;4.3360596
a;7799868787916;6.120819;1.8811188;5.1168365
a;7799888929518;5.4526825;2.219864;5.166397
a;7799909071119;6.08078;2.2356262;5.015396
a;7799929212721;7.1103973;1.6019592;5.2394104
a;7799949354322;7.3153534;1.2635193;5.5281525
a;7799969495924;7.2097015;1.3518982;4.816269
a;7799989637525;7.7573547;1.3319397;4.186203
a;7800009779127;8.269562;0.9143524;4.008255
a;7800029920728;8.252365;0.70124817;4.347061
a;7800050062330;8.0481415;0.5728302;4.5708923
a;7800070203932;7.7587585;0.36853027;4.028
a;7800090345533;8.00853;0.36761475;3.5100555
a;7800110487135;8.176697;0.34561157;3.488083
a;7800130628736;7.726532;-0.018356323;3.9092255
a;7800150770338;7.105423;-0.19364929;4.0385284
a;7800170911939;7.3590546;0.024017334;3.270462
a;7800191053541;7.735443;0.15240479;2.8983612
a;7800211195143;6.7354736;-0.28988647;3.5956573
a;7800231336744;5.3581696;-0.1436615;3.1696777
a;7800251478346;6.7466583;0.8234558;2.4041595
a;7800271619947;7.358124;0.15579224;3.1100616
a;7800291761549;6.6563873;-0.5526581;4.5549927
a;7800311903150;7.2476044;0.35211182;5.882248
a;7800332044752;7.7190094;0.30244446;6.197464
a;7800352186353;8.011185;0.1073761;6.108795
a;7800372327955;8.512573;0.5019226;5.7167053
a;7800392469557;8.837494;0.58251953;5.074936
a;7800412611158;8.503525;0.5202179;4.062912
a;7800432752760;7.890396;0.55607605;3.3770752
a;7800452894361;8.56572;0.6295929;3.1980286
a;7800473035963;9.878845;-0.0693512;2.8174896
a;7800493177564;10.288681;0.18067932;3.4199524
a;7800513319166;8.990646;1.1610718;4.329178
a;7800533460768;8.560959;2.4825592;5.0025177
a;7800553602369;8.8546295;1.4901886;4.0990295
a;7800573743971;9.845734;0.23806763;3.214569
a;7800593885572;9.351593;0.028686523;3.175415
a;7800614027174;8.466568;1.3986053;4.0871277
a;7800634168775;7.855545;2.0375214;4.774765
a;7800654310377;8.333786;1.0377808;5.3381195
a;7800674451978;9.161438;0.31321716;5.2776337
a;7800694593580;8.793488;0.14407349;4.2950745
a;7800714735182;8.6150055;1.1097565;4.5740204
a;7800734876783;7.7732544;1.0350037;4.5597076
a;7800755018385;8.136322;0.9623718;4.6795654
a;7800775159986;8.596344;0.259964;4.3942566
a;7800795301588;9.455551;1.27388;5.302994
a;7800815443189;8.38887;1.9350891;5.6119995
a;7800835584791;7.8094788;1.7036285;5.019745
a;7800855726393;8.226471;1.0048218;3.911377
a;7800875867994;8.826401;0.52871704;3.762436
a;7800896009596;8.993866;0.9664917;4.7854004
a;7800916151197;8.38324;1.760315;5.646286
a;7800936292799;8.35141;2.0865936;5.934967
a;7800956434400;8.764954;1.1657104;4.7706604
a;7800976576002;9.457672;0.4210205;4.337097
a;7800996717603;8.850357;0.58787537;4.248749
a;7801016859205;8.427811;1.3056488;4.624771
a;7801037000807;8.17894;1.4338989;4.36026
a;7801057142408;7.9344788;0.2722931;4.0362854
a;7801077284010;8.657211;-0.114349365;4.6917725
a;7801097425611;9.033325;1.202179;5.7273407
a;7801117567213;8.781326;1.1194763;6.217102
a;7801137708814;9.048355;1.4545898;7.624893
a;7801157850416;9.286285;1.073288;6.939743
a;7801177992018;10.005615;0.70054626;6.514923
a;7801198133619;10.807617;0.9298401;6.225113
a;7801218275221;10.593826;0.6259613;4.998291
a;7801238416822;9.990051;0.46626282;3.9083862
a;7801258558424;9.275772;0.9335785;3.9041748
a;7801278700025;8.70256;1.6282501;4.745865
a;7801298841627;8.670868;1.6590424;4.8395386
a;7801318983228;8.693481;2.1099854;5.1627502
a;7801339124830;8.174652;2.5838623;5.1678467
a;7801359266432;8.035141;2.0115051;4.6293488
a;7801379408033;8.75296;1.2733154;4.7838593
a;7801399549635;8.603119;1.2128296;4.9733276
a;7801419691236;8.45314;1.6408234;5.066803
a;7801439832838;8.281921;1.4202423;4.9419556
a;7801459974439;8.651794;0.42967224;4.4416504
a;7801480116041;8.545944;-0.14103699;4.374298
a;7801500257643;8.556213;1.3437347;4.3586426
a;7801520399244;8.407486;2.0289917;4.53833
a;7801540540846;8.232025;1.6199646;4.6967163
a;7801560682447;8.011719;0.8820801;4.7121735
a;7801580824049;7.90271;0.4557953;4.403015
a;7801600965650;8.184174;1.0969543;4.4145813
a;7801621107252;8.290588;1.4830933;4.4073486
a;7801641248853;8.428055;1.4486847;4.3496094
a;7801661390455;8.607254;1.3123169;4.624756
a;7801681532057;8.428543;0.91145325;4.439316
a;7801701673658;8.576584;1.1136475;4.564636
a;7801721815260;8.345352;1.2827911;4.817093
a;7801741956861;8.133499;1.1793823;4.8605194
a;7801762098463;8.247116;0.9476929;4.820633
a;7801782240064;8.33847;0.5198364;4.690048
a;7801802381666;8.529251;0.513443;4.988693
a;7801822523268;8.5381775;0.69436646;5.1440735
a;7801842664869;8.480804;0.7984619;5.3673096
a;7801862806471;8.761536;0.8535919;5.095566
a;7801882948072;8.602188;0.9208069;5.161606
a;7801903089674;8.397675;0.8993988;5.270096
a;7801923231275;8.654846;0.6682739;5.2735443
a;7801943372877;8.639008;0.45355225;4.762451
a;7801963514478;8.428482;0.35169983;4.7387238
a;7801983656080;8.03186;0.408432;5.0840607
a;7802003797682;7.946579;0.76701355;5.3440857
a;7802023939283;8.116241;0.9684906;5.341614
a;7802044080885;8.117554;0.8204956;5.217621
a;7802064222486;7.8522797;0.6422119;5.1002502
a;7802084364088;7.8881683;0.46577454;5.1585693
a;7802104505689;8.166458;0.4721527;5.213684
a;7802124647291;8.230911;0.71147156;5.383072
a;7802144788893;7.962311;0.568573;5.6250153
a;7802164930494;7.672119;0.3500824;5.7304077
a;7802185072096;7.7920685;-0.008804321;5.235153
a;7802205213697;8.045593;-0.23747253;5.00679
a;7802225355299;7.6980286;-0.44483948;4.9230957
a;7802245496900;7.587387;-0.024719238;5.3132324
a;7802265638502;7.299698;-0.6640625;5.4274597
a;7802285780103;7.4583893;-1.3303223;4.871353
a;7802305921705;7.783371;-1.3460999;4.413849
a;7802326063307;7.9060516;-0.88972473;4.77124
a;7802346204908;7.743927;-0.77749634;5.101898
a;7802366346510;8.396164;-1.1090698;4.6578217
a;7802386488111;8.837387;-1.4985352;3.383194
a;7802406629713;9.031494;-1.7207642;3.1046906
a;7802426771314;8.656067;-1.1581421;4.454178
a;7802446912916;7.869095;-0.2808838;5.4444733
a;7802467054518;7.5653076;-0.83691406;4.3263855
a;7802487196119;8.658081;-1.3570251;3.2306519
a;7802507337721;8.719955;-0.49057007;4.209656
a;7802527479322;8.10994;0.6685791;5.9352875
a;7802547620924;7.5734406;0.9915161;6.2849274
a;7802567762525;7.865921;0.05229187;4.9341583
a;7802587904127;8.671173;-0.004257202;4.5221863
a;7802608045728;8.949417;1.0367126;5.4512787
a;7802628187330;8.574936;1.1373138;6.163742
a;7802648328932;8.194122;0.1663208;5.7595367
a;7802668470533;7.9677124;-1.2536011;4.862442
a;7802688612135;8.103287;-1.0886536;4.810562
a;7802708753736;8.251892;-0.19714355;5.7581787
a;7802728895338;7.8560333;-1.1188049;5.298477
a;7802749036939;7.2427063;-3.0616913;4.5052032
a;7802769178541;6.890381;-3.8771057;4.168991
a;7802789320143;7.0038757;-1.5548859;4.33403
a;7802809461744;7.0962524;-1.336319;4.650223
a;7802829603346;7.232376;-3.3756561;3.283554
a;7802849744947;7.8451843;-4.083206;2.128128
a;7802869886549;7.6680145;-3.8127747;1.7242584
a;7802890028150;7.9487;-3.4626312;1.3257294
a;7802910169752;8.815567;-2.9036407;1.3432922
a;7802930311353;8.506317;-2.1698914;2.2899475
a;7802950452955;8.213654;-1.9810333;2.929596
a;7802970594557;7.9804535;-2.5361328;4.8913574
a;7802990736158;7.871582;-3.0036926;7.8407135
a;7803010877760;8.287674;-3.699112;7.7803345
a;7803031019361;6.86055;-5.115692;10.323074
a;7803051160963;5.099762;-5.3242645;15.092087
a;7803071302564;5.8773193;-3.5060577;14.7947235
a;7803091444166;5.4471893;-1.3726044;14.143478
a;7803111585768;4.3967133;-2.2752075;13.568405
a;7803131727369;3.6553955;-5.27211;11.950699
a;7803151868971;3.002777;-5.4918213;10.612778
a;7803172010572;2.5467682;-3.799469;9.952713
a;7803192152174;2.3045654;-2.8294525;9.865784
a;7803212293775;1.7237396;-3.1530914;9.746841
a;7803232435377;1.4573517;-4.6797485;8.810211
a;7803252576978;1.309021;-5.466812;8.816803
a;7803272718580;2.5241852;-3.6686096;10.071075
a;7803292860182;3.4320374;-4.3300934;9.20256
a;7803313001783;3.7901459;-4.33284;8.25058
a;7803333143385;3.6795502;-3.4511566;8.378693
a;7803353284986;3.701233;-3.4468842;8.135056
a;7803373426588;3.4236908;-3.7846222;7.9814606
a;7803393568189;3.1836243;-4.2124176;8.443741
a;7803413709791;3.1627197;-4.4392395;8.975006
a;7803433851393;3.1355438;-3.9586334;9.194473
a;7803453992994;3.0691223;-3.439209;8.889267
a;7803474134596;3.1020966;-3.2501526;8.736603
a;7803494276197;3.1867828;-3.7003937;9.129639
a;7803514417799;3.0999298;-4.0746;9.529572
a;7803534559400;3.0017548;-3.8043213;9.327408
a;7803554701002;3.0201263;-3.3138275;9.112717
a;7803574842603;2.9323578;-3.0889587;9.204544
a;7803594984205;2.9857483;-3.5349731;9.535294
a;7803615125807;3.0897522;-3.9725342;9.527069
a;7803635267408;3.0404358;-3.8865356;9.20195
a;7803655409010;2.9431763;-3.636612;8.919678
a;7803675550611;2.854828;-3.6292267;9.077805
a;7803695692213;2.8338318;-3.7005463;9.33577
a;7803715833814;2.914917;-4.0453796;9.289627
a;7803735975416;2.872406;-3.6559296;9.2486725
a;7803756117018;2.567505;-3.2991486;9.311005
a;7803776258619;2.4208984;-2.4956207;9.506302
a;7803796400221;2.3401031;-2.385849;10.148727
a;7803816541822;2.6245422;-2.8163147;8.993515
a;7803836683424;2.518753;-2.8793945;8.354904
a;7803856825025;2.4150085;-3.2415466;8.993805
a;7803876966627;2.6442719;-3.934204;9.27533
a;7803897108228;2.8687897;-4.066498;9.337326
a;7803917249830;2.9590912;-3.5141296;9.387451
a;7803937391432;2.9772491;-3.219101;9.032639
a;7803957533033;2.9572449;-2.8205872;9.085739
a;7803977674635;2.852417;-3.033554;9.248428
a;7803997816236;2.909607;-3.3012085;9.279419
a;7804017957838;2.9469604;-3.2578125;9.5439
a;7804038099439;2.933014;-3.0603943;9.512711
a;7804058241041;2.8856049;-2.629715;9.298599
a;7804078382643;2.764267;-2.7659607;9.006699
a;7804098524244;2.680832;-2.7162933;9.058838
a;7804118665846;2.6373749;-2.3218231;9.353226
a;7804138807447;2.6062164;-1.9832611;9.403229
a;7804158949049;2.4933014;-1.9866486;8.93129
a;7804179090650;2.5257263;-2.5845642;8.922409
a;7804199232252;2.671692;-1.9837799;9.196884
a;7804219373853;2.6904144;-1.9212036;9.580383
a;7804239515455;2.8191833;-1.9964752;9.178375
a;7804259657057;2.8879242;-2.3818665;9.35054
a;7804279798658;2.3457947;-2.7013397;8.7892
a;7804299940260;2.413803;-2.6167603;7.645935
a;7804320081861;1.471695;-2.84375;8.122116
a;7804340223463;0.91838074;-2.8845062;9.150421
a;7804360365064;1.4937286;-3.505005;9.500305
a;7804380506666;1.6678009;-4.3427277;9.308105
a;7804400648268;1.0270386;-3.6128387;9.743546
a;7804420789869;0.117752075;-2.4675903;10.787018
a;7804440931471;-0.87098694;-3.614624;11.611099
a;7804461073072;-0.7746582;-3.0427399;11.41449
a;7804481214674;-0.8591614;-1.7912292;10.632614
a;7804501356275;-1.1624908;-0.70051575;10.207703
a;7804521497877;-1.4791565;0.4203186;9.95015
a;7804541639478;-2.1452484;0.9212189;10.096771
a;7804561781080;-2.659958;0.78970337;10.24733
a;7804581922682;-2.872528;0.6877899;9.661774
a;7804602064283;-2.9271698;0.8089905;9.238831
a;7804622205885;-3.2444763;0.79133606;9.558563
a;7804642347486;-3.4590607;0.7529907;9.9487
a;7804662489088;-3.2880402;0.9044342;9.869888
a;7804682630689;-3.2034302;1.1137848;9.575806
a;7804702772291;-3.1885834;1.1449432;9.137619
a;7804722913893;-2.9375763;1.3568115;8.849808
a;7804743055494;-2.688736;1.4353027;8.983658
a;7804763197096;-2.603714;1.3102264;9.336594
a;7804783338697;-2.4844666;1.3172607;9.382416
a;7804803480299;-2.2585144;1.3318634;9.023346
a;7804823621900;-2.1377563;1.2809753;8.999817
a;7804843763502;-2.1019135;0.97073364;9.397614
a;7804863905103;-1.8989105;0.67822266;9.7287445
a;7804884046705;-1.7934875;0.58073425;9.697006
a;7804904188307;-1.7762451;0.71510315;9.594162
a;7804924329908;-1.9096222;1.1256409;9.694336
a;7804944471510;-1.9693909;1.0563202;9.761307
a;7804964613111;-2.0883484;0.64678955;9.837387
a;7804984754713;-2.1033783;0.5161743;9.832077
a;7805004896314;-2.0731964;0.67767334;9.684433
a;7805025037916;-2.4181976;1.002533;8.057236
a;7805045179518;-1.2444763;0.92503357;9.043991
