a;76164780556057;2.6390076;1.2845459;8.987335
a;76164800697659;2.5354156;1.5832062;9.011856
a;76164820839260;2.3013153;1.6996765;8.453964
a;76164840980862;2.7987366;1.3159637;7.996887
a;76164861122463;2.1662598;1.329834;8.754883
a;76164881264065;2.95047;1.3063965;9.120941
a;76164901405666;3.354309;1.5996704;8.985092
a;76164921547268;2.5485687;1.965683;8.830627
a;76164941688869;3.1364136;1.6831207;8.966888
a;76164961830471;3.1980286;1.4195404;9.12796
a;76164981972073;3.0184937;1.6329193;9.053589
a;76165002113674;3.0552368;1.945282;9.119492
a;76165022255276;2.9944;2.3579407;9.173416
a;76165042396877;2.9049988;2.550766;9.25531
a;76165062538479;2.858017;2.0182495;9.317642
a;76165082680080;2.8663025;1.964325;9.582153
a;76165102821682;2.5249176;1.9400177;9.79097
a;76165122963284;2.42128;2.1775208;10.113358
a;76165143104885;2.359604;2.0081024;10.519211
a;76165163246487;2.3269196;1.2232056;10.867996
a;76165183388088;2.2662506;0.80259705;11.173401
a;76165203529690;1.9738007;0.64001465;11.467392
a;76165223671291;1.7257233;0.509079;11.291824
a;76165243812893;1.4996948;-0.4499359;11.291367
a;76165263954494;1.2654114;-1.6592712;10.992142
a;76165284096096;0.7356262;-2.6366272;10.479935
a;76165304237698;-0.02772522;-3.2658234;9.593597
a;76165324379299;-0.57321167;-4.1712646;8.591888
a;76165344520901;-0.9184265;-4.2282257;7.7089844
a;76165364662502;-1.3783569;-4.5829773;6.979248
a;76165384804104;-1.5526733;-4.662964;6.4263306
a;76165404945705;-1.498291;-4.484253;6.416565
a;76165425087307;-1.6179504;-4.2052917;6.462204
a;76165445228909;-1.6757202;-4.5646667;6.502823
a;76165465370510;-0.9687195;-4.2878265;6.862549
a;76165485512112;-0.893631;-4.0433655;7.1730194
a;76165505653713;-1.02565;-3.9038086;7.5113525
a;76165525795315;-1.1182098;-4.0776978;7.681656
a;76165545936916;-1.1837311;-4.4919434;7.713791
a;76165566078518;-1.1846619;-4.09169;7.8659973
a;76165586220119;-1.3155975;-4.2937775;7.981964
a;76165606361721;-1.4994202;-4.778702;8.093185
a;76165626503323;-1.3912964;-4.883957;8.059692
a;76165646644924;-1.3013916;-4.9153595;8.153976
a;76165666786526;-1.4264832;-4.9114227;8.054062
a;76165686928127;-1.5714111;-5.083084;8.049683
a;76165707069729;-1.6259308;-5.2782135;7.9111633
a;76165727211330;-1.6959381;-5.346588;7.8572845
a;76165747352932;-1.8193359;-5.409729;8.102768
a;76165767494534;-1.6118927;-5.623001;8.229523
a;76165787636135;-1.149704;-5.0398407;8.74794
a;76165807777737;-0.8867645;-4.6409454;10.048553
a;76165827919338;-0.6506195;-4.7029877;9.90213
a;76165848060940;-0.93504333;-4.1863403;9.017471
a;76165868202541;-1.1201935;-3.9878082;8.609787
a;76165888344143;-0.660614;-4.279068;8.428162
a;76165908485744;-0.5950165;-4.520447;8.278351
a;76165928627346;-0.6350403;-4.854706;7.503067
a;76165948768948;-0.63124084;-4.4701996;7.270584
a;76165968910549;-0.7435913;-3.9969025;7.1349335
a;76165989052151;-0.72857666;-3.9456482;6.9276276
a;76166009193752;-0.70599365;-4.2705383;6.647049
a;76166029335354;-0.7114105;-4.9351196;5.922577
a;76166049476955;-0.65826416;-5.1391907;5.891617
a;76166069618557;-0.679657;-4.8024445;6.1237183
a;76166089760159;-0.70718384;-4.136444;6.0747223
a;76166109901760;-0.6476288;-3.4702606;5.6767426
a;76166130043362;-0.6530304;-3.3249054;5.2303925
a;76166150184963;-0.34098816;-3.812622;5.3904724
a;76166170326565;0.09220886;-3.7973328;5.181671
a;76166190468166;0.25022888;-3.6323547;5.003586
a;76166210609768;0.4571228;-2.9685364;4.557602
a;76166230751369;0.82273865;-3.1141205;4.4757233
a;76166250892971;2.0361786;-3.7584076;5.61409
a;76166271034573;3.0367737;-4.2328186;5.9099426
a;76166291176174;3.7826996;-4.815933;5.2424774
a;76166311317776;4.766754;-6.4853516;5.136963
a;76166331459377;6.297867;-7.8083496;5.578293
a;76166351600979;6.9240417;-7.0564575;6.189575
a;76166371742580;6.932007;-5.5360107;5.961441
a;76166391884182;7.4065094;-4.9816284;5.1338043
a;76166412025784;9.009125;-5.7841034;4.539627
a;76166432167385;10.310333;-6.611023;4.7570343
a;76166452308987;10.768631;-6.5029297;4.737076
a;76166472450588;11.167374;-5.637451;4.04451
a;76166492592190;11.651154;-5.268341;3.5807037
a;76166512733791;12.132797;-5.4375153;3.262329
a;76166532875393;12.243256;-5.8985596;2.8846283
a;76166553016994;12.274109;-6.3794556;2.5747528
a;76166573158596;12.377441;-6.5956116;2.7627258
a;76166593300198;12.222168;-6.505249;2.868164
a;76166613441799;11.695267;-6.2133026;2.9398193
a;76166633583401;11.300156;-5.7525024;2.3787994
a;76166653725002;11.052429;-4.7581635;1.67482
a;76166673866604;10.447006;-4.6411285;1.8708954
a;76166694008205;9.995178;-4.2104797;2.190689
a;76166714149807;9.529205;-3.4470825;2.2438202
a;76166734291409;9.117157;-3.1867065;1.8161621
a;76166754433010;8.911179;-2.923767;1.6669464
a;76166774574612;8.704163;-3.0099335;1.6429138
a;76166794716213;8.784714;-2.8057556;1.6287689
a;76166814857815;8.814957;-2.9578247;1.2977905
a;76166834999416;9.140045;-3.1882935;0.9435425
a;76166855141018;9.512466;-3.100418;0.8651123
a;76166875282619;9.575745;-2.8611755;0.8135071
a;76166895424221;9.613174;-2.6258087;0.81274414
a;76166915565823;9.6054535;-2.5414429;0.7637634
a;76166935707424;9.627686;-3.0088806;0.48284912
a;76166955849026;9.607803;-2.8757782;0.45529175
a;76166975990627;9.328934;-2.5736084;0.5032959
a;76166996132229;9.302368;-2.1186829;0.57562256
a;76167016273830;9.28923;-1.8303833;0.7306366
a;76167036415432;9.383392;-1.9792175;0.7733917
a;76167056557034;9.441116;-2.0458832;0.5928345
a;76167076698635;9.311935;-2.187088;0.35853577
a;76167096840237;9.433762;-2.1864624;0.408432
a;76167116981838;9.483078;-2.0906067;0.59495544
a;76167137123440;9.579712;-2.0571442;0.7240906
a;76167157265041;9.679886;-1.9719238;0.7932434
a;76167177406643;9.643463;-1.8812866;0.7719574
a;76167197548244;9.626968;-2.0544739;0.62835693
a;76167217689846;9.654312;-2.1738281;0.6580963
a;76167237831448;9.603394;-2.1048431;0.7003937
a;76167257973049;9.514999;-1.9672852;0.8260803
a;76167278114651;9.523712;-1.9236755;0.81941223
a;76167298256252;9.562622;-1.8887482;0.8097534
a;76167318397854;9.592514;-2.1212463;0.8367157
a;76167338539455;9.618317;-2.3188324;0.7718506
a;76167358681057;9.552658;-2.257965;0.7325897
a;76167378822659;9.466766;-2.1217194;0.7094879
a;76167398964260;9.488968;-2.2024994;0.70822144
a;76167419105862;9.564026;-2.2858734;0.7024231
a;76167439247463;9.561432;-2.385849;0.57992554
a;76167459389065;9.53125;-2.338501;0.62338257
a;76167479530666;9.435822;-2.2359772;0.6249542
a;76167499672268;9.394577;-2.2235565;0.67819214
a;76167519813869;9.459274;-2.3320313;0.6344147
a;76167539955471;9.523514;-2.355484;0.5700226
a;76167560097073;9.456223;-2.4048767;0.5355072
a;76167580238674;9.452164;-2.333603;0.62254333
a;76167600380276;9.40358;-2.3145142;0.6760254
a;76167620521877;9.427658;-2.2717438;0.73805237
a;76167640663479;9.437866;-2.3769226;0.6721344
a;76167660805080;9.476898;-2.3898163;0.6211548
a;76167680946682;9.49176;-2.3334808;0.6185913
a;76167701088284;9.515762;-2.32016;0.69784546
a;76167721229885;9.513138;-2.2496338;0.73706055
a;76167741371487;9.448883;-2.2638092;0.7027588
a;76167761513088;9.473785;-2.2757263;0.6754761
a;76167781654690;9.477783;-2.3513794;0.6521301
a;76167801796291;9.509094;-2.3129425;0.67819214
a;76167821937893;9.451752;-2.2232819;0.7625885
a;76167842079494;9.452316;-2.1108704;0.7910919
a;76167862221096;9.470871;-2.1395264;0.77479553
a;76167882362698;9.544586;-2.2453918;0.7172241
a;76167902504299;9.5885315;-2.349289;0.7096405
a;76167922645901;9.536972;-2.2182617;0.72662354
a;76167942787502;9.487427;-2.1311493;0.7507782
a;76167962929104;9.509506;-2.1466217;0.6697998
a;76167983070705;9.539581;-2.1913605;0.6934662
a;76168003212307;9.565796;-2.216858;0.6314392
a;76168023353909;9.5399475;-2.1591644;0.6715393
a;76168043495510;9.439514;-2.1314545;0.73373413
a;76168063637112;9.438522;-2.0740814;0.7012787
a;76168083778713;9.485992;-2.0505981;0.7023468
a;76168103920315;9.519485;-2.1553802;0.6875458
a;76168124061916;9.465408;-2.2263947;0.68826294
a;76168144203518;9.497284;-2.2526093;0.6985626
a;76168164345119;9.4608;-2.203308;0.75842285
a;76168184486721;9.453232;-2.227295;0.7879944
a;76168204628323;9.5052185;-2.2205353;0.77731323
a;76168224769924;9.526886;-2.2223053;0.7550049
a;76168244911526;9.487335;-2.33667;0.7732849
a;76168265053127;9.505112;-2.26622;0.8661041
a;76168285194729;9.474152;-2.2279816;0.7835846
a;76168305336330;9.46756;-2.1655731;0.7700043
a;76168325477932;9.506821;-2.230896;0.7754059
a;76168345619534;9.522293;-2.284546;0.77182007
a;76168365761135;9.500092;-2.2730408;0.8171692
a;76168385902737;9.454041;-2.195755;0.7881317
a;76168406044338;9.412659;-2.107376;0.8072052
a;76168426185940;9.450317;-2.155899;0.80192566
a;76168446327541;9.509842;-2.2135773;0.77020264
a;76168466469143;9.558884;-2.274231;0.74295044
a;76168486610744;9.528732;-2.2144318;0.7807007
a;76168506752346;9.493973;-2.1676025;0.7914429
a;76168526893948;9.480392;-2.173111;0.77641296
a;76168547035549;9.491913;-2.2322083;0.79029846
a;76168567177151;9.504044;-2.2003326;0.78456116
a;76168587318752;9.435501;-2.1492462;0.8276062
a;76168607460354;9.414719;-2.1408691;0.7916107
a;76168627601955;9.501938;-2.1930542;0.7694855
a;76168647743557;9.492157;-2.2276459;0.73461914
a;76168667885159;9.469513;-2.2315826;0.80070496
a;76168688026760;9.468292;-2.232132;0.81121826
a;76168708168362;9.51683;-2.1616669;0.8221588
a;76168728309963;9.433197;-2.2011414;0.80622864
a;76168748451565;9.415512;-2.2132263;0.8056946
a;76168768593166;9.478302;-2.2642975;0.8338623
a;76168788734768;9.470474;-2.1432343;0.81282043
a;76168808876369;9.456268;-2.1096954;0.8447571
a;76168829017971;9.524689;-2.1932526;0.8779907
a;76168849159573;9.530243;-2.2955627;0.7983246
a;76168869301174;9.505447;-2.3335266;0.7444763
a;76168884407375;9.458969;-2.2587738;0.8046875
a;76168904548977;9.4171295;-2.1184235;0.8935089
a;76168924690578;9.4263;-2.129593;0.86499023
a;76168944832180;9.495163;-2.15654;0.87257385
a;76168964973782;9.468094;-2.2555695;0.8278656
a;76168985115383;9.5021515;-2.2802277;0.80607605
a;76169005256985;9.521362;-2.216507;0.8249054
a;76169025398586;9.505066;-2.176941;0.82362366
a;76169045540188;9.466843;-2.1968536;0.8773804
a;76169065681789;9.472824;-2.216156;0.82980347
a;76169085823391;9.4986725;-2.2152557;0.8664093
a;76169105964992;9.504456;-2.2029266;0.8543854
a;76169126106594;9.472733;-2.1229095;0.8978729
a;76169146248196;9.412582;-2.1416779;0.88694763
a;76169166389797;9.449753;-2.210312;0.83361816
a;76169186531399;9.515747;-2.4051666;0.98475647
a;76169206673000;9.612305;-2.473709;1.0462799
a;76169226814602;9.655075;-2.5817566;1.240448
a;76169246956203;9.74469;-2.8997803;1.4451904
a;76169267097805;9.813309;-3.0077972;1.5683594
a;76169287239407;9.740021;-3.167221;1.596756
a;76169307381008;9.751236;-3.2632294;1.7129669
a;76169327522610;9.6935425;-3.5934143;1.7881012
a;76169347664211;9.785141;-4.0332336;1.7758026
a;76169367805813;9.811783;-4.230301;1.804245
a;76169387947414;9.707413;-4.3846283;1.895935
a;76169408089016;9.692413;-4.497345;2.04747
a;76169428230617;9.557037;-4.5118713;2.1076813
a;76169448372219;9.452927;-4.650955;2.2043
a;76169468513821;9.398666;-4.882492;2.3115692
a;76169488655422;9.313538;-4.933899;2.5085144
a;76169508797024;9.157791;-4.979141;2.7299805
a;76169528938625;9.026901;-5.145584;3.0569153
a;76169549080227;8.916031;-5.329483;3.2556458
a;76169569221828;8.855621;-5.640259;3.282898
a;76169589363430;8.81868;-5.884033;3.3602295
a;76169609505032;8.739685;-5.9723206;3.5038605
a;76169629646633;8.600281;-5.843567;3.540329
a;76169649788235;8.3051605;-5.9012604;3.6856842
a;76169669929836;8.2022705;-5.929291;3.8477478
a;76169690071438;8.130142;-5.9680786;4.047165
a;76169710213039;7.9591827;-5.942383;4.198303
a;76169730354641;7.634247;-5.968506;4.321106
a;76169750496242;7.4496155;-6.1459503;4.445343
a;76169770637844;7.2568665;-6.0667725;4.4886475
a;76169790779446;6.95166;-5.8123016;4.6480713
a;76169810921047;6.9333496;-5.9152985;5.02771
a;76169831062649;6.9663696;-6.044861;5.2356415
a;76169851204250;6.622925;-5.6916046;5.2330475
a;76169871345852;6.1584015;-5.491211;5.2069244
a;76169891487453;5.907196;-5.501129;5.3200073
a;76169911629055;5.758087;-5.5350494;5.5323486
a;76169931770657;5.494385;-5.305893;5.64447
a;76169951912258;5.0637207;-4.978424;5.6537323
a;76169972053860;4.6208496;-4.962036;5.78743
a;76169992195461;4.414749;-5.032852;5.986267
a;76170012337063;4.2622986;-5.057556;6.098984
a;76170032478664;3.9777832;-4.9639893;6.1384583
a;76170052620266;3.6849976;-4.808136;6.3847046
a;76170072761867;3.5527802;-4.7417755;6.6297607
a;76170092903469;3.4876556;-4.7031403;6.724182
a;76170113045071;3.2628021;-4.667511;6.850998
a;76170133186672;3.0101013;-4.5953674;7.014908
a;76170153328274;2.7364044;-4.728409;7.0397644
a;76170173469875;2.565033;-5.1095886;7.1819916
a;76170193611477;2.5220795;-5.359436;7.3980713
a;76170213753078;2.4362183;-5.3509674;7.6403046
a;76170233894680;2.2496948;-5.0667725;7.9355316
a;76170254036282;1.9399261;-4.9043274;8.083633
a;76170274177883;1.6823273;-5.1955414;8.178604
a;76170294319485;1.7274475;-5.3474426;8.46582
a;76170314461086;1.6441803;-5.2250824;8.832779
a;76170334602688;1.2629395;-5.1858673;9.394684
a;76170354744289;0.7704468;-5.53598;9.826599
a;76170374885891;0.3577881;-5.869583;9.964783
a;76170395027492;0.13919067;-6.180893;9.922485
a;76170415169094;0.08921814;-6.1530457;10.094147
a;76170435310696;-0.18147278;-5.959793;10.270386
a;76170455452297;-0.59085083;-6.156723;10.022705
a;76170475593899;-0.87750244;-6.0987396;9.676666
a;76170495735500;-1.2102051;-5.921997;9.435944
a;76170515877102;-1.4490204;-5.6306458;9.352249
a;76170536018703;-1.6339874;-5.137726;9.464554
a;76170556160305;-2.0679932;-4.833359;9.426834
a;76170576301907;-2.465866;-4.999527;9.022385
a;76170596443508;-2.6280518;-4.9048767;8.987122
a;76170616585110;-3.0044708;-4.79805;9.094788
a;76170636726711;-3.2549133;-4.4812317;9.482986
a;76170656868313;-3.464264;-4.0568237;9.641907
a;76170677009914;-4.04039;-3.988678;9.665161
a;76170697151516;-4.5270996;-4.3713837;9.397202
a;76170717293117;-4.6740875;-4.7822266;8.438965
a;76170737434719;-4.808075;-4.4740753;8.433746
a;76170757576321;-4.9028015;-3.3115387;8.368271
a;76170777717922;-4.752823;-2.6620178;8.065872
a;76170797859524;-3.9331512;-2.6998596;8.16803
a;76170818001125;-2.982605;-3.022232;7.572464
a;76170838142727;-3.2098846;-3.8617249;7.282654
a;76170858284328;-2.919342;-3.4887085;6.782791
a;76170878425930;-2.9537659;-2.688797;5.7736664
a;76170898567532;-3.5319214;-2.6325836;5.916687
a;76170918709133;-3.38089;-3.363205;6.551819
a;76170938850735;-3.6363983;-4.188965;6.4047546
a;76170958992336;-4.5405273;-3.9792786;6.2205353
a;76170979133938;-4.7447815;-3.867752;6.4441376
a;76170999275539;-4.690155;-4.867386;6.428314
a;76171019417141;-4.916565;-5.299118;6.405121
a;76171039558742;-5.0347595;-5.325531;6.2198486
a;76171059700344;-5.2503815;-5.528244;5.981613
a;76171079841946;-5.1181946;-6.2172394;5.0189514
a;76171099983547;-4.9727325;-6.665985;3.7037811
a;76171120125149;-4.862961;-5.773773;2.968216
a;76171140266750;-5.0105743;-5.6139374;2.853775
a;76171160408352;-4.8483734;-6.3693085;2.770752
a;76171180549953;-4.507126;-5.8977356;2.3462677
a;76171200691555;-4.558304;-4.452759;2.0704956
a;76171220833157;-4.8546753;-3.5358582;1.983963
a;76171240974758;-3.207962;-4.978119;2.3442993
a;76171261116360;-3.5191498;-4.424164;2.1666412
a;76171281257961;-5.1980286;-2.574112;3.5531616
a;76171301399563;-4.980789;-5.2691956;3.4585876
a;76171321541164;-5.1149597;-6.459793;3.4152985
a;76171341682766;-5.195587;-5.557312;4.745117
a;76171361824367;-5.554901;-4.9933777;4.6599884
a;76171381965969;-5.7241364;-3.941742;4.177109
a;76171402107571;-6.1105194;-3.9803314;3.2239838
a;76171422249172;-6.0224915;-4.5038147;3.6749268
a;76171442390774;-5.487503;-4.836899;4.454422
a;76171462532375;-5.4048157;-4.9247437;4.18985
a;76171482673977;-5.857712;-3.9577637;4.6481323
a;76171502815578;-6.0163116;-4.745682;4.6594696
a;76171522957180;-6.00325;-5.30307;4.2888336
a;76171543098782;-5.6950684;-5.0933075;4.3895264
a;76171563240383;-5.896576;-4.762268;4.50914
a;76171583381985;-6.3017426;-5.352768;5.5981293
a;76171603523586;-6.4501343;-6.565399;5.79335
a;76171623665188;-6.5878143;-6.0269775;5.9913635
a;76171643806789;-6.7878265;-6.947708;5.9267883
a;76171663948391;-6.743576;-6.5036316;5.6819305
a;76171684089992;-7.3395844;-5.2710876;4.9318695
a;76171704231594;-6.460724;-5.5218964;4.6471252
a;76171724373196;-6.3413086;-5.031769;4.8788605
a;76171744514797;-6.1283417;-5.42218;5.146408
a;76171764656399;-6.3327026;-5.68425;5.6207733
a;76171784798000;-6.2324677;-6.577759;5.7895203
a;76171804939602;-6.133362;-6.995804;4.9830627
a;76171825081203;-6.1430206;-6.5155945;5.1664276
a;76171845222805;-5.831238;-6.192993;5.227585
a;76171865364407;-5.4692993;-6.3991547;4.996155
a;76171885506008;-5.132324;-6.256714;4.3134613
a;76171905647610;-5.6645966;-5.7654266;4.5925903
a;76171925789211;-5.2804413;-5.847061;5.3531494
a;76171945930813;-4.7475586;-6.511673;5.5704346
a;76171966072414;-4.688034;-6.9179535;5.2967834
a;76171986214016;-5.10701;-6.7903748;5.217087
a;76172006355617;-4.946991;-6.702759;5.968445
a;76172026497219;-4.665085;-7.456253;6.1979218
a;76172046638821;-4.90271;-7.8098297;6.04599
a;76172066780422;-4.923126;-7.9991302;6.4177246
a;76172086922024;-4.922119;-8.295959;7.6582947
a;76172107063625;-4.6963806;-8.844116;8.260849
a;76172127205227;-4.6733246;-8.864914;8.928238
a;76172147346828;-4.6839447;-9.084366;8.164581
a;76172167488430;-5.010742;-8.335327;7.4586334
a;76172187630032;-5.1841736;-7.7826843;7.6251526
a;76172207771633;-4.5695343;-7.823059;7.966858
a;76172227913235;-4.4203033;-8.005753;8.512329
a;76172248054836;-4.545273;-9.2724;8.686661
a;76172268196438;-4.4353027;-10.108826;9.240982
a;76172288338039;-4.510269;-10.017136;8.821915
a;76172308479641;-5.127075;-9.173706;8.523788
a;76172328621242;-5.199951;-9.125565;8.242569
a;76172348762844;-4.9123535;-9.326935;7.9473877
a;76172368904446;-4.9674225;-9.414261;7.254547
a;76172389046047;-5.063675;-9.157394;6.616211
a;76172409187649;-5.200531;-8.350327;6.236038
a;76172429329250;-5.3259277;-7.801361;5.946533
a;76172449470852;-5.3442535;-7.4464417;5.702713
a;76172469612453;-5.337372;-7.227295;5.4960785
a;76172489754055;-5.4742584;-6.954941;4.760895
a;76172509895657;-5.6661224;-6.715027;4.197357
a;76172530037258;-5.6331024;-6.441803;3.94281
a;76172550178860;-5.566101;-6.256653;4.0828705
a;76172570320461;-5.5369873;-5.8716125;4.11438
a;76172590462063;-5.7426605;-5.4099884;3.5535126
a;76172610603664;-5.877899;-5.2019043;3.413971
a;76172630745266;-5.747116;-5.0170746;3.6809845
a;76172650886867;-5.620102;-4.9683228;3.9123688
a;76172671028469;-5.5658264;-4.7650146;4.1263275
a;76172691170071;-5.573303;-4.45018;4.0120697
a;76172711311672;-5.81575;-4.4361877;3.8041382
a;76172731453274;-5.791275;-4.3310547;3.7601013
a;76172751594875;-5.669922;-4.3758545;3.6655426
a;76172771736477;-5.771347;-4.4276886;3.3011932
a;76172791878078;-5.790497;-4.4703827;3.250702
a;76172812019680;-5.7394714;-4.3964233;3.362671
a;76172832161282;-5.6874695;-3.8419342;3.4815369
a;76172852302883;-5.4563293;-3.643219;3.59758
a;76172872444485;-5.198166;-4.3930817;3.2872772
a;76172892586086;-5.271591;-4.9587708;2.9917908
a;76172912727688;-5.371872;-5.2252502;2.898117
a;76172932869289;-5.064865;-4.6084595;3.329239
a;76172953010891;-4.9193573;-3.743332;3.939621
a;76172973152492;-5.3641663;-3.7039642;3.3302307
a;76172993294094;-5.709503;-4.2914276;2.9974976
a;76173013435696;-4.968796;-4.719818;4.988449
a;76173033577297;-5.2187347;-4.604904;5.875366
a;76173053718899;-6.393524;-3.677826;5.255554
a;76173073860500;-6.320572;-6.7157593;4.532959
a;76173094002102;-6.1964264;-7.098938;4.6295624
a;76173114143703;-6.793976;-6.4941406;5.5967407
a;76173134285305;-6.1400146;-6.3124847;5.107422
a;76173154426907;-6.226944;-5.57724;4.823868
a;76173174568508;-5.9114075;-5.1329346;3.7461395
a;76173194710110;-6.0521545;-4.558716;3.448578
a;76173214851711;-6.391144;-4.0226746;3.1060486
a;76173234993313;-6.712082;-4.3031006;4.406967
a;76173255134914;-5.7839966;-5.337158;4.640259
a;76173275276516;-5.4726257;-5.117111;4.713867
a;76173295418117;-5.624954;-4.6921844;4.322647
a;76173315559719;-6.312866;-4.289551;4.030884
a;76173335701321;-6.6322784;-4.9026337;4.3730927
a;76173355842922;-6.270355;-4.9376526;4.867752
a;76173375984524;-5.941513;-4.927002;5.5698395
a;76173396126125;-5.9791565;-5.1887817;5.2358246
a;76173416267727;-6.314102;-5.490982;5.095642
a;76173436409328;-6.459015;-5.871811;5.104721
a;76173456550930;-6.1418304;-5.3988495;5.0725555
a;76173476692532;-6.0549164;-5.295395;5.079773
a;76173496834133;-5.957382;-5.3773956;5.095642
a;76173516975735;-6.09816;-5.841156;4.968384
a;76173537117336;-6.2077484;-6.001419;5.0110626
a;76173557258938;-6.2361755;-5.9626923;5.141678
a;76173577400539;-6.113037;-5.7009735;5.0914917
a;76173597530809;-5.747116;-5.7858887;5.194748
a;76173617672410;-5.961136;-6.194153;5.362503
a;76173637814012;-6.277939;-6.9014893;5.151428
a;76173657955614;-6.0759277;-6.8227997;5.3913727
a;76173678097215;-5.7264404;-6.9938965;5.5037384
a;76173698238817;-5.790085;-6.434433;5.2703857
a;76173718380418;-6.070923;-6.3710175;5.114563
a;76173738522020;-5.8107605;-6.4864044;5.0102234
a;76173758663621;-6.0186768;-7.1572876;5.5135345
a;76173778805223;-5.711975;-7.2027893;5.919632
a;76173798946825;-5.6399384;-7.044586;6.457962
a;76173819088426;-5.4035034;-7.1110077;6.554764
a;76173839230028;-5.722336;-8.027542;6.2125854
a;76173859371629;-5.659561;-8.661697;5.9566956
a;76173879513231;-5.798645;-8.221558;6.473694
a;76173899654832;-5.591156;-8.388412;7.279419
a;76173919796434;-5.3565674;-8.631699;6.7077637
a;76173939938035;-5.2976685;-7.4265747;6.535324
a;76173960079637;-5.2440643;-7.29039;6.4647217
a;76173980221239;-5.274002;-7.0976563;6.6899414
a;76174000362840;-5.3204346;-7.0540314;7.0552216
a;76174020504442;-4.9859467;-7.9709625;6.962967
a;76174040646043;-5.0556335;-8.398895;6.6497955
a;76174060787645;-5.392868;-8.890366;7.4009247
a;76174080929246;-5.246399;-9.476654;8.116089
a;76174101070848;-5.2626038;-9.285385;7.668152
a;76174121212450;-5.8493347;-9.023941;7.032318
a;76174141354051;-5.8648224;-8.781937;6.8157654
a;76174161495653;-5.603653;-8.767212;6.4465027
a;76174181637254;-5.666626;-8.32579;6.544861
a;76174201778856;-5.9370117;-7.7813263;6.5668945
a;76174221920457;-5.9037933;-7.6126556;6.5059357
a;76174242062059;-5.928604;-7.588257;6.237747
a;76174262203660;-5.941574;-7.502823;5.9820557
a;76174282345262;-6.0123596;-6.9109955;5.518799
a;76174302486864;-6.1238403;-6.8107452;5.3632507
a;76174322628465;-6.148407;-6.672287;5.435608
a;76174342770067;-5.953491;-6.4351807;5.3913574
a;76174362911668;-5.892227;-6.254822;4.929062
a;76174383053270;-6.050308;-6.0229187;4.848709
a;76174403194871;-5.947815;-5.977249;4.8019714
a;76174423336473;-5.802841;-6.0247345;4.630432
a;76174443478075;-5.7558136;-5.516876;4.245819
a;76174463619676;-5.95343;-5.222336;3.7835693
a;76174483761278;-5.983444;-5.013138;3.723999
a;76174503902879;-5.9391785;-4.765854;3.8957062
a;76174524044481;-5.6310425;-4.5013123;4.310257
a;76174544186082;-5.664215;-4.13031;3.9177551
a;76174564327684;-6.0222626;-4.475647;3.4333038
a;76174584469285;-5.7594604;-4.5388794;4.060562
a;76174604610887;-5.3743896;-3.9198456;4.6190033
a;76174624752489;-5.5197296;-3.9671478;4.1577454
a;76174644894090;-5.544861;-3.9581757;3.512085
a;76174665035692;-5.270981;-4.1714935;3.6229248
a;76174685177293;-4.9757843;-4.1668854;4.3923492
a;76174705318895;-5.189453;-4.366791;4.6259003
a;76174725460496;-5.2148438;-4.892502;4.323456
a;76174745602098;-5.398712;-4.513916;3.7540283
a;76174765743700;-5.6865845;-4.009552;3.2414856
a;76174785885301;-5.2156525;-4.9700317;3.5453644
a;76174806026903;-5.209656;-4.7659454;4.2181396
a;76174826168504;-5.634033;-4.508301;4.4213257
a;76174846310106;-5.4938965;-4.3867493;3.7499542
a;76174866451707;-5.3716583;-4.156143;3.1933136
a;76174886593309;-4.8556824;-4.0792084;4.8653717
a;76174906734910;-4.4614716;-4.3222046;5.873947
a;76174926876512;-5.7850494;-4.357712;5.837509
a;76174947018114;-6.532089;-5.836853;5.1937103
a;76174967159715;-6.0315857;-5.891327;5.895523
a;76174987301317;-5.844162;-4.9794617;7.1755676
a;76175007442918;-5.6397552;-5.3889465;6.3054047
a;76175027584520;-6.056473;-5.1818542;5.6104126
a;76175047726121;-6.583008;-5.5520477;5.3586273
a;76175067867723;-6.571991;-5.512787;5.354126
a;76175088009325;-6.369873;-5.2386627;6.0229645
a;76175108150926;-6.180191;-5.262787;5.9833374
a;76175128292528;-5.9185486;-5.78891;5.5082397
a;76175148434129;-5.9962463;-5.9724884;5.1589813
a;76175168575731;-6.5056915;-5.206711;4.492218
a;76175188717332;-6.463501;-4.4216156;4.0876007
a;76175208858934;-6.2813263;-3.992508;4.567505
a;76175229000535;-5.841507;-4.2250977;5.326309
a;76175249142137;-5.836197;-4.492157;5.705124
a;76175269283739;-6.3616333;-4.7661896;5.5634766
a;76175289425340;-6.265152;-5.0351257;5.210724
a;76175309566942;-6.125305;-4.414749;5.1894684
a;76175329708543;-6.1431274;-3.6768494;5.0645294
a;76175349850145;-6.524002;-4.122635;5.475876
a;76175369991746;-6.5915527;-5.072174;6.053543
a;76175390133348;-6.4454346;-5.611786;6.265671
a;76175410274950;-6.159439;-5.312134;6.1075287
a;76175430416551;-6.1085815;-4.579056;5.621933
a;76175450558153;-5.934845;-4.426605;5.418915
a;76175470699754;-5.8319397;-5.1203156;5.842911
a;76175490841356;-5.7929993;-5.5557556;5.7231445
a;76175510982957;-5.783188;-5.5178375;5.698639
a;76175531124559;-5.6138306;-5.069763;5.7308197
a;76175551266160;-5.565445;-5.3325195;6.356537
a;76175571407762;-5.712616;-5.936386;6.900894
a;76175591549364;-5.632263;-6.2743835;6.3101044
a;76175611690965;-5.711487;-6.1276703;5.8130646
a;76175631832567;-5.483307;-5.7982635;5.439804
a;76175651974168;-5.5091705;-5.5425262;5.8220673
a;76175672115770;-5.4150543;-5.8965607;6.413498
a;76175692257371;-5.4273834;-6.6284943;6.2957764
a;76175712398973;-5.4752655;-6.9395905;6.0286255
a;76175732540575;-5.4260254;-6.207062;5.5582123
a;76175752682176;-5.4701385;-5.3862305;6.2404175
a;76175772823778;-5.223343;-6.4279175;7.281143
a;76175792965379;-5.363861;-7.490219;7.7654266
a;76175813106981;-5.274124;-8.33342;7.543091
a;76175833248582;-5.277878;-7.837158;7.3122406
a;76175853390184;-5.42984;-6.7855377;7.1883698
a;76175873531785;-5.3347015;-6.4640045;7.7959747
a;76175893673387;-5.192276;-5.9987183;9.200958
a;76175913814989;-5.0651093;-6.637039;9.25943
a;76175933956590;-5.0963745;-8.613174;8.5572815
a;76175954098192;-5.953705;-8.090698;8.53746
a;76175974239793;-5.603546;-7.2996216;9.415573
a;76175994381395;-5.2443542;-7.7387085;10.09642
a;76176014522996;-5.510788;-9.074081;9.091202
a;76176034664598;-5.5326996;-9.799713;7.6441345
a;76176054806200;-5.5213013;-9.213928;6.8850555
a;76176074947801;-5.5441437;-8.422638;6.6192474
a;76176095089403;-5.673004;-8.02803;6.3602753
a;76176115231004;-5.525284;-7.7770386;6.075836
a;76176135372606;-5.652008;-7.625641;5.7676544
a;76176155514207;-5.9046326;-7.3829803;5.70105
a;76176175655809;-5.8032074;-7.367981;5.3730927
a;76176195797410;-5.6941376;-7.3291473;5.0447083
a;76176215939012;-5.892639;-7.019989;4.689514
a;76176236080614;-6.080551;-6.795334;4.3354797
a;76176256222215;-5.8272095;-6.657364;4.2017365
a;76176276363817;-5.633621;-6.2418976;4.013962
a;76176296505418;-5.721222;-5.55838;3.8488007
a;76176316647020;-5.762741;-4.6947327;3.8481445
a;76176336788621;-5.7617188;-4.5414886;3.9126282
a;76176356930223;-5.5483093;-4.7388763;3.8040771
a;76176377071825;-5.5556946;-3.9234314;4.2597046
a;76176397213426;-5.7586365;-3.36763;4.250412
a;76176417355028;-5.973068;-3.455597;4.1469574
a;76176437496629;-5.6966248;-3.5040436;4.4230347
a;76176457638231;-5.548477;-3.1662292;4.5086365
a;76176477779832;-5.798477;-3.0615692;4.3964996
a;76176497921434;-5.807602;-3.0292816;4.376343
a;76176518063035;-5.5534363;-3.5416107;4.621216
a;76176538204637;-5.4852905;-3.3229675;4.286789
a;76176558346239;-5.3517914;-3.0690155;4.612091
a;76176578487840;-5.179199;-3.9517822;4.793625
a;76176598629442;-5.409607;-5.6591644;4.298279
a;76176618771043;-5.0227814;-5.8170013;3.6065063
a;76176638912645;-4.7928925;-4.78244;4.413086
a;76176659054246;-5.018875;-3.7579803;5.529892
a;76176679195848;-5.130493;-3.4520721;5.698303
a;76176699337450;-5.582443;-5.304062;3.8142548
a;76176719479051;-6.7628784;-5.880554;3.4229584
a;76176739620653;-6.676483;-3.3089294;4.627823
a;76176759762254;-5.9880676;-3.5924683;5.6221924
a;76176779903856;-5.950882;-4.802124;7.9143524
a;76176800045457;-7.1371;-4.5881805;8.123459
a;76176820187059;-6.575302;-5.6778107;6.659668
a;76176840328660;-6.6655884;-5.755661;5.2537994
a;76176860470262;-6.808655;-5.7846985;4.6016083
a;76176880611864;-6.7960815;-6.1734924;4.475418
a;76176900753465;-6.275009;-5.756363;4.5604095
a;76176920895067;-5.68454;-4.7699738;3.7881927
a;76176941036668;-5.7644196;-3.9904022;3.6819153
a;76176961178270;-5.171051;-4.124527;3.6538239
a;76176981319871;-4.653885;-4.862259;4.023163
a;76177001461473;-4.7166443;-4.679489;4.688965
a;76177021603075;-5.0543976;-4.4320374;5.174881
a;76177041744676;-5.011963;-4.575699;5.1799316
a;76177061886278;-4.9104614;-4.2476044;5.0281525
a;76177082027879;-5.3707886;-4.0322723;5.154892
a;76177102169481;-5.89888;-4.2762146;5.1685333
a;76177122311082;-5.467346;-4.75972;5.3234406
a;76177142452684;-4.965454;-4.6533203;5.4154816
a;76177162594285;-4.882141;-4.074051;5.1411133
a;76177182735887;-5.069031;-4.0320587;4.959778
a;76177202877489;-5.088867;-4.3659515;5.135895
a;76177223019090;-4.9181366;-4.7952423;5.378296
a;76177243160692;-4.861725;-4.8422394;5.188431
a;76177263302293;-4.7989044;-4.099579;4.6879425
a;76177283443895;-4.591675;-3.6057587;4.407257
a;76177303585496;-4.5727234;-3.5955505;5.0828857
a;76177323727098;-4.5942535;-3.689743;5.542206
a;76177343868700;-4.439102;-3.6210327;5.120285
a;76177364010301;-4.1833496;-3.4200134;4.891922
a;76177384151903;-4.560501;-3.2069397;5.051346
a;76177404293504;-4.576996;-3.6767273;5.5584717
a;76177424435106;-3.6465607;-4.3355255;5.7952576
a;76177444576707;-3.266388;-4.5657043;5.5807495
a;76177464718309;-3.87706;-5.400955;4.9936066
a;76177484859910;-4.0878754;-6.1946716;5.336426
a;76177505001512;-2.8139038;-6.2329254;5.564636
a;76177525143114;-1.6508789;-6.582443;5.594589
a;76177545284715;-1.6068878;-7.584976;5.3437805
a;76177565426317;-1.7072754;-7.9960938;4.996109
a;76177585567918;-0.70622253;-8.488876;5.2411346
a;76177605709520;0.47129822;-8.830887;5.4130707
a;76177625851121;0.7730408;-9.546661;5.5912933
a;76177645992723;0.8642578;-9.45874;5.4260864
a;76177666134325;1.5788574;-8.947311;5.272415
a;76177686275926;2.7769928;-9.521469;5.63916
a;76177706417528;3.8605042;-10.250931;6.3510437
a;76177726559129;4.509796;-9.53093;6.0234222
a;76177746700731;4.828964;-9.183792;5.426117
a;76177766842332;5.234421;-9.579971;5.088806
a;76177786983934;5.9638977;-9.236679;5.987442
a;76177807125535;6.9626007;-8.348389;6.8046265
a;76177827267137;7.767868;-7.552597;6.458191
a;76177847408739;8.079529;-8.240051;5.4805756
a;76177867550340;8.747437;-8.650772;4.8378296
a;76177887691942;9.1731415;-8.135254;5.0268097
a;76177907833543;8.983185;-7.534897;4.9688873
a;76177927975145;9.012451;-7.3250427;4.4641266
a;76177948116746;9.32901;-7.105179;3.7415009
a;76177968258348;9.448578;-7.001236;3.2174835
a;76177988399950;9.558151;-6.403351;3.423462
a;76178008541551;9.423798;-5.504898;3.5901184
a;76178028683153;9.184418;-4.547409;3.407074
a;76178048824754;9.384445;-4.0433807;3.2860565
a;76178068966356;9.698929;-3.7980957;3.0619354
a;76178089107957;9.886795;-3.9397125;2.8271332
a;76178109249559;9.986389;-4.172928;2.5046234
a;76178129391160;10.000412;-4.3347626;2.0943909
a;76178149532762;9.965164;-4.4792023;1.6938477
a;76178169674364;10.053986;-4.6504517;1.503006
a;76178189815965;10.107361;-4.8122864;1.3092804
a;76178209957567;9.948608;-4.7236633;1.1335144
a;76178230099168;9.707565;-4.5680084;0.9012604
a;76178250240770;9.444077;-4.3305054;0.7753906
a;76178270382371;9.1484375;-4.1037445;0.7660217
a;76178290523973;9.050461;-4.061371;0.754303
a;76178310665575;9.045349;-4.0814667;0.74591064
a;76178330807176;9.042709;-4.085022;0.7374573
a;76178350948778;9.117447;-3.9012299;0.7357025
a;76178371090379;9.271057;-3.7821808;0.80055237
a;76178391231981;9.555634;-3.768753;0.9159241
a;76178411373582;9.670288;-3.6638947;0.9894867
a;76178431515184;9.535431;-3.5398102;0.9169769
a;76178451656785;9.445053;-3.507141;0.8587799
a;76178471798387;9.373795;-3.4909973;0.7626953
a;76178491939989;9.516922;-3.274231;0.7814636
a;76178512081590;9.565918;-3.0842285;0.80049133
a;76178532223192;9.530197;-2.8433228;0.9285736
a;76178552364793;9.48909;-2.6553802;1.0081787
a;76178572506395;9.479065;-2.887329;0.6616974
a;76178592647996;9.663132;-2.6795044;0.60357666
a;76178612789598;9.658264;-2.4966888;0.652359
a;76178632931200;9.552567;-2.3181;0.76000977
a;76178653072801;9.485352;-2.2766724;0.81069946
a;76178673214403;9.3853;-2.3152008;0.626297
a;76178693356004;9.323593;-2.4934998;0.456604
a;76178713497606;9.376617;-2.5818634;0.37747192
a;76178733639207;9.359283;-2.585144;0.3820343
a;76178753780809;9.392014;-2.4933777;0.4209137
a;76178773922410;9.363754;-2.5262604;0.3853302
a;76178794064012;9.346542;-2.5280457;0.3069458
a;76178814205614;9.299805;-2.8205414;0.17178345
a;76178834347215;9.411575;-2.7888947;0.25212097
a;76178854488817;9.41748;-2.6076965;0.39382935
a;76178874630418;9.432068;-2.520996;0.5023651
a;76178894772020;9.496521;-2.4452057;0.61546326
a;76178914913621;9.414551;-2.5065155;0.42980957
a;76178935055223;9.465668;-2.6016388;0.3922119
a;76178955196825;9.608078;-2.5434418;0.43914795
a;76178975338426;9.587082;-2.4502106;0.6187134
a;76178995480028;9.549927;-2.243805;0.73117065
a;76179015621629;9.442764;-2.1643372;0.7823181
a;76179035763231;9.409409;-2.2284546;0.7356262
a;76179055904832;9.41362;-2.403778;0.61624146
a;76179076046434;9.481247;-2.6448975;0.41127014
a;76179096188035;9.529114;-2.442871;0.57302856
a;76179116329637;9.458633;-2.3103638;0.65567017
a;76179136471239;9.525391;-2.1801453;0.716568
a;76179156612840;9.547577;-2.2072449;0.73283386
a;76179176754442;9.53775;-2.246292;0.6832123
a;76179196896043;9.511185;-2.2813568;0.6564331
a;76179217037645;9.503738;-2.5222778;0.5199585
a;76179237179246;9.486862;-2.5822144;0.44966125
a;76179257320848;9.447144;-2.4425507;0.54356384
a;76179277462450;9.474136;-2.319992;0.58644104
a;76179297604051;9.4657135;-2.2908936;0.55778503
a;76179317745653;9.491486;-2.4011383;0.49848938
a;76179337887254;9.473679;-2.4729004;0.4918518
a;76179358028856;9.501068;-2.4922638;0.531723
a;76179378170457;9.464035;-2.4166107;0.5195923
a;76179398312059;9.404663;-2.4874268;0.5456848
a;76179418453660;9.459763;-2.4876099;0.5372009
a;76179438595262;9.456467;-2.590622;0.48368835
a;76179458736864;9.393219;-2.5691986;0.52822876
a;76179478878465;9.388641;-2.4832458;0.49194336
a;76179499020067;9.38707;-2.5019836;0.5048523
a;76179519161668;9.466614;-2.4710388;0.5406647
a;76179539303270;9.441544;-2.5547485;0.46702576
a;76179559444871;9.407928;-2.6239014;0.43933105
a;76179579586473;9.39624;-2.6088562;0.5398712
a;76179599728075;9.34494;-2.5653992;0.53408813
a;76179619869676;9.408356;-2.593872;0.5371399
a;76179640011278;9.46315;-2.6253662;0.5270386
a;76179660152879;9.470673;-2.6217194;0.49040222
a;76179680294481;9.409866;-2.5747833;0.5179901
a;76179700436082;9.367233;-2.5427856;0.5330658
a;76179720577684;9.394287;-2.589798;0.54634094
a;76179740719285;9.402481;-2.634018;0.50923157
a;76179760860887;9.4548645;-2.6850739;0.51797485
a;76179781002489;9.470627;-2.6378021;0.5384979
a;76179801144090;9.451828;-2.6388245;0.5855713
a;76179821285692;9.4348755;-2.655777;0.6011963
a;76179841427293;9.395172;-2.6208801;0.5895233
a;76179861568895;9.403961;-2.6499329;0.56907654
a;76179881710496;9.466537;-2.6795044;0.5653839
a;76179901852098;9.518845;-2.6381836;0.6206207
a;76179921993700;9.468506;-2.6196136;0.60040283
a;76179942135301;9.419998;-2.6699219;0.64346313
a;76179962276903;9.38855;-2.6465607;0.6196289
a;76179982418504;9.459381;-2.672882;0.62342834
a;76180002560106;9.4964905;-2.623825;0.63371277
a;76180022701707;9.433182;-2.66568;0.6279907
a;76180042843309;9.433975;-2.6467133;0.5606537
a;76180062984910;9.438248;-2.624817;0.5961304
a;76180083126512;9.420486;-2.6560364;0.5681
a;76180103268114;9.439621;-2.6774597;0.53227234
a;76180123409715;9.449432;-2.6765442;0.55892944
a;76180143551317;9.42778;-2.631836;0.5730133
a;76180163692918;9.423157;-2.6188354;0.5786133
a;76180183834520;9.380524;-2.6461487;0.5401764
a;76180203976121;9.396301;-2.6821747;0.50201416
a;76180224117723;9.351852;-2.6505585;0.53297424
a;76180244259325;9.400101;-2.6424408;0.4979248
a;76180264400926;9.4782715;-2.5906525;0.4836731
a;76180284542528;9.425491;-2.5755463;0.50219727
a;76180304684129;9.381897;-2.6257782;0.4232788
a;76180324825731;9.39299;-2.6425476;0.43572998
a;76180344967332;9.4095;-2.6085663;0.4818573
a;76180365108934;9.440338;-2.5858917;0.53240967
a;76180385250535;9.442062;-2.5901794;0.5227661
a;76180405392137;9.4006195;-2.5865173;0.49604797
a;76180425533739;9.390884;-2.6515808;0.5048065
a;76180445675340;9.430191;-2.6079712;0.5411377
a;76180465816942;9.453964;-2.600891;0.5643921
a;76180485958543;9.486786;-2.622055;0.56684875
a;76180506100145;9.500595;-2.6394043;0.5619049
a;76180526241746;9.467102;-2.6244965;0.55877686
a;76180546383348;9.497604;-2.6164246;0.5649414
a;76180566524950;9.425125;-2.5858765;0.63583374
a;76180586666551;9.404205;-2.550766;0.63342285
a;76180606808153;9.461014;-2.5360107;0.63775635
a;76180626949754;9.506943;-2.5368195;0.66038513
a;76180647091356;9.456879;-2.5876312;0.6094818
a;76180667232957;9.461044;-2.6023407;0.64505005
a;76180687374559;9.449585;-2.5966797;0.67453
a;76180707516160;9.494171;-2.5934906;0.6693268
a;76180727657762;9.517532;-2.5592957;0.62205505
a;76180747799364;9.445343;-2.5421143;0.6331177
a;76180767940965;9.446991;-2.593567;0.63565063
a;76180788082567;9.379089;-2.5700378;0.6281738
a;76180808224168;9.368805;-2.5143585;0.6259155
a;76180828365770;9.403885;-2.5442657;0.58576965
a;76180848507371;9.456314;-2.535965;0.539093
a;76180868648973;9.447327;-2.59346;0.535553
a;76180888790575;9.4153595;-2.6036224;0.52597046
a;76180908932176;9.384491;-2.5497894;0.56448364
a;76180924038377;9.379608;-2.534851;0.55929565
a;76180944179979;9.367966;-2.5661469;0.5398712
a;76180964321580;9.418304;-2.6052704;0.47135925
a;76180984463182;9.463562;-2.5681458;0.501709
a;76181004604784;9.460861;-2.5885162;0.56417847
a;76181024746385;9.440842;-2.5450897;0.5820465
a;76181044887987;9.409149;-2.5750275;0.58506775
a;76181065029588;9.418655;-2.5709534;0.56147766
a;76181085171190;9.418411;-2.5361176;0.5870514
a;76181105312791;9.445526;-2.5373077;0.65904236
a;76181125454393;9.4579315;-2.5299683;0.67041016
a;76181145595994;9.389542;-2.5603943;0.6342621
a;76181165737596;9.404617;-2.5155487;0.60469055
a;76181185879198;9.465744;-2.5310364;0.5960846
a;76181206020799;9.480164;-2.527649;0.65852356
a;76181226162401;9.47818;-2.5083466;0.5880585
a;76181246304002;9.454102;-2.4853516;0.66819763
a;76181266445604;9.436188;-2.432541;0.6572113
a;76181286587205;9.386673;-2.4770203;0.66423035
a;76181306728807;9.432236;-2.5317383;0.6206207
a;76181326870409;9.502014;-2.519287;0.62501526
a;76181347012010;9.467087;-2.4791718;0.62524414
a;76181367153612;9.431976;-2.4259338;0.6246948
a;76181387295213;9.45845;-2.448349;0.596405
a;76181407436815;9.426468;-2.4826508;0.65338135
a;76181427578416;9.391586;-2.5404968;0.5912323
a;76181447720018;9.393372;-2.584549;0.56544495
a;76181467861619;9.454529;-2.5716858;0.58795166
a;76181488003221;9.431152;-2.4767303;0.65753174
a;76181508144823;9.357254;-2.4645386;0.68006897
a;76181528286424;9.402435;-2.5184631;0.60406494
a;76181548428026;9.423874;-2.6137238;0.5593872
a;76181568569627;9.432571;-2.573883;0.6256561
a;76181588711229;9.470673;-2.5297394;0.6520386
a;76181608852830;9.512878;-2.4747467;0.6843567
a;76181628994432;9.470093;-2.5229034;0.6371155
a;76181649136034;9.459656;-2.6244965;0.6424408
a;76181669277635;9.455566;-2.6289673;0.61268616
a;76181689419237;9.460068;-2.556427;0.6853943
a;76181709560838;9.491486;-2.4629211;0.8498535
a;76181729702440;9.4427185;-2.388382;0.80822754
a;76181749844041;9.439346;-2.371338;0.7585907
a;76181769985643;9.4410095;-2.3638458;0.80467224
a;76181790127244;9.436859;-2.5218506;0.7501373
a;76181810268846;9.481506;-2.9327545;0.53819275
a;76181830410448;9.610291;-3.3345032;0.51708984
a;76181850552049;9.675201;-2.9715118;0.7299652
a;76181870693651;9.565933;-2.566986;1.0374908
a;76181890835252;9.705795;-2.7269592;1.4179688
a;76181910976854;9.88176;-3.7650757;1.3412781
a;76181931118455;10.369614;-4.3658905;1.2907104
a;76181951260057;10.788391;-4.5356293;1.5630035
a;76181971401659;11.13266;-4.280075;1.9243927
a;76181991543260;11.22789;-4.099594;2.119278
a;76182006649461;11.2083435;-3.7220764;2.6314697
a;76182026791063;11.086273;-3.6405945;2.9872742
a;76182041897264;11.113434;-3.0679932;3.3713226
a;76182062038866;10.879013;-2.9100647;3.461441
a;76182082180467;10.694046;-2.1463776;3.9489288
a;76182102322069;10.359863;-1.93573;4.303238
a;76182122463670;10.21817;-2.032196;4.675598
a;76182142605272;9.949097;-1.8366089;4.8562775
a;76182162746873;9.462555;-1.4046631;5.073639
a;76182182888475;9.068329;-1.1313629;5.589676
a;76182203030077;8.980759;-1.1311493;5.929474
a;76182223171678;8.740982;-1.1402893;6.038101
a;76182243313280;8.212067;-1.0028992;6.1984253
a;76182263454881;7.6011353;-0.85458374;6.308136
a;76182283596483;7.129654;-0.64282227;6.4938965
a;76182303738084;6.6923523;-0.17842102;6.6032715
a;76182323879686;6.010803;0.16265869;6.420212
a;76182344021287;5.2315826;0.1308899;6.2943573
a;76182364162889;4.981949;-0.072402954;6.5900116
a;76182384304491;4.8595123;0.001083374;6.5377502
a;76182404446092;4.355011;0.3210907;6.3403473
a;76182424587694;3.7371216;0.6608887;6.183899
a;76182444729295;3.5554047;0.81082153;6.327133
a;76182464870897;3.4419403;0.6240082;6.5996094
a;76182485012498;3.4846802;0.79463196;6.83197
a;76182505154100;3.3227386;0.9944763;6.9087677
a;76182525295702;3.2251282;1.0922699;6.9926453
a;76182545437303;3.3019867;1.0222931;7.1100464
a;76182565578905;3.3232117;0.8296814;7.198395
a;76182585720506;3.382782;0.8358002;7.49823
a;76182605862108;3.3256683;1.1166077;7.8593903
a;76182626003709;3.2939606;1.3304291;8.114914
a;76182646145311;3.1311798;1.2658081;8.063522
a;76182666286912;2.9805145;1.1717072;8.066788
