a;12049062393231;-0.9898987;-0.25120544;9.674484
a;12049082534832;-0.9028473;-0.25508118;9.592392
a;12049102676434;-1.201355;-0.090270996;9.480576
a;12049122818035;-1.0355072;-0.046417236;9.489899
a;12049142959637;-1.0258942;-0.16046143;9.435822
a;12049163101238;-0.98835754;-0.08589172;9.4036255
a;12049183242840;-0.9123688;-0.21826172;9.381165
a;12049203384442;-0.9642029;-0.18408203;9.501755
a;12049223526043;-0.8514252;-0.15559387;9.551895
a;12049243667645;-0.7911682;-0.19567871;9.65593
a;12049263809246;-0.72062683;-0.20280457;9.516144
a;12049283950848;-0.9322052;-0.35049438;9.6011505
a;12049304092449;-0.8444214;0.011047363;9.687836
a;12049324234051;-0.5973816;0.0022888184;9.574188
a;12049344375653;-0.66400146;0.038635254;9.546799
a;12049364517254;-0.4309082;0.09701538;9.553482
a;12049384658856;-0.3290558;0.07316589;9.615921
a;12049404800457;-0.18196106;-0.050338745;9.6922455
a;12049424942059;-0.4179535;-0.16485596;9.816589
a;12049445083660;-0.6983032;-0.2578888;9.667603
a;12049465225262;-0.6929474;-0.32948303;9.637085
a;12049485366863;-0.8451996;-0.2789917;9.686279
a;12049505508465;-0.93237305;-0.26531982;9.761505
a;12049525650067;-1.0389404;-0.47343445;10.106201
a;12049545791668;-1.1925354;-0.68522644;10.161423
a;12049565933270;-1.3965149;-0.98983765;9.828735
a;12049586074871;-1.5970917;-1.01651;9.549301
a;12049606216473;-2.127182;-1.0995789;9.799301
a;12049626358074;-2.6616516;-1.4145203;10.120605
a;12049646499676;-3.003006;-1.4418793;9.903076
a;12049666641278;-3.1179047;-1.5313873;9.238617
a;12049686782879;-3.1501312;-1.8037872;8.903748
a;12049706924481;-3.0411224;-1.929779;8.732254
a;12049727066082;-2.8826904;-1.5488129;9.345871
a;12049747207684;-2.7831726;-1.2116547;9.577087
a;12049767349285;-2.79393;-1.4733582;8.907608
a;12049787490887;-2.5752106;-1.9628601;8.544815
a;12049807632488;-2.4292297;-1.3505859;8.7773285
a;12049827774090;-2.1828613;-1.3626251;9.033569
a;12049847915692;-2.122223;-1.691391;8.8385315
a;12049868057293;-2.2060547;-2.1011505;8.399887
a;12049888198895;-1.9450378;-2.615265;8.417511
a;12049908340496;-1.8314056;-2.52211;9.010391
a;12049928482098;-1.9511719;-2.130722;9.0017395
a;12049948623699;-1.8126984;-2.2451935;8.289642
a;12049968765301;-1.4441986;-2.8019867;8.427567
a;12049988906903;-1.3014374;-3.0586853;9.442581
a;12050009048504;-1.4113922;-2.856964;9.513641
a;12050029190106;-1.5731812;-2.5824738;9.031616
a;12050049331707;-1.5876923;-2.7065735;8.723709
a;12050069473309;-1.536087;-2.9837036;8.841644
a;12050089614910;-1.6551208;-2.8810425;9.26474
a;12050109756512;-1.6575317;-2.44693;9.699326
a;12050129898113;-1.6649017;-2.5411072;9.524292
a;12050150039715;-1.972229;-3.1415253;9.022263
a;12050170181317;-2.013626;-3.1973572;9.143692
a;12050190322918;-2.0022736;-3.1820679;9.172302
a;12050210464520;-2.1708527;-3.246292;9.015778
a;12050230606121;-2.1894836;-3.1919556;8.779312
a;12050250747723;-2.2062073;-3.3185272;8.772644
a;12050270889324;-2.1510315;-3.2076416;9.115463
a;12050291030926;-2.1399536;-3.0673828;9.2174835
a;12050311172528;-2.223175;-3.1050873;9.0286255
a;12050331314129;-2.1733704;-2.8951569;8.997818
a;12050351455731;-2.091568;-3.0251465;8.94075
a;12050371597332;-2.1042023;-3.1067657;8.846848
a;12050391738934;-2.111084;-2.969757;8.860168
a;12050411880535;-2.0870514;-2.7450562;8.957657
a;12050432022137;-2.0113373;-2.9368286;9.159271
a;12050452163738;-2.0978394;-2.888626;9.513275
a;12050472305340;-2.2730865;-3.3235474;8.588348
a;12050492446942;-1.9297333;-3.38945;8.189713
a;12050512588543;-1.6860504;-2.8829346;9.131271
a;12050532730145;-1.923172;-2.6125793;9.619965
a;12050552871746;-2.0454712;-2.9539185;8.998825
a;12050573013348;-2.143982;-2.7884064;9.028
a;12050593154949;-2.0325165;-2.792984;9.091019
a;12050613296551;-2.0509949;-2.7939606;9.207596
a;12050633438153;-2.0509949;-2.8049622;9.33017
a;12050653579754;-2.1137238;-2.8715515;9.181107
a;12050673721356;-2.0907135;-2.8624115;9.033279
a;12050693862957;-2.031372;-2.795807;8.919098
a;12050714004559;-1.9377899;-2.9324036;8.9409485
a;12050734146160;-1.8648834;-2.9653625;9.075806
a;12050754287762;-1.8487854;-2.8763428;9.039658
a;12050774429363;-1.7971039;-2.909439;8.668549
a;12050794570965;-1.7180939;-2.7624512;8.60228
a;12050814712567;-1.5337067;-2.4559784;8.569458
a;12050834854168;-1.3594055;-2.213272;8.357956
a;12050854995770;-1.1689911;-2.0296783;8.371826
a;12050875137371;-1.2834167;-1.5082855;8.1015625
a;12050895278973;-1.2666016;-1.4429321;7.402527
a;12050915420574;-1.0706177;-1.7104187;6.9727936
a;12050935562176;-0.78302;-2.021103;7.2024994
a;12050955703778;-0.40222168;-2.3067017;7.3518066
a;12050975845379;-0.2520752;-2.0327454;7.290741
a;12050995986981;-0.15377808;-1.6289673;6.9002533
a;12051016128582;0.40011597;-2.1508331;6.9103394
a;12051036270184;1.2476044;-3.2371674;7.0530243
a;12051056411785;1.5801849;-3.3701782;6.9516907
a;12051076553387;1.5703278;-3.1614838;6.478607
a;12051096694988;2.0423431;-3.8335419;6.5878754
a;12051116836590;3.4068298;-5.8891754;7.7237244
a;12051136978192;4.2592163;-6.7780914;8.082199
a;12051157119793;3.954422;-5.539032;7.6854095
a;12051177261395;4.3530273;-5.4131927;7.8500977
a;12051197402996;5.392578;-6.786743;8.410812
a;12051217544598;5.710022;-7.136902;8.420029
a;12051237686199;5.1495667;-5.5430603;7.337677
a;12051257827801;5.534973;-5.6911163;6.391144
a;12051277969403;6.043503;-6.8170013;6.7529144
a;12051298111004;6.4609222;-7.323715;7.2619476
a;12051318252606;6.6789703;-6.7972565;7.073883
a;12051338394207;6.603073;-6.10701;6.4587097
a;12051358535809;6.591461;-5.720047;5.875992
a;12051378677410;6.5233;-5.261322;5.462311
a;12051398819012;6.533798;-4.727829;5.12706
a;12051418960613;6.7447815;-4.340576;4.582184
a;12051439102215;6.987488;-4.1035156;4.0939484
a;12051459243817;7.3184204;-3.9544067;3.6564026
a;12051479385418;7.850174;-3.9415283;3.3278656
a;12051499527020;8.571167;-4.087204;3.3097076
a;12051519668621;9.360352;-4.3797455;3.2404022
a;12051539810223;10.036026;-4.366089;2.7720032
a;12051559951824;10.79512;-4.232727;2.5456238
a;12051580093426;11.364105;-4.5088654;2.653305
a;12051600235028;11.471466;-5.072708;3.051834
a;12051620376629;11.016449;-5.0129395;2.982483
a;12051640518231;10.381683;-4.6057434;2.6453857
a;12051660659832;9.978806;-4.345703;2.534668
a;12051680801434;9.641769;-4.1378937;2.6789703
a;12051700943035;9.346359;-3.9182434;2.5337982
a;12051721084637;9.079117;-3.7600708;2.382904
a;12051741226238;8.885986;-3.6477814;2.1988373
a;12051761367840;8.656509;-3.5451965;2.100586
a;12051781509442;8.408157;-3.5744781;2.1163177
a;12051801651043;8.2421875;-3.615799;2.1536407
a;12051821792645;8.346634;-3.5890045;2.083603
a;12051841934246;8.589935;-3.5428162;1.9733276
a;12051862075848;8.899399;-3.4754486;1.8336182
a;12051882231322;9.031204;-3.4863892;1.6670685
a;12051902372924;9.157776;-3.5351563;1.5887756
a;12051922514526;9.260925;-3.5410767;1.5227051
a;12051942656127;9.264496;-3.4832916;1.5023804
a;12051962797729;9.226425;-3.3767395;1.5626678
a;12051982939330;9.23848;-3.245102;1.6920471
a;12052003080932;9.250473;-3.1046753;1.8993683
a;12052023222533;9.154663;-2.917282;1.9912262
a;12052043364135;8.984467;-2.8101196;2.010788
a;12052063505736;8.861282;-2.8514252;2.0302887
a;12052083647338;8.917725;-3.017746;1.9263458
a;12052103788940;9.02533;-3.0935364;1.8842468
a;12052123930541;9.098282;-3.2000122;1.7865143
a;12052144072143;9.122513;-3.311203;1.7441711
a;12052164213744;9.1671295;-3.358902;1.6917877
a;12052184355346;9.149048;-3.4176788;1.6284943
a;12052204496947;9.046463;-3.3883514;1.5928955
a;12052224638549;9.012512;-3.3873901;1.5848999
a;12052244780151;9.020355;-3.3648987;1.5929413
a;12052264921752;8.98848;-3.3673706;1.5591888
a;12052285063354;8.918762;-3.3504028;1.5935059
a;12052305204955;8.929337;-3.3781586;1.5938263
a;12052325346557;9.044754;-3.393341;1.6152039
a;12052345488158;9.144485;-3.3617096;1.7220612
a;12052365629760;9.145203;-3.2949982;1.8195496
a;12052385771361;9.052109;-3.232956;1.8323364
a;12052405912963;9.015427;-3.1979523;1.7861481
a;12052426054565;9.069336;-3.1713104;1.746109
a;12052446196166;9.142471;-3.1078644;1.700943
a;12052466337768;9.323059;-3.0874023;1.6915436
a;12052486479369;9.228119;-3.036621;1.653244
a;12052506620971;9.035065;-3.017273;1.6822357
a;12052526762572;8.950775;-3.0818176;1.7518005
a;12052546904174;8.923004;-3.0857544;1.8189392
a;12052567045776;8.941132;-3.0606842;1.7535706
a;12052587187377;9.091095;-3.1397705;1.7677612
a;12052607328979;9.136215;-3.2293243;1.7936401
a;12052627470580;9.055923;-3.3191986;1.7917786
a;12052647612182;8.988541;-3.337616;1.6949921
a;12052667753783;9.00946;-3.3334808;1.6617432
a;12052687895385;9.053131;-3.3307037;1.6609192
a;12052708036986;9.131134;-3.2786865;1.6791687
a;12052728178588;9.172058;-3.2427216;1.6866913
a;12052748320190;9.156662;-3.1606445;1.6912384
a;12052768461791;9.124878;-3.1191864;1.7105103
a;12052788603393;9.092529;-3.0621796;1.7599945
a;12052808744994;9.087753;-3.0076447;1.7474976
a;12052828886596;9.084122;-2.981659;1.786438
a;12052849028197;9.058594;-2.9873657;1.7883911
a;12052869169799;9.057068;-3.0063477;1.7771912
a;12052889311401;9.055344;-3.0577698;1.7649841
a;12052909453002;9.0624695;-3.1023865;1.7512054
a;12052929594604;9.107208;-3.1441345;1.711319
a;12052949736205;9.104828;-3.1700287;1.7380371
a;12052969877807;9.027313;-3.1769714;1.7340851
a;12052990019408;8.987976;-3.1554718;1.6970825
a;12053010161010;9.199371;-3.170761;1.6586151
a;12053030302611;9.190186;-3.158966;1.6806793
a;12053050444213;9.04924;-3.092453;1.7202148
a;12053070585815;9.035858;-3.1081238;1.7666779
a;12053090727416;8.984802;-3.1148376;1.8259277
a;12053110869018;8.979752;-3.0757446;1.7552948
a;12053131010619;9.1371;-3.0920715;1.7829132
a;12053151152221;9.161118;-3.1547394;1.7789307
a;12053171293822;9.064041;-3.182434;1.766571
a;12053191435424;9.04715;-3.1824188;1.7498322
a;12053211577026;9.074829;-3.1729584;1.6985016
a;12053231718627;9.088791;-3.1295319;1.7232361
a;12053251860229;9.129105;-3.160797;1.7234344
a;12053272001830;9.149399;-3.1343536;1.7010651
a;12053292143432;9.126114;-3.1094208;1.7281036
a;12053312285033;9.117798;-3.107895;1.7747345
a;12053332426635;9.093536;-3.0835114;1.7386627
a;12053352568236;9.11908;-3.081543;1.7442932
a;12053372709838;9.057739;-3.083313;1.7846069
a;12053392851440;9.0225525;-3.1049805;1.7821655
a;12053412993041;9.104919;-3.111557;1.7764435
a;12053433134643;9.099045;-3.1416016;1.7008667
a;12053453276244;9.113953;-3.1498718;1.7307281
a;12053473417846;9.072296;-3.1363983;1.7017059
a;12053493559447;9.041611;-3.1225586;1.707077
a;12053513701049;9.041794;-3.1274567;1.6897736
a;12053533842651;9.074722;-3.1039276;1.7510834
a;12053553984252;9.095505;-3.0777283;1.7617798
a;12053574125854;9.143356;-3.1058502;1.7515411
a;12053594267455;9.151672;-3.108307;1.7663879
a;12053614409057;9.155136;-3.121811;1.7244568
a;12053634550658;9.101822;-3.097824;1.7680206
a;12053654692260;9.103073;-3.0629883;1.7378693
a;12053674833861;9.10701;-3.0542603;1.7362976
a;12053694975463;9.09108;-3.0249023;1.7604218
a;12053715117065;9.109482;-3.0475464;1.7580414
a;12053735258666;9.134491;-3.0690765;1.7214203
a;12053755400268;9.145126;-3.0665283;1.7336273
a;12053775541869;9.141083;-3.0658264;1.7183228
a;12053795683471;9.112579;-3.0917206;1.7230225
a;12053815825072;9.061981;-3.0921936;1.7405701
a;12053835966674;9.079346;-3.061905;1.7361298
a;12053856108276;9.092636;-3.068695;1.7070618
a;12053876249877;9.123398;-3.083786;1.6953583
a;12053896391479;9.07753;-3.101471;1.7136078
a;12053916533080;9.051895;-3.0986786;1.7488861
a;12053936674682;9.072739;-3.0881653;1.7450256
a;12053956816283;9.138107;-3.1152802;1.7572632
a;12053976957885;9.136246;-3.10701;1.7718506
a;12053997099486;9.055588;-3.102829;1.7372589
a;12054017241088;9.06691;-3.1044006;1.728714
a;12054037382690;9.09079;-3.1073914;1.7494049
a;12054057524291;9.123184;-3.1246185;1.761322
a;12054077665893;9.09903;-3.1060486;1.7623596
a;12054097807494;9.090424;-3.1229248;1.7214355
a;12054117949096;9.1080475;-3.102768;1.7033081
a;12054138090697;9.057617;-3.1080017;1.7433777
a;12054158232299;9.087799;-3.0906372;1.739975
a;12054178373901;9.112579;-3.06633;1.7232666
a;12054198515502;9.046402;-3.0748138;1.7272644
a;12054218657104;9.090805;-3.0789185;1.708725
a;12054238798705;9.141647;-3.0857239;1.7143097
a;12054258940307;9.11795;-3.081665;1.7088928
a;12054279081908;9.105194;-3.07901;1.7157135
a;12054299223510;9.094254;-3.0585632;1.7546234
a;12054319365111;9.08551;-3.0462341;1.7508545
a;12054339506713;9.082916;-3.0708008;1.7445526
a;12054359648315;9.113922;-3.0568542;1.7387238
a;12054379789916;9.123001;-3.0722961;1.7444458
a;12054399931518;9.122208;-3.0947418;1.7310181
a;12054420073119;9.104095;-3.1015015;1.7056427
a;12054440214721;9.102829;-3.0819397;1.7322845
a;12054460356322;9.08699;-3.0465698;1.7549133
a;12054480497924;9.083847;-3.0616302;1.7397614
a;12054500639526;9.082397;-3.094757;1.7427521
a;12054520781127;9.100113;-3.1016693;1.7595673
a;12054540922729;9.094315;-3.1166382;1.743103
a;12054561064330;9.095245;-3.1150665;1.7440186
a;12054581205932;9.118942;-3.0946045;1.7239075
a;12054601347533;9.122711;-3.0988464;1.7678223
a;12054621489135;9.11795;-3.0835266;1.7572021
a;12054641630736;9.121185;-3.0658875;1.7107697
a;12054661772338;9.128815;-3.0460968;1.7434692
a;12054681913940;9.119659;-3.064148;1.7133942
a;12054702055541;9.104706;-3.0448608;1.7344513
a;12054722197143;9.069565;-3.0323334;1.7512207
a;12054742338744;9.084595;-3.026352;1.7473907
a;12054762480346;9.148468;-3.0769958;1.6790161
a;12054782621947;9.125504;-3.0939178;1.7385254
a;12054802763549;9.014679;-3.097519;1.7307892
a;12054822905151;9.052216;-3.1296082;1.7794952
a;12054843046752;9.158798;-3.1491547;1.8419495
a;12054863188354;9.206497;-3.1067352;1.8051758
a;12054883329955;9.118851;-3.1694794;1.7854462
a;12054903471557;9.058548;-3.154892;1.748291
a;12054923613158;9.054718;-3.1213074;1.7410583
a;12054943754760;9.064514;-3.080124;1.6752625
a;12054963896361;9.086899;-3.0530548;1.7012024
a;12054984037963;9.1332245;-3.0350037;1.7470245
a;12055004179565;9.058411;-3.0578003;1.7203674
a;12055024321166;9.0620575;-3.0772552;1.6987152
a;12055044462768;9.135574;-3.088913;1.7395477
a;12055064604369;9.138809;-3.097229;1.7795868
a;12055084745971;9.075836;-3.032425;1.8334808
a;12055104887572;9.049744;-3.100708;1.8023987
a;12055125029174;9.062485;-3.1010284;1.8212585
a;12055145170776;9.00499;-3.0740204;1.7778931
a;12055165312377;9.080078;-3.1473694;1.7630768
a;12055185453979;9.121307;-3.1609344;1.7459106
a;12055205595580;9.123779;-3.1184998;1.7575378
a;12055225737182;9.09903;-3.125473;1.7730713
a;12055245878783;9.067383;-3.0958405;1.7584076
a;12055266020385;9.041382;-3.0682068;1.8242645
a;12055286161986;9.096954;-3.043686;1.8728027
a;12055306303588;9.100998;-3.0614014;1.8522186
a;12055326445190;9.091644;-3.1096802;1.77594
a;12055346586791;9.080185;-3.112671;1.7424316
a;12055366728393;9.073303;-3.1364899;1.745575
a;12055386869994;9.069199;-3.1255646;1.763794
a;12055407011596;9.043289;-3.1366577;1.7489319
a;12055427153197;9.051346;-3.1501312;1.7501221
a;12055447294799;9.08844;-3.1665344;1.7852783
a;12055467436401;9.097809;-3.1527405;1.7926483
a;12055487578002;9.090637;-3.1332245;1.8016663
a;12055507719604;9.118301;-3.1295319;1.7705078
a;12055527861205;9.076431;-3.1052399;1.7909546
a;12055548002807;9.045822;-3.078308;1.7614746
a;12055568144408;9.050446;-3.0649872;1.793747
a;12055588286010;9.104172;-3.09198;1.7290344
a;12055608427611;9.164154;-3.1304474;1.737381
a;12055628569213;9.127441;-3.160965;1.7580719
a;12055648710815;9.061386;-3.131546;1.8197327
a;12055668852416;9.042465;-3.1641388;1.8244781
a;12055688994018;9.05986;-3.1147766;1.8774719
a;12055709135619;9.063034;-3.1828918;1.8133545
a;12055729277221;9.083496;-3.1892548;1.8020935
a;12055749418822;9.110947;-3.1806335;1.726181
a;12055769560424;9.15361;-3.1917572;1.7493896
a;12055789702026;9.095413;-3.1424866;1.7476959
a;12055809843627;9.079285;-3.1127014;1.7913971
a;12055829985229;9.0142975;-3.0695648;1.783493
a;12055850126830;9.019913;-3.0802765;1.7437744
a;12055870268432;9.088562;-3.07872;1.7525787
a;12055890410033;9.127396;-3.0976715;1.7299194
a;12055910551635;9.104904;-3.1355438;1.7398071
a;12055930693236;9.081436;-3.0895996;1.7908478
a;12055950834838;9.063812;-3.0881348;1.7787476
a;12055970976440;9.057556;-3.1006622;1.7727203
a;12055991118041;9.062897;-3.127243;1.7797852
a;12056011259643;9.122482;-3.1438751;1.7739563
a;12056031401244;9.104675;-3.15094;1.7580414
a;12056051542846;9.094177;-3.1155853;1.7593384
a;12056071684447;9.095474;-3.110138;1.804596
a;12056091826049;9.09494;-3.0724335;1.7912445
a;12056111967651;9.092957;-3.120041;1.7923889
a;12056132109252;9.116989;-3.0989532;1.8010712
a;12056152250854;9.130112;-3.0865479;1.7805023
a;12056172392455;9.101624;-3.1148071;1.8038177
a;12056192534057;9.0612335;-3.0764618;1.7728119
a;12056212675658;9.066788;-3.0693054;1.7552948
a;12056232817260;9.077774;-3.070984;1.7595215
a;12056252958861;9.058456;-3.1034698;1.7793579
a;12056273100463;9.091095;-3.1006165;1.7724457
a;12056293242065;9.09227;-3.1276703;1.7597351
a;12056313383666;9.099289;-3.1129913;1.7620087
a;12056333525268;9.069687;-3.1170044;1.7962494
a;12056353666869;9.0924835;-3.0890656;1.7664795
a;12056373808471;9.068344;-3.095169;1.788147
a;12056393950072;9.042191;-3.0668182;1.7745514
a;12056414091674;9.072723;-3.0726929;1.7744293
a;12056434233276;9.113052;-3.0999603;1.7673645
a;12056454374877;9.10553;-3.077774;1.8197021
a;12056474516479;9.061035;-3.0675354;1.8412781
a;12056494658080;9.071106;-3.0643463;1.7660675
a;12056514799682;9.101746;-3.0653534;1.7969208
a;12056534941283;9.135895;-3.0717773;1.7120209
a;12056555082885;9.131866;-3.0986786;1.7493744
a;12056575224486;9.07634;-3.0720978;1.7569122
a;12056595366088;9.066101;-3.0862122;1.7725525
a;12056615507690;9.070618;-3.0722961;1.7677612
a;12056635649291;9.092728;-3.0484924;1.8217773
a;12056655790893;9.084747;-3.058899;1.7701263
a;12056675932494;9.081436;-3.0770416;1.7917938
a;12056696074096;9.150391;-3.0841675;1.7483215
a;12056716215697;9.146744;-3.0940094;1.7577972
a;12056736357299;9.094482;-3.0605469;1.7699738
a;12056756498901;9.078842;-3.0538635;1.7739258
a;12056776640502;9.071533;-3.0344543;1.7850647
a;12056796782104;9.083893;-3.04805;1.7377167
a;12056816923705;9.13562;-3.0832367;1.7027893
a;12056837065307;9.136505;-3.0908966;1.7473145
a;12056857206908;9.117371;-3.1101685;1.7317047
a;12056877348510;9.11322;-3.1194763;1.7612152
a;12056897490111;9.1017;-3.094635;1.7799377
a;12056917631713;9.10585;-3.104187;1.8313751
a;12056937773315;9.067017;-3.0809631;1.7938385
a;12056957914916;9.095169;-3.110672;1.7964935
a;12056978056518;9.106094;-3.069641;1.7620544
a;12056998198119;9.108444;-3.094513;1.788681
a;12057018339721;9.130646;-3.0921326;1.809433
a;12057038481322;9.09758;-3.070221;1.7815247
a;12057058622924;9.045639;-3.071579;1.7146301
a;12057078764526;9.092697;-3.079544;1.6891632
a;12057098906127;9.071152;-3.049881;1.6632843
a;12057119047729;9.014099;-3.0321503;1.7116394
a;12057139189330;8.993088;-3.0751343;1.6973572
a;12057159330932;9.065231;-3.1097107;1.7787018
a;12057179472533;9.161209;-3.1313782;1.8508911
a;12057199614135;9.120377;-3.1363525;1.8726044
a;12057219755736;9.050217;-3.179947;1.9092255
a;12057239897338;9.061584;-3.1864166;1.9135895
a;12057260038940;9.06955;-3.1623383;1.8732605
a;12057280180541;9.158737;-3.1839142;1.8527069
a;12057300322143;9.108459;-3.155304;1.8366394
a;12057320463744;9.019409;-3.1563416;1.7443237
a;12057340605346;9.03537;-3.1434784;1.7042847
a;12057360746947;9.099045;-3.0908966;1.757904
a;12057380888549;9.136322;-3.0547943;1.7637482
a;12057401030151;9.08046;-3.07135;1.7533722
a;12057421171752;9.080307;-3.1543274;1.7640839
a;12057441313354;9.078506;-3.1940002;1.8133545
a;12057461454955;8.9687195;-3.2844238;1.9725189
a;12057481596557;8.874603;-3.4099884;2.114563
a;12057501738158;8.955704;-3.4993591;2.1459045
a;12057521879760;8.942261;-3.6257782;2.1266327
a;12057542021361;9.073944;-3.827713;2.1158447
a;12057562162963;9.13623;-4.162552;2.5977325
a;12057582304565;8.935394;-4.114044;3.3481598
a;12057602446166;8.967316;-4.1484528;3.6403198
a;12057622587768;8.872147;-4.5836487;3.4232178
a;12057642729369;8.756485;-5.1343994;3.7170563
a;12057662870971;8.715393;-5.9187775;4.255081
a;12057683012572;9.011246;-6.251709;5.0306854
a;12057703154174;9.407043;-5.9707947;5.49942
a;12057723295776;9.653397;-6.413147;5.0710297
a;12057743437377;9.620163;-7.238037;4.9749756
a;12057763578979;9.557449;-7.4048767;5.358597
a;12057783720580;9.38858;-7.1112976;5.9955444
a;12057803862182;9.40329;-7.616562;5.793503
a;12057824003783;9.615173;-8.12088;5.653473
a;12057844145385;9.524414;-8.588699;5.338318
a;12057864286986;9.338547;-8.691895;5.313141
a;12057884428588;9.2999115;-8.356018;5.693863
a;12057904570190;9.36377;-8.2921295;5.6990814
a;12057924711791;9.04985;-8.526291;5.9243317
a;12057944853393;8.668396;-8.525299;5.938568
a;12057964994994;8.720825;-8.6259;5.5263824
a;12057985136596;8.549957;-8.61499;5.387268
a;12058005278197;8.16243;-8.399765;5.5212708
a;12058025419799;7.7653503;-8.233063;5.5234833
a;12058045561401;7.221283;-8.180191;5.7436066
a;12058065703002;6.531891;-7.7679596;5.9647827
a;12058085844604;5.7224884;-7.136856;6.1218414
a;12058105986205;5.00235;-7.0650635;5.9442444
a;12058126127807;4.1143036;-7.1383514;5.950409
a;12058146269408;3.13562;-7.0343018;5.972122
a;12058166411010;2.60318;-6.5793;6.10997
a;12058186552611;2.2515564;-6.357849;5.905304
a;12058206694213;1.6112671;-6.593506;5.2796783
a;12058226835815;1.1699829;-6.4794006;5.819397
a;12058246977416;0.8490906;-6.147629;6.212494
a;12058267119018;0.8176117;-5.892639;5.330719
a;12058287260619;0.7735748;-5.287613;5.0016937
a;12058307402221;0.3248291;-5.0177307;5.0070496
a;12058327543822;-0.2106781;-5.0752563;4.9814606
a;12058347685424;-0.30549622;-4.583145;5.404831
a;12058367827026;-0.3887329;-3.9976807;5.1612244
a;12058387968627;-0.9211426;-3.8906403;5.580307
a;12058408110229;-0.9334259;-3.8147583;6.2267456
a;12058428251830;-0.6665802;-4.1385803;6.1720123
a;12058448393432;-0.956192;-4.1401825;6.070587
a;12058468535033;-1.183548;-4.27507;6.2882233
a;12058488676635;-1.4312592;-4.4257507;5.9440765
a;12058508818236;-1.7696991;-4.015091;6.527466
a;12058528959838;-1.6407166;-3.8221893;6.4873962
a;12058549101440;-2.0433807;-4.2266846;5.872589
a;12058569243041;-2.3910522;-4.513748;6.019394
a;12058589384643;-2.2048035;-4.483383;6.491043
a;12058609526244;-2.21904;-3.9802094;6.541275
a;12058629667846;-2.4278107;-4.6319275;7.004364
a;12058649809447;-2.4069824;-5.06929;6.9041443
a;12058669951049;-2.9340057;-4.426422;6.7518005
a;12058690092651;-3.125061;-4.492935;7.186905
a;12058710234252;-3.0702057;-5.1595306;7.114258
a;12058730375854;-2.8723907;-4.9930725;7.6359863
a;12058750517455;-2.6334229;-4.606064;7.9651184
a;12058770659057;-2.701645;-4.881546;7.8980255
a;12058790800658;-2.6311798;-5.3440094;7.6691895
a;12058810942260;-2.6172333;-5.7552795;7.6414185
a;12058831083861;-2.8432312;-6.3314056;6.6514893
a;12058851225463;-3.426239;-6.3435364;5.81514
a;12058871367065;-3.3372345;-5.942932;6.1349487
a;12058891508666;-3.409851;-6.1327667;6.549698
a;12058911650268;-3.8718414;-6.916214;6.675125
a;12058931791869;-3.6192017;-6.926071;6.822815
a;12058951933471;-3.1124878;-6.5583954;6.156372
a;12058972075072;-2.9455261;-5.6941986;6.7202454
a;12058992216674;-3.2390442;-6.8001404;6.8442993
a;12059012358276;-3.154129;-8.0816345;6.8204193
a;12059032499877;-3.2110748;-7.8677063;6.931198
a;12059052641479;-3.7525024;-7.6481323;7.168457
a;12059072783080;-4.33284;-8.16687;6.6119385
a;12059092924682;-4.18042;-8.138565;6.5696564
a;12059113066283;-3.9201202;-7.789688;6.780136
a;12059133207885;-4.516388;-7.581833;6.740219
a;12059153349486;-4.6635895;-7.388199;5.970108
a;12059173491088;-4.359955;-7.24498;6.280716
a;12059193632690;-4.0811615;-7.0023956;6.0910797
a;12059213774291;-4.534851;-6.558441;4.857498
a;12059233915893;-5.074875;-6.5259857;4.16156
a;12059254057494;-4.3433228;-5.7921295;4.7467957
a;12059274199096;-4.3969727;-4.335022;4.88266
a;12059294340697;-4.214493;-3.7451324;4.4726257
a;12059314482299;-4.368622;-3.3941193;3.4047546
a;12059334623901;-5.2091064;-3.164383;4.4056854
a;12059354765502;-5.1255646;-3.9233246;6.229965
a;12059374907104;-5.51503;-5.4616394;6.7748566
a;12059395048705;-6.1845703;-6.800354;6.6582336
a;12059415190307;-5.560486;-7.68161;5.549103
a;12059435331908;-5.0898895;-6.873703;5.0883636
a;12059455473510;-5.611328;-5.5124207;4.2118835
a;12059475615111;-6.2873383;-6.488785;4.568924
a;12059495756713;-5.8891296;-8.123505;4.9267273
a;12059515898315;-5.589508;-8.865341;4.7115173
a;12059536039916;-5.00914;-8.854523;4.5144043
a;12059556181518;-5.6309814;-7.263397;3.8747406
a;12059576323119;-6.529663;-7.124222;4.4717255
a;12059596464721;-6.4683533;-8.119186;4.515808
a;12059616606322;-6.4082336;-7.870224;4.37912
a;12059636747924;-6.2592773;-7.8049316;3.959259
a;12059656889526;-7.255432;-8.492096;5.6058197
a;12059677031127;-6.7753754;-8.122253;5.8197327
a;12059697172729;-6.337631;-7.2315826;4.613571
a;12059717314330;-7.176468;-7.834305;3.9475403
a;12059737455932;-7.39209;-7.0872345;4.9237366
a;12059757597533;-7.0211945;-7.726242;6.579956
a;12059777739135;-6.452179;-7.506546;5.7504883
a;12059797880736;-7.016403;-7.0555267;4.3933105
a;12059818022338;-7.6364594;-6.7354584;2.9659882
a;12059838163940;-7.256546;-6.6899414;4.53862
a;12059858305541;-6.926132;-7.152237;6.526306
a;12059878447143;-6.7931366;-7.650421;5.575836
a;12059898588744;-6.8503113;-7.699585;4.672394
a;12059918730346;-6.994873;-7.321411;5.0779877
a;12059938871947;-6.565216;-6.793167;5.741165
a;12059959013549;-6.034485;-5.969696;5.7373047
a;12059979155151;-5.8406067;-5.492508;4.838608
a;12059999296752;-5.2006683;-5.352524;3.9790955
a;12060019438354;-4.5012207;-4.7664337;3.4902802
a;12060039579955;-3.8209229;-3.8814545;3.5836487
a;12060059721557;-3.5056305;-2.578598;2.9770813
a;12060079863158;-3.240982;-1.4269409;2.1116333
a;12060100004760;-2.9300385;-1.1405792;1.7664795
a;12060120146361;-3.0510406;-1.0930481;1.6378326
a;12060140287963;-3.592987;-1.0630951;1.2988434
a;12060160429565;-3.5515747;-0.98013306;1.6678772
a;12060180571166;-3.9782562;-1.4870453;2.3697662
a;12060200712768;-4.5071564;-2.7101135;2.6289063
a;12060220854369;-4.663727;-3.5123901;3.0331879
a;12060240995971;-4.933014;-3.7403107;3.176468
a;12060261137572;-6.2910614;-3.7436066;3.8256073
a;12060281279174;-8.112213;-5.408676;4.150772
a;12060301420776;-8.1006775;-7.6557617;4.7538605
a;12060321562377;-6.2759247;-7.749298;5.752701
a;12060341703979;-6.7669373;-6.106125;6.489502
a;12060361845580;-8.286026;-7.432541;6.154007
a;12060381987182;-8.080109;-9.668808;5.013336
a;12060402128783;-6.1877747;-10.490921;5.635086
a;12060422270385;-5.9138336;-9.174973;5.762924
a;12060442411986;-6.707855;-8.48645;5.3919983
a;12060462553588;-6.1082916;-9.944565;4.773056
a;12060482695190;-5.6082916;-10.773514;4.983444
a;12060502836791;-5.3135986;-9.750336;4.8540955
a;12060522978393;-6.663971;-9.330536;4.8606873
a;12060543119994;-6.591156;-9.880035;5.112549
a;12060563261596;-5.50679;-10.236176;5.863022
a;12060583403197;-5.157074;-9.992798;6.1573486
a;12060603544799;-5.639801;-9.591385;6.318939
a;12060623686401;-5.944565;-9.435822;6.0739136
a;12060643828002;-5.8743896;-9.03566;5.64299
a;12060663969604;-6.1716614;-8.707916;5.7077637
a;12060684111205;-6.3943634;-8.676834;6.06398
a;12060704252807;-6.2910614;-8.6474;6.4597473
a;12060724394408;-6.4919434;-8.954529;6.520874
a;12060744536010;-6.866577;-9.007797;6.395645
a;12060764677611;-7.573227;-9.208008;6.227997
a;12060784819213;-8.101044;-9.327362;6.8734283
a;12060804960815;-7.447571;-9.131836;7.631439
a;12060825102416;-7.2875977;-8.70752;7.035431
a;12060845244018;-8.171188;-8.290726;5.8306427
a;12060865385619;-8.679596;-8.104782;4.9859314
a;12060885527221;-8.124496;-8.056732;5.3104706
a;12060905668822;-7.418564;-7.3076935;5.6584473
a;12060925810424;-7.354141;-6.6399994;5.723816
a;12060945952026;-7.1043243;-6.4695587;4.7916107
a;12060966093627;-6.763214;-5.950775;4.4803314
a;12060986235229;-5.3311157;-4.984543;4.6240234
a;12061006376830;-4.545288;-3.5658264;4.3350067
a;12061026518432;-4.4976196;-2.954544;3.2388458
a;12061046660033;-4.2102203;-2.870575;2.481247
a;12061066801635;-3.2785645;-3.044632;2.7726288
a;12061086943236;-2.4691925;-2.6272583;2.591156
a;12061107084838;-2.6375122;-1.8349457;2.2677612
a;12061127226440;-2.8917694;-1.6728516;2.1207275
a;12061147368041;-2.6289673;-1.2622681;1.8958435
a;12061167509643;-2.4971619;-0.54907227;1.6407776
a;12061187651244;-3.3106995;-0.80615234;1.5310516
a;12061207792846;-4.115265;-1.1706085;1.7005463
a;12061227934447;-3.55896;-1.2678528;2.1095886
a;12061248076049;-2.4881897;-0.97442627;2.600113
a;12061268217651;-3.1230164;-1.5896759;2.8175201
a;12061288359252;-3.8121338;-2.9674988;2.2821198
a;12061308500854;-4.241287;-3.5632477;1.8101349
a;12061328642455;-4.7747955;-3.7185822;2.1065521
a;12061348784057;-6.080887;-4.184021;2.694397
a;12061368925658;-6.905304;-5.1379395;3.1304932
a;12061389067260;-6.763626;-5.4206696;3.6099243
a;12061409208861;-8.364899;-5.7445374;4.4974823
a;12061429350463;-8.63858;-6.855667;4.9351196
a;12061449492065;-7.804474;-7.538986;5.358429
a;12061469633666;-7.017227;-7.009506;5.9834595
a;12061489775268;-8.227783;-7.354141;6.9544983
a;12061509916869;-8.650024;-9.004608;7.5921326
a;12061530058471;-6.9944763;-9.769226;7.6941986
a;12061550200072;-6.179367;-8.841843;6.909363
a;12061570341674;-7.604599;-9.030487;6.367096
a;12061590483276;-8.272873;-10.94075;6.827301
a;12061610624877;-6.808792;-11.494919;7.958893
a;12061630766479;-6.0674896;-10.105881;8.307526
a;12061650908080;-6.563492;-9.529999;7.202118
a;12061671049682;-7.0188446;-10.400314;6.5246887
a;12061691191283;-6.448166;-10.943573;6.68396
a;12061711332885;-5.946701;-10.101929;7.308716
a;12061731474486;-5.9023743;-8.60968;7.001053
a;12061751616088;-6.1794434;-8.095139;6.197296
a;12061771757690;-6.026535;-8.505356;5.7220917
a;12061791899291;-5.922226;-8.692474;5.8754883
a;12061812040893;-6.5274353;-9.029861;6.4010925
a;12061832182494;-6.763611;-9.819626;6.8691864
a;12061852324096;-6.448944;-10.033478;6.7499847
a;12061872449314;-6.6065216;-9.374359;5.9343414
a;12061892590916;-7.699356;-8.782227;5.6610107
a;12061912732518;-7.9577026;-8.604034;5.860382
a;12061932874119;-7.0550995;-8.379669;6.1421204
a;12061953015721;-7.0991974;-7.7615204;5.6222076
a;12061973157322;-7.7746735;-7.8301697;5.157089
a;12061993298924;-7.1806335;-7.541031;4.890869
a;12062013440525;-6.347534;-6.29895;4.434601
a;12062033582127;-6.4747467;-5.310135;4.418686
a;12062053723728;-6.6475983;-5.6267853;4.77919
a;12062073865330;-5.6583405;-5.703018;5.2411346
a;12062094006932;-4.8455048;-5.0312195;4.816162
a;12062114148533;-4.9572144;-3.9133759;3.8223877
a;12062134290135;-4.806305;-3.4400635;3.1817017
a;12062154431736;-4.3573;-3.4924316;3.2227325
a;12062174573338;-4.3161774;-3.9125366;3.1605835
a;12062194714939;-3.8258972;-4.271988;3.4910736
a;12062214856541;-3.7646637;-3.4993896;3.8265991
a;12062234998143;-4.0645905;-2.8812408;3.4178772
a;12062255139744;-3.8754425;-2.576828;2.3822021
a;12062275281346;-3.7053223;-1.8088837;1.4787598
a;12062295422947;-3.5235596;-1.8412018;1.2670441
a;12062315564549;-3.7738342;-2.39711;1.3940735
a;12062335706150;-4.018753;-2.0836792;1.4700928
a;12062355847752;-3.548767;-1.9610901;1.763031
a;12062375989353;-3.0431519;-2.1305237;2.0234222
a;12062396130955;-2.3511658;-2.9430237;1.4931641
a;12062416272557;-2.0601807;-3.5188904;0.7056427
a;12062436414158;-2.2978973;-3.001297;0.7826843
a;12062456555760;-5.684143;-2.8073425;2.1682892
a;12062476697361;-8.044418;-4.0775757;3.1595764
a;12062496838963;-5.5483856;-5.7226105;3.8066711
a;12062516980564;-5.3315887;-4.7309875;3.3423615
a;12062537122166;-10.471466;-3.605545;4.2910614
a;12062557263768;-11.167801;-5.3134003;4.8611145
a;12062577405369;-7.4745636;-7.2957;5.701538
a;12062597546971;-6.867035;-7.1688843;5.0956116
a;12062617688572;-9.022949;-6.306839;4.8591766
a;12062637830174;-8.670166;-7.637268;6.017578
a;12062657971775;-6.9405518;-9.559433;7.7143707
a;12062678113377;-6.699875;-9.116409;7.4028015
a;12062698254978;-8.526932;-8.493408;6.659668
a;12062718396580;-9.05159;-9.972641;6.386078
a;12062738538182;-7.6561584;-11.019974;7.0847473
a;12062758679783;-6.889206;-10.346298;7.4627686
a;12062778821385;-7.7959747;-10.130325;7.2087708
a;12062798962986;-7.88739;-10.68483;6.95607
a;12062819104588;-7.28302;-10.7030945;7.2696686
a;12062839246189;-6.6937714;-9.870422;6.772217
a;12062859387791;-6.886032;-9.023163;6.2196198
a;12062879529393;-7.0106354;-8.52655;6.2247314
a;12062899670994;-6.719574;-8.151291;6.0246124
a;12062919812596;-6.9540253;-8.314468;5.892578
a;12062939954197;-7.211273;-8.924744;6.001175
a;12062960095799;-7.4293976;-8.902161;5.7915344
a;12062980237400;-7.478241;-8.516937;6.0256805
a;12063000379002;-7.295868;-7.959381;6.0750885
a;12063020520603;-7.308182;-7.5329437;5.7072754
a;12063040662205;-7.574341;-7.443878;5.45401
a;12063060803807;-7.72052;-7.5341644;5.4507904
a;12063080945408;-7.0633087;-7.2428436;5.6941986
a;12063101087010;-7.0159607;-6.5204773;5.3920135
a;12063121228611;-7.045349;-6.3233795;4.84169
a;12063141370213;-7.0815735;-6.4490967;4.4998474
a;12063161511814;-6.7341614;-6.399994;4.862503
a;12063181653416;-6.138382;-5.6635284;4.5193024
a;12063201795018;-6.403244;-5.221222;3.9636078
a;12063221936619;-6.4377594;-5.3822937;3.6183624
a;12063242078221;-5.6443176;-5.079788;3.8241272
a;12063262219822;-5.479416;-4.5856323;3.5613098
a;12063282361424;-6.0077057;-4.68631;3.6156006
a;12063302503025;-5.0743866;-5.3784943;4.828018
a;12063322644627;-4.2580414;-4.774124;4.954712
a;12063342786228;-4.212372;-3.993042;3.8143158
a;12063362927830;-3.736374;-3.9918823;2.2120972
a;12063383069432;-3.2368317;-3.2819366;0.8924408
a;12063403211033;-3.248108;-1.6457062;-0.019104004
a;12063423352635;-3.6648712;-1.6071472;0.73794556
a;12063443494236;-3.8351135;-2.1385345;2.3164063
a;12063463635838;-3.6399689;-1.5573425;3.0433807
a;12063483777439;-3.449707;-0.96273804;3.0446167
a;12063503919041;-3.2444;-1.5050964;2.9972076
a;12063524060643;-3.4277039;-1.8692169;2.7208862
a;12063544202244;-2.9898224;-2.0777588;2.256546
a;12063564343846;-2.420288;-2.9293213;2.2808533
a;12063584485447;-4.2902374;-3.778534;2.4049072
a;12063604627049;-5.613693;-4.187912;2.943039
a;12063624768650;-5.191391;-3.7793274;4.2729034
a;12063644910252;-6.3029327;-3.962326;4.6275787
a;12063665051853;-9.372345;-4.7880096;3.6812286
a;12063685193455;-10.556;-6.3784485;3.4415894
a;12063705335057;-8.0924835;-7.8861237;4.953232
a;12063725476658;-6.6326904;-7.7083282;6.029587
a;12063745618260;-8.163986;-6.476715;6.195404
a;12063765759861;-7.968857;-7.182129;6.910202
a;12063785901463;-6.1473083;-7.88443;7.7648163
a;12063806043064;-6.4280853;-6.6750183;7.708313
a;12063826184666;-8.328598;-6.2476044;7.555084
a;12063846326268;-8.354782;-8.213562;7.164917
a;12063866467869;-6.797455;-9.881744;7.9960175
a;12063886609471;-5.954315;-8.634491;7.4045563
a;12063906751072;-7.016678;-8.368164;7.183609
a;12063926892674;-7.162094;-10.060364;8.004868
a;12063947034275;-6.3642273;-10.633102;8.786346
a;12063967175877;-6.0805206;-10.325958;8.556183
a;12063987317478;-6.3238525;-9.798767;7.270233
a;12064007459080;-6.4672394;-8.784683;6.374527
a;12064027600682;-6.290085;-8.531021;6.528473
a;12064047742283;-6.2496185;-8.44754;6.5454407
a;12064067883885;-6.199402;-8.455322;6.1934967
a;12064088025486;-6.2867584;-8.356674;5.8067474
a;12064108167088;-6.4582367;-8.32225;6.1629333
a;12064128308689;-6.426895;-8.301437;6.6307373
a;12064148450291;-6.524719;-7.992447;6.2058563
a;12064168591893;-6.8979187;-7.1822815;5.698227
a;12064188733494;-7.1677704;-6.6966705;5.967743
a;12064208875096;-7.0168304;-6.2504425;6.3370667
a;12064229016697;-7.152832;-5.525635;6.194702
a;12064249158299;-7.314514;-5.7796936;5.59993
a;12064269299900;-6.847458;-6.3633423;5.330002
a;12064289441502;-6.385376;-5.9887085;5.2915344
a;12064309583103;-6.557724;-5.812271;5.055435
a;12064329724705;-6.359665;-5.639847;4.899185
a;12064349866307;-6.218872;-5.123581;5.1437225
a;12064370007908;-6.1885834;-5.101761;5.1713104
a;12064390149510;-5.9994354;-5.06662;4.373352
a;12064410291111;-5.577011;-5.1099396;4.064026
a;12064430432713;-5.159439;-5.4472504;4.5548096
a;12064450574314;-5.079376;-5.007721;5.12175
a;12064470715916;-5.5912933;-4.5901337;5.268631
a;12064490857518;-5.397278;-5.0400085;4.7306366
a;12064510999119;-4.773346;-5.213089;4.231537
a;12064531140721;-4.826065;-4.359787;3.850357
a;12064551282322;-5.173477;-4.151352;3.0577087
a;12064571423924;-4.7062836;-4.523346;2.4757996
a;12064591565525;-3.8057404;-3.8559265;2.203308
a;12064611707127;-3.4239807;-2.707779;1.8729095
a;12064631848728;-4.053192;-2.1837769;1.2707977
a;12064651990330;-4.407669;-1.7176056;1.415802
a;12064672131932;-4.1907196;-1.4884796;1.9605713
a;12064692273533;-3.3082733;-1.7247467;1.9034882
a;12064712415135;-2.6100006;-1.7012634;1.838913
a;12064732556736;-3.74115;-1.9008179;1.8622437
a;12064752698338;-5.166565;-2.298935;2.0063782
a;12064772839939;-4.1889954;-2.4502258;2.5956879
a;12064792981541;-3.117859;-2.3658447;3.5037384
a;12064813123143;-5.40477;-2.8589935;3.7471313
a;12064833264744;-7.8265533;-4.3136444;3.026352
a;12064853406346;-6.471695;-5.877701;2.6321106
a;12064873547947;-5.676483;-5.7013397;2.8326416
a;12064893689549;-8.912277;-5.772583;3.835678
a;12064913831150;-9.57811;-7.1577454;4.90329
a;12064933972752;-6.824402;-8.360992;7.2382507
a;12064954114353;-6.250229;-7.6841125;7.152588
a;12064974255955;-8.636353;-7.2813263;6.9806824
a;12064994397557;-8.609909;-9.443665;7.476181
a;12065014539158;-7.0755005;-11.070419;8.398865
a;12065034680760;-6.962097;-10.213715;7.6168213
a;12065054822361;-8.265076;-10.33989;6.698532
a;12065074963963;-7.7966003;-11.551514;6.9765015
a;12065095105564;-6.864807;-11.978058;7.6493073
a;12065115247166;-6.4313965;-11.388855;7.8572845
a;12065135388768;-7.143341;-11.476868;7.1203766
a;12065155530369;-7.079483;-10.991959;5.908676
a;12065175671971;-6.4295044;-9.863174;5.9043884
a;12065195813572;-6.1710663;-9.364349;5.7269897
a;12065215955174;-6.2560425;-8.703629;4.964203
a;12065236096775;-6.2180023;-8.706375;5.115402
a;12065256238377;-6.30661;-8.490112;5.3810883
a;12065276379978;-6.7835693;-8.088867;5.9642944
a;12065296521580;-7.5898743;-8.636383;6.241791
a;12065316663182;-7.116516;-8.369019;6.2375946
a;12065336804783;-7.19046;-7.504654;5.9014587
a;12065356946385;-7.6666107;-7.1085052;5.5895233
a;12065377087986;-7.548935;-6.911682;5.584442
a;12065397229588;-7.238907;-6.6144714;5.184845
a;12065417371189;-6.8887634;-6.420868;4.694702
a;12065437512791;-6.5030823;-6.236725;4.8113403
a;12065457654393;-6.547287;-5.6301727;5.078766
a;12065477795994;-6.375473;-5.345093;5.1482697
a;12065497937596;-5.8142853;-5.3363495;4.6284943
a;12065518079197;-5.5012665;-4.8889923;4.174835
a;12065538220799;-5.2990723;-4.748749;4.115555
a;12065558362400;-4.8319855;-4.923828;4.441223
a;12065578504002;-4.778717;-4.551483;4.692398
a;12065598645603;-4.8279114;-4.3092957;4.502823
a;12065618787205;-4.67157;-4.12529;4.530319
a;12065638928807;-4.7772827;-4.152725;4.4081726
a;12065659070408;-5.525955;-4.3938446;4.2851715
a;12065679212010;-5.4717255;-4.510391;4.881531
a;12065699353611;-4.6788483;-4.163971;5.29422
a;12065719495213;-4.115082;-3.4972076;4.611786
a;12065739636814;-3.5582428;-2.805725;3.3601837
a;12065759778416;-3.261856;-2.317093;2.220749
a;12065779920018;-3.081726;-1.9049377;2.007721
a;12065800061619;-3.2556152;-1.7326813;1.8854218
a;12065820203221;-3.9848328;-1.1535797;1.8753357
a;12065840344822;-3.7268372;-1.0234985;2.0653687
a;12065860486424;-3.1662903;-2.0032349;1.8092041
a;12065880628025;-3.4178772;-2.6229553;1.9798889
a;12065900769627;-4.104065;-2.527588;2.770935
a;12065920911228;-5.090866;-2.7917023;3.067154
a;12065941052830;-5.73674;-3.8990936;3.0362854
a;12065961194432;-6.0536957;-5.007477;2.8634796
a;12065981336033;-5.541855;-5.153305;3.3241425
a;12066001477635;-7.5866547;-5.734268;3.7187042
a;12066021619236;-9.051804;-7.557022;4.312332
a;12066041760838;-6.900299;-8.54274;4.913376
a;12066061902439;-5.88472;-7.315857;5.114334
a;12066082044041;-7.684311;-7.828949;5.302368
a;12066102185643;-7.775543;-9.762497;4.666092
a;12066122327244;-6.2011566;-10.766144;4.778961
a;12066142468846;-6.371475;-9.889862;5.1831665
a;12066162610447;-7.72818;-9.639206;6.3372803
a;12066182752049;-7.610916;-10.63118;6.708191
a;12066202893650;-6.6824036;-11.764618;6.7462463
a;12066223035252;-6.564331;-11.976944;6.1291504
a;12066243176853;-7.507965;-11.740509;6.183899
a;12066263318455;-7.2659607;-11.39061;7.3012695
a;12066283460057;-6.4469757;-10.698883;7.8842316
a;12066303601658;-6.0541534;-9.500412;6.881897
a;12066323743260;-6.6105804;-8.856537;5.3363953
a;12066343884861;-6.740753;-9.118286;4.8466797
a;12066364026463;-5.5744476;-8.062759;5.57959
a;12066384168064;-5.3819427;-6.6341248;5.8589325
a;12066404309666;-6.277664;-6.518326;5.312561
a;12066424451268;-6.152298;-6.9264984;5.24382
a;12066444592869;-5.6996155;-6.851639;5.7658386
a;12066464734471;-5.607773;-6.7185364;6.212845
a;12066484876072;-5.7736053;-6.5546875;5.5621185
a;12066505017674;-6.2058105;-6.5645447;4.597748
a;12066525159275;-6.4627533;-6.860855;4.1978607
a;12066545300877;-6.2252655;-7.0534363;4.5612335
a;12066565442478;-5.91893;-6.6752014;4.8556824
a;12066585584080;-6.2170258;-6.3338013;4.795273
a;12066605725682;-6.6980896;-6.4677124;4.747116
a;12066625867283;-6.5335846;-6.591873;4.859604
a;12066646008885;-5.9682465;-6.179306;4.761322
a;12066666150486;-5.9780426;-5.690918;4.3751984
a;12066686292088;-6.0940247;-5.6514893;4.1482697
a;12066706433689;-5.7611237;-5.843155;4.3616333
a;12066726575291;-5.2402496;-5.76651;4.5877686
a;12066746716893;-5.172638;-5.219345;4.3116913
a;12066766858494;-5.8862457;-5.1371307;4.063736
a;12066787000096;-5.9204865;-5.7506714;4.2754517
a;12066807141697;-5.3322906;-5.910324;4.6025085
a;12066827283299;-5.228363;-5.5944214;4.3977814
a;12066847424900;-5.827301;-5.5295715;3.860962
a;12066867566502;-6.0621796;-5.838089;4.0819855
a;12066887708103;-5.733841;-5.740555;4.944931
a;12066907849705;-5.435837;-5.626358;5.2522583
a;12066927991307;-5.21402;-5.5971527;4.5066986
a;12066948132908;-5.191437;-5.564728;3.8012238
a;12066968274510;-5.4738464;-5.3147736;3.4669037
a;12066988416111;-5.3311157;-5.1014557;3.4980927
a;12067008557713;-4.9159546;-5.340332;4.4256744
a;12067028699314;-4.7580414;-5.3507843;4.9506226
a;12067048840916;-4.9080048;-5.0917664;5.190689
a;12067068982518;-5.4824677;-5.19812;5.1361084
a;12067089124119;-5.630951;-5.331711;5.6892853
a;12067109265721;-5.5386353;-5.155838;6.0916595
a;12067129407322;-5.9604034;-5.3320923;5.877777
a;12067149548924;-6.313507;-5.636307;5.8832245
a;12067169690525;-6.166092;-5.706787;6.075226
a;12067189832127;-5.955124;-5.388687;6.7111816
a;12067209973728;-5.698059;-5.448807;6.739151
a;12067230115330;-5.499893;-5.744217;6.137741
a;12067250256932;-5.4158325;-5.860504;5.8650208
a;12067270398533;-5.430542;-5.4746094;5.481888
a;12067290540135;-5.1142883;-5.816696;5.132965
a;12067310681736;-5.5143127;-6.575424;4.2547913
a;12067330823338;-5.814621;-6.434677;5.8781433
a;12067350964939;-5.519516;-6.38501;6.5092163
a;12067371106541;-5.8072357;-6.406311;6.145813
a;12067391248143;-5.878372;-6.2552795;5.773987
a;12067411389744;-5.6625366;-5.901184;5.936661
a;12067431531346;-5.2476654;-5.6913757;6.627548
a;12067451672947;-5.6871185;-6.494705;5.6791077
a;12067471814549;-5.497696;-6.506958;5.7066803
a;12067491956150;-5.3206177;-5.8751526;6.158798
a;12067512097752;-5.264328;-6.345932;6.092346
a;12067532239353;-5.2949677;-6.9385986;5.6697845
a;12067552380955;-5.423462;-6.239319;5.608444
a;12067572522557;-5.105072;-5.7975616;5.947769
a;12067592664158;-4.695862;-6.363617;5.3079376
a;12067612805760;-4.5758667;-7.261856;3.0740662
a;12067632947361;-4.515869;-6.237976;4.4654083
a;12067653088963;-3.9300537;-5.067734;6.187439
a;12067673230564;-3.5872192;-5.265625;5.7699585
a;12067693372166;-3.321457;-6.4391174;4.2953796
a;12067713513768;-2.7691193;-5.620941;4.5134277
a;12067733655369;-1.9484863;-4.018875;5.0497437
a;12067753796971;-1.3043823;-3.0956879;4.8178253
a;12067773938572;-1.400711;-3.0797577;4.6036377
a;12067794080174;-1.4213562;-3.2473602;4.6341095
a;12067814221775;-0.71806335;-3.109497;4.847946
a;12067834363377;-0.2528839;-2.6321106;5.1970673
a;12067854504978;-0.66703796;-2.4787598;5.905838
a;12067874646580;-0.8708801;-3.028717;6.302826
a;12067894788182;-0.56555176;-3.3551788;6.4201813
a;12067914929783;-0.5543976;-2.844162;5.9650574
a;12067935071385;-1.8950653;-2.4429932;5.683029
a;12067955212986;-3.2806244;-2.8066254;5.490555
a;12067975354588;-2.5693207;-3.3817139;5.1094055
a;12067995496189;-2.0760193;-3.4630585;4.284683
a;12068015637791;-2.922104;-3.9575348;3.9410248
a;12068035779393;-3.394226;-5.3358765;5.1575623
a;12068055920994;-1.6212311;-7.30896;5.7049103
a;12068076062596;-0.020507813;-7.650696;5.977417
a;12068096204197;-0.19638062;-7.574402;6.7518005
a;12068116345799;0.5783844;-9.604324;8.241272
a;12068136487400;2.1308136;-11.639832;7.290161
a;12068156629002;2.872223;-11.616333;6.6336365
a;12068176770603;2.5092316;-10.708008;6.082779
a;12068196912205;2.4818268;-10.736252;5.5535736
a;12068217053807;3.8606262;-12.034973;5.7073517
a;12068237195408;5.0552216;-13.120392;4.9280853
a;12068257337010;5.6875763;-12.421631;4.4236145
a;12068277478611;5.424408;-11.183319;3.7464294
a;12068297620213;5.321213;-10.8949585;3.152069
a;12068317761814;6.027664;-10.884125;2.299057
a;12068337903416;7.0014343;-10.49231;1.9030914
a;12068358045018;7.6364136;-9.95076;1.7957916
a;12068378186619;8.043823;-9.245804;1.2501068
a;12068398328221;8.345673;-8.718216;0.49920654
a;12068418469822;8.6666565;-8.480621;-0.14285278
a;12068438611424;9.0759735;-8.792023;-0.5467987
a;12068458753025;9.327606;-9.245697;-0.9851227
a;12068478894627;9.159027;-8.989395;-1.5266113
a;12068499036228;10.120712;-8.648239;-1.1471863
a;12068519177830;10.040039;-7.9771423;-0.9381256
a;12068539319432;9.679337;-7.119156;-0.23587036
a;12068559461033;9.847305;-6.4270935;0.8366852
a;12068579602635;10.304123;-5.999893;1.3362579
a;12068599744236;10.354416;-5.5178833;1.458435
a;12068619885838;9.919006;-5.246277;1.5249786
a;12068640027439;9.538361;-5.1706543;1.520935
a;12068660169041;9.430435;-5.030426;1.36969
a;12068680310643;9.481552;-4.918747;1.2522125
a;12068700452244;9.452133;-4.762436;1.0806732
a;12068720593846;9.235474;-4.5237885;0.953949
a;12068740735447;8.986984;-4.418625;0.8875122
a;12068760877049;9.020569;-4.309265;0.9508972
a;12068781018650;8.930145;-4.187378;0.8358002
a;12068801160252;8.665726;-4.148361;0.6418762
a;12068821301853;8.638031;-4.2456512;0.5186157
a;12068841443455;8.860367;-4.196457;0.5022278
a;12068861585057;8.9795685;-4.0845337;0.5358734
a;12068881726658;9.0980835;-4.0650787;0.5383148
a;12068901868260;9.397293;-4.06546;0.61125183
a;12068922009861;9.63176;-4.0283356;0.5955963
a;12068942151463;9.351379;-3.8751373;0.5350342
a;12068962293064;9.022247;-3.834015;0.5713501
a;12068982434666;8.956345;-3.7800598;0.6319275
a;12069002576268;8.895157;-3.7383575;0.76586914
a;12069022717869;9.052643;-3.7699738;0.8970947
a;12069042859471;9.063339;-3.6803741;0.9134064
a;12069063001072;8.866623;-3.5105133;0.9215393
a;12069083142674;8.709305;-3.4399567;0.97509766
a;12069103284275;8.769653;-3.3832092;1.2143402
a;12069123425877;8.824417;-3.1306152;1.5067749
a;12069143567478;8.7699585;-2.84552;1.7284088
a;12069163709080;8.781921;-2.8194122;1.8079224
a;12069183850682;8.841095;-3.048645;1.6399994
a;12069203992283;8.79245;-3.26474;1.4931793
a;12069224133885;8.746231;-3.4971924;1.4461975
a;12069244275486;8.75679;-3.7411957;1.3525085
a;12069264417088;8.840561;-3.9494476;1.2216187
a;12069284558689;9.058105;-4.0100403;1.2885132
a;12069304700291;9.378372;-3.9167175;1.2669373
a;12069324841893;9.461578;-3.7620544;1.2770691
a;12069344983494;9.474182;-3.7245636;1.343338
a;12069365125096;9.453934;-3.63945;1.4741364
a;12069385266697;9.477097;-3.592636;1.5032806
a;12069405408299;9.52124;-3.5843658;1.4122467
a;12069425549900;9.429962;-3.542984;1.2735748
a;12069445691502;9.183609;-3.589035;1.1081848
a;12069465833103;9.004395;-3.606964;0.9768524
a;12069485974705;8.848267;-3.6115112;0.97509766
a;12069506116307;8.697678;-3.5923157;0.9871521
a;12069526257908;8.601532;-3.5638123;1.0395813
a;12069546399510;8.564926;-3.5552673;1.0842133
a;12069566541111;8.59729;-3.519638;1.0630188
a;12069586682713;8.625687;-3.56073;1.0783081
a;12069606824314;8.711182;-3.589737;1.0885925
a;12069626965916;8.755539;-3.6375732;1.1400604
a;12069647107518;8.870483;-3.6601868;1.1553497
a;12069667249119;8.925064;-3.6560059;1.1962738
a;12069687390721;9.032898;-3.672821;1.2406921
a;12069707532322;9.138931;-3.7203064;1.2951355
a;12069727673924;9.217575;-3.7064972;1.3842926
a;12069747815525;9.210434;-3.7053833;1.4255371
a;12069767957127;9.146484;-3.6561584;1.4971771
a;12069788098728;9.170502;-3.661316;1.4928589
a;12069808240330;9.106125;-3.5885773;1.5799866
a;12069828381932;8.940796;-3.5297089;1.6473846
a;12069848523533;8.938248;-3.5004425;1.8647919
a;12069868665135;9.015976;-3.291687;2.2480316
a;12069888806736;9.07608;-3.2667236;2.458664
a;12069908948338;9.0784;-3.4659576;2.3414154
a;12069929089939;9.015961;-3.7647858;2.0544128
a;12069949231541;8.975311;-3.9903107;1.7711334
a;12069969373143;8.992462;-3.87529;1.6118927
a;12069989514744;8.977966;-3.8043823;1.4714966
a;12070009656346;8.956406;-3.6938171;1.3527832
a;12070029797947;8.957977;-3.5694122;1.441864
a;12070049939549;9.0381775;-3.5450134;1.4743347
a;12070070081150;9.078186;-3.5953064;1.4414673
a;12070090222752;9.073547;-3.6348267;1.3845673
a;12070110364353;8.957703;-3.6384125;1.3245697
a;12070130505955;8.915283;-3.6079865;1.3061523
a;12070150647557;8.947861;-3.6489563;1.2270813
a;12070170789158;8.989868;-3.6855469;1.2813568
a;12070190930760;9.159119;-3.7028656;1.3328247
a;12070211072361;9.104233;-3.6136017;1.3563995
a;12070231213963;8.876587;-3.5516663;1.3259277
a;12070251355564;8.848511;-3.526184;1.3466187
a;12070271497166;8.9198;-3.5497284;1.2988434
a;12070291638768;8.971115;-3.5606537;1.3338928
a;12070311780369;9.016846;-3.5254822;1.3373566
a;12070331921971;8.991638;-3.4872742;1.3917847
a;12070352063572;8.9618225;-3.49852;1.3986206
a;12070372205174;8.977386;-3.531189;1.4115143
a;12070392346775;8.976898;-3.5459595;1.4378357
a;12070412488377;9.015305;-3.4856262;1.477768
a;12070432629978;9.019791;-3.4745789;1.4684906
a;12070452771580;8.980713;-3.4576416;1.6010895
a;12070472913182;8.981583;-3.4708557;1.5771637
a;12070493054783;9.040634;-3.4563599;1.5678558
a;12070513196385;9.026886;-3.4466095;1.6420441
a;12070533337986;8.969574;-3.409256;1.6598358
a;12070553479588;8.989777;-3.448578;1.6604767
a;12070573621189;9.077103;-3.5110168;1.6343842
a;12070593762791;9.044907;-3.497757;1.6221924
a;12070613904393;9.002243;-3.5021057;1.5779724
a;12070634045994;8.987488;-3.5342102;1.5397797
a;12070654187596;8.998917;-3.549179;1.5068817
a;12070674329197;9.01236;-3.5167084;1.4970245
a;12070694470799;9.026749;-3.5398712;1.4755859
a;12070714612400;9.021301;-3.5387268;1.4015808
a;12070734754002;8.996994;-3.5765686;1.3802643
a;12070754895603;8.988083;-3.5856018;1.3963776
a;12070775037205;8.997208;-3.584671;1.3666077
a;12070795178807;8.948837;-3.5918274;1.365921
a;12070815320408;9.011688;-3.6149445;1.3616028
a;12070835462010;9.070953;-3.5867462;1.3889008
a;12070855603611;9.023895;-3.599533;1.3761597
a;12070875745213;9.002167;-3.6092224;1.4098816
a;12070895886814;8.958099;-3.6098785;1.4195404
a;12070916028416;8.976196;-3.597229;1.4108429
a;12070936170018;9.043747;-3.5879364;1.3513489
a;12070956311619;9.027023;-3.5918121;1.3608856
a;12070976453221;9.011124;-3.5851288;1.4261932
a;12070996594822;9.018387;-3.5863495;1.4733734
a;12071016736424;9.017593;-3.5709686;1.5040894
a;12071036878025;9.033447;-3.5348053;1.5115662
a;12071057019627;9.041031;-3.5131073;1.5251312
a;12071077161228;9.046509;-3.5212097;1.5726929
a;12071097302830;9.057571;-3.5099182;1.5622101
a;12071117444432;9.048721;-3.5081177;1.5377197
a;12071137586033;9.017349;-3.5076294;1.5273743
a;12071157727635;9.003586;-3.5369263;1.4609375
a;12071177869236;9.014496;-3.5529785;1.4500427
a;12071198010838;9.057297;-3.5501251;1.4677124
a;12071218152439;9.042297;-3.5742188;1.4375
a;12071238294041;8.9897;-3.5889893;1.4648132
a;12071258435643;9.000107;-3.573639;1.4032898
a;12071278577244;9.012268;-3.5830078;1.3604431
a;12071298718846;8.96846;-3.5812378;1.3577118
a;12071318860447;8.9357605;-3.5341797;1.406784
a;12071339002049;8.959274;-3.524765;1.3855591
a;12071359143650;9.071259;-3.5693512;1.3569489
a;12071379285252;9.052536;-3.5703888;1.394867
a;12071399426853;8.965591;-3.5175781;1.4266052
a;12071419568455;8.977539;-3.540207;1.4133453
a;12071439710057;8.987061;-3.5574799;1.4147339
a;12071459851658;9.045395;-3.5481567;1.4408569
a;12071479993260;9.028976;-3.5603027;1.4458313
a;12071500134861;8.98735;-3.5512848;1.4588013
a;12071520276463;8.988068;-3.5635529;1.4645691
a;12071540418064;8.985275;-3.5626068;1.4897766
a;12071560559666;8.994064;-3.551834;1.4784241
a;12071580701268;9.018524;-3.5712128;1.5050659
a;12071600842869;8.980148;-3.5797272;1.489624
a;12071620984471;9.038834;-3.6309204;1.520401
a;12071641126072;9.064926;-3.6299133;1.4709473
a;12071661267674;9.023148;-3.6324158;1.457016
a;12071681409275;8.981186;-3.622345;1.467804
a;12071701550877;8.961563;-3.6072845;1.480896
a;12071721692478;8.950409;-3.6033325;1.474884
a;12071741834080;9.009735;-3.5951385;1.4558411
a;12071761975682;9.030899;-3.6154175;1.4689026
a;12071782117283;9.053329;-3.614624;1.4090271
a;12071802258885;9.0290985;-3.6428986;1.4539032
a;12071822400486;8.987061;-3.623291;1.3908234
a;12071842542088;9.003174;-3.570633;1.4170532
a;12071862683689;8.980896;-3.5540009;1.4695435
a;12071882812409;8.997543;-3.5393677;1.4872131
a;12071902954011;9.027817;-3.54805;1.4537048
a;12071923095612;9.029053;-3.5755615;1.4429169
a;12071943237214;8.977219;-3.5613403;1.4479218
a;12071963378815;8.984268;-3.546524;1.4686127
a;12071983520417;8.99823;-3.526825;1.4802551
a;12072003662018;8.989319;-3.5301514;1.471817
a;12072023803620;9.013275;-3.5545502;1.491333
a;12072043945221;9.048035;-3.5379944;1.5332642
a;12072064086823;9.039856;-3.5743713;1.4951324
a;12072084228425;9.016266;-3.5697174;1.5131531
a;12072104370026;9.009888;-3.5370483;1.4966583
a;12072124511628;8.992325;-3.539093;1.5068207
a;12072144653229;8.967361;-3.5389862;1.4977417
a;12072164794831;8.972244;-3.5179596;1.5006714
a;12072184936432;9.0466;-3.5627594;1.4725494
a;12072205078034;9.042786;-3.5553741;1.4905548
a;12072225219636;8.989029;-3.5332031;1.494278
a;12072245361237;8.945007;-3.5387878;1.4832306
a;12072265502839;8.944794;-3.5617828;1.4478912
a;12072285644440;9.004364;-3.578537;1.4506378
a;12072305786042;9.048355;-3.567505;1.4998627
a;12072325927643;9.021942;-3.5728912;1.5000916
a;12072346069245;9.020386;-3.5998535;1.481842
a;12072366210846;8.994553;-3.5842438;1.4699249
a;12072386352448;8.9758;-3.576126;1.5006104
a;12072406494050;8.988663;-3.5430298;1.5001678
a;12072426635651;8.966995;-3.5375519;1.5302734
a;12072446777253;9.030762;-3.5643005;1.4906769
a;12072466918854;9.049377;-3.600937;1.4661407
a;12072487060456;9.012268;-3.5833435;1.4810944
a;12072507202057;9.003815;-3.5378265;1.4721527
a;12072527343659;8.964294;-3.5269165;1.4751282
a;12072547485261;8.943024;-3.5061493;1.4972839
a;12072567626862;8.969635;-3.498825;1.4813232
a;12072587768464;8.998611;-3.50914;1.4863434
a;12072607910065;9.008316;-3.5362854;1.4819641
a;12072628051667;9.011765;-3.5645905;1.4794464
a;12072648193268;9.026398;-3.5422974;1.4724579
a;12072668334870;9.021164;-3.5305786;1.4999695
a;12072688476471;9.015808;-3.5092926;1.5222778
a;12072708618073;8.981598;-3.4712982;1.5187683
a;12072728759675;8.990601;-3.4711914;1.5075226
a;12072748901276;8.950821;-3.4769897;1.4707947
a;12072769042878;8.973251;-3.4839783;1.5311432
a;12072789184479;8.979645;-3.4904938;1.5406342
a;12072809326081;9.047501;-3.513153;1.4891968
a;12072829467682;9.03804;-3.5011292;1.5206604
a;12072849609284;8.980148;-3.495163;1.5019073
a;12072869750886;8.96611;-3.5090027;1.5534515
a;12072889892487;8.985107;-3.499939;1.5106506
a;12072910034089;8.989014;-3.5413513;1.4928589
a;12072930175690;8.950333;-3.5453644;1.532608
a;12072950317292;8.944473;-3.5195465;1.5082855
a;12072970458893;9.00267;-3.5455017;1.4582062
a;12072990600495;9.067337;-3.5554962;1.5136261
a;12073010742096;9.068298;-3.563797;1.5569153
a;12073030883698;9.0224;-3.5626068;1.5090485
a;12073051025300;9.013687;-3.5479279;1.4940796
a;12073071166901;9.007233;-3.5596466;1.5098114
a;12073091308503;9.030518;-3.498352;1.5446472
a;12073111450104;9.023132;-3.4781952;1.5283203
a;12073131591706;9.017303;-3.5081635;1.5261078
a;12073151733307;9.035416;-3.5118103;1.4934235
a;12073171874909;9.030884;-3.4822693;1.5316162
a;12073192016511;9.034241;-3.4799805;1.5316315
a;12073212158112;8.980728;-3.4344025;1.5239868
a;12073232299714;8.980759;-3.4648132;1.533783
a;12073252441315;9.020905;-3.4876099;1.5056
a;12073272582917;9.027206;-3.495041;1.4849701
a;12073292724518;9.007217;-3.476715;1.5192566
a;12073312866120;8.980942;-3.4753113;1.5116577
a;12073333007721;8.993561;-3.4840393;1.4546356
a;12073353149323;9.014984;-3.4950256;1.4851379
a;12073373290925;9.035492;-3.511856;1.4558563
a;12073393432526;9.015869;-3.5090332;1.4802094
a;12073413574128;9.019745;-3.532486;1.4620209
a;12073433715729;9.031952;-3.5575104;1.4606171
a;12073453857331;9.011246;-3.5171509;1.478714
a;12073473998932;9.012039;-3.5231323;1.476181
a;12073494140534;9.012054;-3.51651;1.5044861
a;12073514282136;9.01149;-3.5037384;1.5146942
a;12073534423737;9.011261;-3.4999847;1.5017853
a;12073554565339;9.007446;-3.4876404;1.5515289
a;12073574706940;9.010391;-3.495987;1.5327759
a;12073594848542;9.034866;-3.5083618;1.5163116
a;12073614990143;8.999954;-3.519516;1.5524445
a;12073635131745;8.992645;-3.5384216;1.5227509
a;12073655273346;9.005524;-3.525711;1.4934235
a;12073675414948;9.027084;-3.5486298;1.4931335
a;12073695556550;9.014542;-3.543274;1.4862366
a;12073715698151;9.040741;-3.5482178;1.4698486
a;12073735839753;9.07814;-3.5633392;1.4991913
a;12073755981354;9.014145;-3.5564423;1.509491
a;12073776122956;8.96727;-3.5119019;1.4798889
a;12073796264557;8.998611;-3.5073242;1.4359589
a;12073816406159;9.056229;-3.5199738;1.4375
a;12073836547761;8.993271;-3.509964;1.4592438
a;12073856689362;8.9913025;-3.45813;1.4804688
a;12073876830964;9.003296;-3.4726105;1.4398956
a;12073896972565;9.029724;-3.4911346;1.4671936
a;12073917114167;9.04126;-3.4836273;1.4515381
a;12073937255768;9.026962;-3.466446;1.4883575
a;12073957397370;8.994553;-3.4979248;1.4848328
a;12073977538971;9.009277;-3.4894714;1.4581909
a;12073997680573;9.016632;-3.5107574;1.5005646
a;12074017822175;9.034088;-3.4967194;1.5018768
a;12074037963776;9.027664;-3.5071564;1.5108643
a;12074058105378;8.980957;-3.5034027;1.5107422
a;12074078246979;8.995697;-3.527008;1.4499664
a;12074098388581;9.055084;-3.5378876;1.4389496
a;12074118530182;9.01413;-3.5450592;1.4322662
a;12074138671784;8.997192;-3.5276794;1.4732666
a;12074158813386;8.981689;-3.52536;1.4316101
a;12074178954987;9.006729;-3.5455475;1.4054871
a;12074199096589;9.026718;-3.5322113;1.4740906
a;12074219238190;9.062515;-3.5235748;1.4625092
a;12074239379792;9.059143;-3.5171967;1.4603119
a;12074259521393;9.071457;-3.4911194;1.4723206
a;12074279662995;9.101669;-3.476715;1.3905945
a;12074299804596;9.03273;-3.471939;1.4250641
a;12074319946198;8.978821;-3.4542084;1.4555969
a;12074340087800;8.988266;-3.4223938;1.3956451
a;12074360229401;8.980286;-3.4844055;1.4221039
a;12074380371003;8.989166;-3.4750671;1.4582977
a;12074400512604;8.976868;-3.4655151;1.4710083
a;12074420654206;9.018036;-3.5080109;1.4616089
a;12074440795807;9.042755;-3.535797;1.4966583
a;12074460937409;9.031937;-3.5686188;1.4636841
a;12074481079011;9.020935;-3.5924072;1.4723816
a;12074501220612;9.021393;-3.561264;1.4641724
a;12074521362214;9.022217;-3.5855103;1.459671
a;12074541503815;8.999664;-3.5643005;1.4415741
a;12074561645417;8.990311;-3.5767975;1.4345856
a;12074581787018;9.027985;-3.562378;1.4263306
a;12074601928620;9.03685;-3.5200348;1.4250641
a;12074622070221;8.994675;-3.523697;1.3927307
a;12074642211823;8.974701;-3.5058746;1.4241028
a;12074662353425;9.058228;-3.4957123;1.3600159
a;12074682495026;9.080963;-3.4779053;1.4521332
a;12074702636628;8.995804;-3.4499817;1.4570618
a;12074722778229;8.951187;-3.4657898;1.4552612
a;12074742919831;8.999512;-3.5117035;1.4345398
a;12074763061432;9.046997;-3.5097046;1.4775543
a;12074783203034;9.048187;-3.4907074;1.486969
a;12074803344636;9.03566;-3.5301208;1.4936829
a;12074823486237;9.015244;-3.524414;1.4687653
a;12074843627839;9.028687;-3.5445557;1.4548645
a;12074863769440;9.012146;-3.5446625;1.503128
a;12074883911042;9.027206;-3.5280151;1.4599304
a;12074904052643;9.010132;-3.5298615;1.4678497
a;12074924194245;9.003555;-3.5547333;1.4108276
a;12074944335846;9.029968;-3.5494385;1.4104004
a;12074964477448;9.025909;-3.5688171;1.4122925
a;12074984619050;9.030167;-3.55542;1.4430847
a;12075004760651;8.986221;-3.557312;1.4642029
a;12075024902253;9.00856;-3.539444;1.4489136
a;12075045043854;9.007324;-3.5330658;1.4378662
a;12075065185456;9.016327;-3.5491943;1.4492493
a;12075085327057;9.032867;-3.53508;1.4458618
a;12075105468659;9.036682;-3.5188751;1.4572754
a;12075125610261;9.040314;-3.5325317;1.4822235
a;12075145751862;9.017807;-3.5008392;1.4702606
a;12075165893464;8.990753;-3.4868317;1.4972382
a;12075186035065;9.023239;-3.4618683;1.4587097
a;12075206176667;9.020966;-3.4802856;1.4568939
a;12075226318268;8.995621;-3.4860077;1.4437714
a;12075246459870;9.027161;-3.5089417;1.4062653
a;12075266601471;9.004349;-3.4998474;1.4345703
a;12075286743073;8.974945;-3.5160675;1.4600983
a;12075306884675;9.025803;-3.533249;1.4223633
a;12075327026276;9.030319;-3.5511017;1.4489441
a;12075347167878;8.996216;-3.5721283;1.4851532
a;12075367309479;9.0238495;-3.5825348;1.4892731
a;12075387451081;8.992325;-3.5690308;1.4739532
a;12075407592682;9.000198;-3.5686188;1.5157318
a;12075427734284;8.998016;-3.569046;1.5125885
a;12075447875886;9.023422;-3.5541382;1.5311432
a;12075468017487;8.99675;-3.558136;1.4859924
a;12075488159089;8.983902;-3.5481262;1.5131989
a;12075508300690;9.004913;-3.5237427;1.4739685
a;12075528442292;8.961517;-3.5191193;1.4618835
a;12075548583893;9.018112;-3.541565;1.5034637
a;12075568725495;9.093765;-3.5231476;1.4867859
a;12075588867096;9.014938;-3.4958954;1.4888458
a;12075609008698;8.960327;-3.5106354;1.4804382
a;12075629150300;8.999878;-3.515915;1.4616699
a;12075649291901;9.033524;-3.526474;1.4893188
a;12075669433503;9.037704;-3.5291138;1.4906921
a;12075689575104;9.01857;-3.5466156;1.4846191
a;12075709716706;9.005081;-3.544983;1.5124054
a;12075729858307;8.992249;-3.5471344;1.5207367
a;12075749999909;9.00145;-3.542801;1.515976
a;12075770141511;9.006989;-3.528244;1.4885864
a;12075790283112;9.001312;-3.5242004;1.4763641
a;12075810424714;8.986816;-3.5585632;1.5007782
a;12075830566315;9.027695;-3.5536804;1.4641876
a;12075850707917;9.0394745;-3.561966;1.4859772
a;12075870849518;9.032288;-3.511963;1.5151978
a;12075890991120;9.008804;-3.504593;1.5452576
a;12075911132721;8.974091;-3.5095215;1.5201263
a;12075931274323;9.012787;-3.507721;1.5248871
a;12075951415925;9.017303;-3.5627747;1.5862274
a;12075971557526;9.036041;-3.6931915;1.6570129
a;12075991699128;9.129196;-3.8963165;1.7944183
a;12076011840729;9.269592;-3.9648743;1.9246063
a;12076031982331;9.44783;-4.1225433;2.541748
a;12076052123932;9.617157;-4.3536377;2.6074524
a;12076072265534;9.72084;-5.379944;2.2408295
a;12076092407136;9.590561;-5.769516;2.4682617
a;12076112548737;9.560837;-5.96579;2.677063
a;12076132690339;9.603104;-6.2807465;3.2330322
a;12076152831940;9.688293;-6.357849;3.560196
a;12076172973542;9.496506;-6.3865814;3.5623322
a;12076193115143;9.192001;-6.6002045;3.5651093
a;12076213256745;8.988647;-6.969742;3.6167755
a;12076233398346;8.93837;-7.223236;3.9949188
a;12076253539948;8.882019;-7.286484;4.00795
a;12076273681550;8.69809;-7.27507;4.25058
a;12076293823151;8.437103;-7.114517;4.8741302
a;12076313964753;8.06282;-6.8113403;5.396164
a;12076334106354;7.631912;-6.6050262;5.5930634
a;12076354247956;7.0849457;-6.4278564;5.6483917
a;12076374389557;6.59375;-6.043289;5.82695
a;12076394531159;5.8427277;-4.918213;6.0414734
a;12076414672761;5.070389;-3.9397125;6.237015
a;12076434814362;4.401932;-3.289215;6.7049713
a;12076454955964;4.1341095;-3.4650116;7.1965485
a;12076475097565;3.758133;-3.3052979;7.0868683
a;12076495239167;3.0182343;-2.6957397;6.616867
a;12076515380768;2.386963;-2.4657288;6.6538086
a;12076535522370;2.0415802;-2.159317;7.288849
a;12076555663971;1.8184357;-1.7374725;7.633896
a;12076575805573;1.2458801;-1.2930298;7.520355
a;12076595947175;0.769104;-1.2599945;7.376007
a;12076616088776;0.64590454;-1.4954987;7.523987
a;12076636230378;0.49539185;-1.4603271;7.7057037
a;12076656371979;0.27339172;-1.1653442;7.9358215
a;12076676513581;0.2025299;-1.140274;8.298752
a;12076696655182;0.17807007;-1.3215942;8.433807
a;12076716796784;-0.10749817;-1.0696716;8.34491
a;12076736938386;-0.21102905;-0.9840088;8.54631
a;12076757079987;-0.21595764;-0.9992981;8.593597
a;12076777221589;-0.3782196;-0.9449158;8.632477
a;12076797363190;-0.56637573;-0.9219818;8.645081
a;12076817504792;-0.6571655;-0.84835815;8.702393
a;12076837646393;-0.6172943;-0.9421997;8.833237
a;12076857787995;-0.6678009;-0.9630127;8.909821
a;12076877929596;-0.8330536;-0.78941345;8.98909
a;12076898071198;-0.8532257;-0.6454773;9.096893
a;12076918212800;-0.7519989;-0.6945038;9.245956
a;12076938354401;-0.73521423;-0.72554016;9.416367
a;12076958496003;-0.724411;-0.59187317;9.428467
a;12076978637604;-0.74308777;-0.41825867;9.374054
a;12076998779206;-0.76234436;-0.3317566;9.417801
a;12077018920807;-0.7573395;-0.3719635;9.494415
a;12077039062409;-0.73812866;-0.60502625;9.563278
a;12077059204011;-0.7843628;-0.65541077;9.607529
a;12077079345612;-0.7377777;-0.60806274;9.6736145
a;12077099487214;-0.69859314;-0.58813477;9.679871
a;12077119628815;-0.83618164;-0.7266693;9.629349
a;12077139770417;-0.24916077;-0.5095978;9.888367
a;12077159912018;-0.83496094;-0.40403748;9.638657
a;12077180053620;-0.8618622;-0.40003967;9.424149
a;12077200195221;-0.75149536;-0.59284973;9.500061
a;12077220336823;-0.7349243;-0.85414124;9.58873
a;12077240478425;-0.74687195;-0.86842346;9.620178
a;12077260620026;-0.74383545;-0.7193451;9.587784
a;12077280761628;-0.79655457;-0.51901245;9.569992
a;12077300903229;-0.70661926;-0.62161255;9.583969
a;12077321044831;-0.6933899;-0.75227356;9.719162
a;12077341186432;-0.7169037;-0.7552948;9.62619
a;12077361328034;-0.77482605;-0.7292175;9.251282
a;12077381469636;-0.72143555;-0.56126404;9.424118
a;12077401611237;-0.6797943;-0.5501709;9.439377
a;12077421752839;-0.8258362;-0.6305237;9.62233
a;12077441894440;-0.82803345;-0.6713562;9.664581
