a;85061154377790;-1.2174377;-0.29978943;9.660553
a;85061174519392;-1.2260742;-0.45671082;9.673019
a;85061194660993;-1.2464142;-0.20881653;9.873245
a;85061214802595;-1.1469727;0.099349976;10.033569
a;85061234944196;-0.9597626;0.15126038;9.947968
a;85061255085798;-0.8235626;0.49745178;9.964127
a;85061275227400;-1.0061798;0.4406128;9.734039
a;85061295369001;-1.0265961;0.5088959;9.528122
a;85061315510603;-0.808609;0.49855042;9.408112
a;85061335652204;-0.81126404;0.56256104;9.517212
a;85061355793806;-0.9864807;0.7392273;9.727631
a;85061375935407;-1.0990143;0.78286743;9.707184
a;85061396077009;-1.3278046;0.66659546;9.618164
a;85061416218611;-1.223526;0.7065735;9.730011
a;85061436360212;-1.1980133;0.636734;9.800613
a;85061456501814;-1.3585205;0.35162354;9.657257
a;85061476643415;-1.3902283;0.047073364;9.43663
a;85061496785017;-1.1108704;-0.23928833;8.976379
a;85061516926618;-1.1798706;0.100982666;8.638168
a;85061537068220;-1.4424896;0.8229523;8.219574
a;85061557209821;-1.3823395;1.5203705;7.6257935
a;85061577351423;-1.3965607;1.9707489;6.61409
a;85061597493025;-1.3323059;1.9587555;5.5624695
a;85061617634626;-1.3026276;1.8506165;4.6734314
a;85061637776228;-1.5275879;2.0647736;4.002472
a;85061657917829;-1.874939;2.2475128;3.5074005
a;85061678059431;-2.1632843;1.638504;2.4965668
a;85061698201032;-2.72258;0.35214233;1.7536316
a;85061718342634;-3.9686737;-1.4965057;1.7315826
a;85061738484236;-5.9138184;-3.9927673;1.2258453
a;85061758625837;-8.423431;-6.903778;0.1169281
a;85061778767439;-9.759613;-10.744049;-2.5020752
a;85061798909040;-9.177048;-14.4388275;-4.1308594
a;85061819050642;-7.9458923;-14.078552;-3.1984558
a;85061839192243;-8.434128;-10.748917;-1.9882813
a;85061859333845;-9.561188;-9.344971;-1.521286
a;85061879475446;-9.861786;-9.229431;-1.6921234
a;85061899617048;-9.679901;-9.340744;-2.298111
a;85061919758650;-9.834717;-8.7859955;-2.9629822
a;85061939900251;-10.166183;-8.407028;-3.754837
a;85061960041853;-10.274704;-7.9110565;-4.489044
a;85061980183454;-10.650925;-7.511078;-4.772751
a;85062000325056;-10.918533;-7.158371;-4.775528
a;85062020466657;-10.910019;-6.9389496;-4.570038
a;85062040608259;-10.906738;-6.8297577;-4.320633
a;85062060749861;-10.654526;-6.7674103;-4.005615
a;85062080891462;-10.320129;-6.673065;-3.6324615
a;85062101033064;-10.084503;-6.284378;-3.4618378
a;85062121174665;-9.78775;-5.9353943;-3.195633
a;85062141316267;-9.512314;-5.7477264;-2.992035
a;85062161457868;-9.340805;-5.568802;-2.8923645
a;85062181599470;-9.166077;-5.474106;-2.8647003
a;85062201741071;-9.147476;-5.3159485;-2.8227234
a;85062221882673;-9.013184;-5.1217804;-2.7622986
a;85062242024275;-8.721039;-4.905548;-2.6642303
a;85062262165876;-8.542709;-4.7608795;-2.4653015
a;85062282307478;-8.618988;-4.8086243;-2.1132965
a;85062302449079;-8.781021;-4.583206;-2.1713257
a;85062322590681;-8.853149;-4.130417;-2.1266937
a;85062342732282;-8.653244;-3.854065;-2.0128784
a;85062362873884;-8.694275;-3.7080536;-2.2017975
a;85062383015486;-8.90831;-3.771469;-2.4231873
a;85062403157087;-9.006744;-4.0362396;-2.018036
a;85062423298689;-9.178207;-4.2103424;-1.5931854
a;85062443440290;-9.394333;-3.9573822;-1.6854858
a;85062463581892;-9.318024;-3.6410828;-1.8312073
a;85062483723493;-9.25882;-3.535553;-1.7086029
a;85062503865095;-9.170258;-3.5015259;-1.414917
a;85062524006696;-9.192154;-3.4613037;-1.2828522
a;85062544148298;-9.205261;-3.4367065;-1.207428
a;85062564289900;-9.063782;-3.460495;-1.1398468
a;85062584431501;-8.983917;-3.542923;-1.2324982
a;85062604573103;-8.867783;-3.625229;-1.1931305
a;85062624714704;-8.78714;-3.6144257;-1.0488434
a;85062644856306;-8.953171;-3.703415;-0.99031067
a;85062664997907;-8.964569;-3.7526398;-1.1315308
a;85062685139509;-8.800766;-3.7452393;-1.2447815
a;85062705281111;-8.757004;-3.7530365;-1.2455139
a;85062725422712;-8.798386;-3.758484;-1.3058014
a;85062745564314;-8.780502;-3.882904;-1.4832001
a;85062765705915;-8.772171;-3.9720001;-1.5880737
a;85062785847517;-8.732147;-4.08696;-1.6435242
a;85062805989118;-8.638077;-4.124588;-1.62677
a;85062826130720;-8.675247;-4.1206665;-1.6858978
a;85062846272321;-8.769272;-4.1808014;-1.8005829
a;85062866413923;-8.799316;-4.229904;-1.8712769
a;85062886555525;-8.806274;-4.3268585;-1.9512329
a;85062906697126;-8.763748;-4.403702;-1.9410248
a;85062926838728;-8.735275;-4.496475;-2.0084076
a;85062946980329;-8.704803;-4.513077;-1.9843445
a;85062967121931;-8.684372;-4.545517;-1.9770355
a;85062987263532;-8.708908;-4.603409;-1.9901123
a;85063007405134;-8.750641;-4.5965424;-2.0507813
a;85063027546736;-8.777771;-4.61734;-2.0200348
a;85063047688337;-8.743942;-4.626663;-2.018097
a;85063067829939;-8.757492;-4.650635;-2.0405731
a;85063087971540;-8.747971;-4.6621857;-2.0548859
a;85063108113142;-8.778168;-4.6731567;-2.0256958
a;85063128254743;-8.802933;-4.708847;-1.9936371
a;85063148396345;-8.8467865;-4.667053;-1.9652863
a;85063168537946;-8.838409;-4.6373596;-1.9557343
a;85063188679548;-8.842117;-4.5946198;-1.8595886
a;85063208821150;-8.839798;-4.588089;-1.8029938
a;85063228962751;-8.876587;-4.556427;-1.8131866
a;85063249104353;-8.883087;-4.5569763;-1.7863312
a;85063269245954;-8.875732;-4.5403748;-1.7691956
a;85063289387556;-8.933975;-4.60466;-1.7721405
a;85063309529157;-8.922073;-4.5862885;-1.6882629
a;85063329670759;-8.902664;-4.539566;-1.5916138
a;85063349812361;-8.853973;-4.551285;-1.6394806
a;85063369953962;-8.857834;-4.558243;-1.6712189
a;85063390095564;-8.775803;-4.5448914;-1.6110382
a;85063410237165;-8.656769;-4.503174;-1.5352325
a;85063430378767;-8.648895;-4.3893433;-1.5321655
a;85063450520368;-8.591766;-4.355362;-1.4955902
a;85063470661970;-8.589508;-4.2819214;-1.505249
a;85063490803571;-8.593246;-4.1912537;-1.5289459
a;85063510945173;-8.605377;-4.1210785;-1.5675812
a;85063531086775;-8.6259;-4.0716553;-1.5578918
a;85063551228376;-8.662827;-4.078018;-1.6364136
a;85063571369978;-8.683228;-4.2264404;-1.6703186
a;85063591511579;-8.69194;-4.331299;-1.7293701
a;85063611653181;-8.756958;-4.3648987;-1.7809601
a;85063631794782;-8.782715;-4.3517914;-1.7628174
a;85063651936384;-8.680069;-4.337723;-1.6970978
a;85063672077986;-8.695801;-4.4094696;-1.6499176
a;85063692219587;-8.762207;-4.5822754;-1.6648102
a;85063712361189;-8.88382;-4.8375397;-1.4785767
a;85063732502790;-8.9071045;-5.0438538;-1.4300079
a;85063752644392;-8.820511;-5.063568;-1.4728394
a;85063772785993;-8.676178;-5.1733093;-1.4725647
a;85063792927595;-8.675781;-5.604965;-1.5359039
a;85063813069196;-8.789917;-6.139511;-1.572525
a;85063833210798;-8.96196;-6.7100525;-1.5496521
a;85063853352400;-8.918274;-6.63945;-1.8174744
a;85063873494001;-8.751022;-6.473343;-1.7619934
a;85063893635603;-8.516449;-6.57106;-1.6641083
a;85063913777204;-8.370239;-6.8627167;-1.7765503
a;85063933918806;-8.282761;-7.0711823;-1.9381256
a;85063954060407;-8.212143;-7.225815;-1.8374176
a;85063974202009;-8.287628;-7.65744;-1.6907959
a;85063994343611;-8.369247;-8.490631;-1.6546173
a;85064014485212;-8.572311;-9.679184;-1.0882263
a;85064034626814;-8.761017;-10.779602;-0.8833313
a;85064054768415;-8.554382;-11.648529;-1.7283478
a;85064074910017;-8.346573;-13.156754;-2.0631866
a;85064095051618;-8.178589;-14.479538;-1.6190491
a;85064115193220;-7.780304;-14.538315;-1.330307
a;85064135334821;-7.2945404;-14.922501;-1.8513031
a;85064155476423;-6.662979;-15.112778;-2.113739
a;85064175618025;-6.0225525;-14.066513;-1.4715271
a;85064195759626;-5.2323914;-13.771683;-1.5058746
a;85064215901228;-4.414749;-13.635605;-1.8123932
a;85064236042829;-3.4861603;-12.166824;-1.0613708
a;85064256184431;-2.7628174;-11.172394;-0.55670166
a;85064276326032;-2.0156097;-10.562683;-0.5287781
a;85064296467634;-1.1182861;-9.828018;-0.036102295
a;85064316609236;-0.08381653;-8.529114;0.2593689
a;85064336750837;1.1156006;-7.2917786;-0.18234253
a;85064356892439;2.0475159;-6.6993103;-0.075805664
a;85064377034040;2.644577;-6.484955;0.86595154
a;85064397175642;2.8567505;-5.775894;1.216507
a;85064417317243;3.4133148;-4.9982605;0.8821869
a;85064437458845;4.101364;-4.752121;0.88256836
a;85064457600446;4.4307404;-4.5915375;1.5453186
a;85064477742048;4.192688;-4.8179016;2.0318756
a;85064497883650;3.7115936;-5.2038116;1.8108826
a;85064518025251;3.9442444;-5.2030945;1.7670593
a;85064538166853;4.2024994;-5.4330597;2.4893036
a;85064558308454;4.225937;-4.99942;2.8910065
a;85064578450056;4.7588654;-4.497528;3.5708466
a;85064598591657;5.238617;-4.567566;3.645462
a;85064618733259;5.4862366;-5.3699036;2.9918823
a;85064638874861;5.529358;-5.822998;2.630661
a;85064659016462;5.259445;-5.492874;4.029724
a;85064679158064;5.6544952;-4.806961;5.334442
a;85064699299665;6.4925537;-4.40802;6.093582
a;85064719441267;6.5341034;-4.060364;5.781143
a;85064739582868;6.682785;-5.259857;4.1275635
a;85064759724470;6.789322;-8.53511;3.1867065
a;85064779866071;6.289978;-9.347961;3.111084
a;85064800007673;5.7081757;-7.1012573;3.405182
a;85064820149275;5.916855;-5.3210754;3.4519806
a;85064840290876;5.8717194;-4.9236298;3.8253021
a;85064860432478;5.7334747;-5.423752;3.7938995
a;85064880574079;5.711975;-5.9271545;3.9090576
a;85064900715681;5.524063;-5.347763;3.6748505
a;85064920857282;5.2160187;-5.021225;3.088913
a;85064940998884;5.5497437;-3.902649;2.961197
a;85064961140486;6.1957855;-3.0855713;2.9492493
a;85064981282087;7.0562744;-3.5880737;4.433319
a;85065001423689;7.2246857;-5.020462;5.2000427
a;85065021565290;6.9481964;-6.102997;3.9604492
a;85065041706892;7.4337616;-5.1616364;4.1232758
a;85065061848493;8.079849;-4.973816;4.658905
a;85065081990095;7.357025;-6.6431274;3.6391602
a;85065102131696;6.4627075;-7.864807;2.6359863
a;85065122273298;6.271179;-7.0395966;2.22052
a;85065142414900;7.0170593;-6.2252502;2.5184784
a;85065162556501;6.8985596;-5.289444;1.6307983
a;85065182698103;6.357376;-4.766037;2.321457
a;85065202839704;6.472397;-5.365692;3.352234
a;85065222981306;6.0076294;-6.2895813;2.168457
a;85065243122907;5.9378357;-5.935089;2.0091248
a;85065263264509;6.6403656;-5.8563232;2.693039
a;85065283406111;7.126877;-5.932541;3.0295868
a;85065303547712;6.7977295;-6.095047;3.247284
a;85065323689314;6.496628;-6.4828033;2.7646332
a;85065343830915;7.0281982;-7.569977;2.9847717
a;85065363972517;7.1135864;-7.984253;3.7380981
a;85065384114118;7.1574097;-7.9087677;4.948639
a;85065404255720;7.7240906;-8.7221985;5.7066345
a;85065424397321;8.370117;-10.251877;3.744522
a;85065444538923;8.09906;-11.188202;3.3922577
a;85065464680525;8.559616;-9.918396;3.3047638
a;85065484822126;9.946442;-9.501297;5.1607513
a;85065504963728;10.160187;-9.305435;5.1851807
a;85065525105329;8.916992;-9.159973;5.076889
a;85065545246931;8.558868;-9.0159;4.968704
a;85065565388532;9.055374;-9.258591;4.7245483
a;85065585530134;9.591965;-9.689606;4.7264557
a;85065605671736;9.761307;-9.457031;4.3784637
a;85065625813337;9.298798;-8.391724;4.8632507
a;85065645954939;8.611038;-7.7282715;4.8983154
a;85065666096540;8.016815;-7.268051;3.57901
a;85065686238142;8.495438;-6.9669952;2.910492
a;85065706379743;9.610901;-6.7578583;3.1258392
a;85065726521345;9.407333;-7.3710327;2.5129242
a;85065746662946;6.225952;-5.4444427;3.3042755
a;85065766804548;6.5678406;-5.941208;1.8132324
a;85065786946150;6.904297;-6.4542084;1.0460815
a;85065807087751;6.213043;-4.5944214;2.1443787
a;85065827229353;5.94014;-4.0890045;3.143097
a;85065847370954;5.707306;-4.2338257;3.2440338
a;85065867512556;4.897232;-4.22052;2.3984528
a;85065887654157;3.9008484;-3.7949371;1.4438477
a;85065907795759;3.437622;-3.2387848;0.72317505
a;85065927937361;3.4940796;-3.2198486;0.91101074
a;85065948078962;3.410202;-3.5526428;0.0018615723
a;85065968220564;3.1996002;-3.5458984;-1.0486145
a;85065988362165;3.4411469;-2.7928772;1.1685638
a;85066008503767;4.4710236;-3.1200256;3.2037964
a;85066028645368;5.6509094;-4.3984222;2.9274597
a;85066048786970;6.773117;-5.7609406;1.9501343
a;85066068928571;7.3412476;-6.817322;1.1255646
a;85066089070173;7.0646057;-6.482895;1.431961
a;85066109211775;6.438736;-5.6245728;2.3506317
a;85066129353376;5.9001007;-5.1172943;1.730133
a;85066149494978;6.597534;-4.998337;1.098465
a;85066169636579;7.836136;-5.3926086;1.3724976
a;85066189778181;7.875458;-6.113693;1.4155121
a;85066209919782;6.264618;-5.9026184;0.6829071
a;85066230061384;6.8135834;-5.435501;1.2535706
a;85066250202986;8.788528;-6.343582;2.3591614
a;85066270344587;8.7144165;-7.595749;2.272873
a;85066290486189;7.183304;-8.227432;2.1574402
a;85066310627790;7.070282;-8.304977;2.1125183
a;85066330769392;8.749115;-8.97406;2.3940887
a;85066350910993;9.89798;-10.45578;2.9851685
a;85066371052595;9.825516;-11.868057;3.7667236
a;85066391194196;10.180603;-11.77507;4.197464
a;85066411335798;10.661346;-10.348984;5.107849
a;85066431477400;11.332062;-9.493927;6.8018494
a;85066451619001;11.006943;-10.060333;5.8756866
a;85066471760603;9.917053;-9.745575;4.432541
a;85066491902204;9.37204;-9.294022;5.112152
a;85066512043806;8.926971;-9.836258;4.1497955
a;85066532185407;9.15361;-9.616348;3.2312164
a;85066552327009;8.790207;-8.976471;3.3779144
a;85066572468611;8.194244;-8.306564;3.3570862
a;85066592610212;8.063553;-7.64151;2.814911
a;85066612751814;8.178543;-7.0779877;2.1446838
a;85066632893415;7.9169617;-6.364731;2.6892395
a;85066653035017;8.298721;-6.8498535;2.5878448
a;85066673176618;7.8898163;-7.464752;2.1073608
a;85066693318220;6.5973663;-6.727371;2.0854492
a;85066713459821;6.209259;-5.658905;1.8509369
a;85066733601423;5.951004;-4.7151184;1.2413788
a;85066753743025;5.913254;-4.0195007;0.97662354
a;85066773884626;5.6930084;-3.9108276;1.2289124
a;85066794026228;4.357193;-3.921112;0.94677734
a;85066814167829;3.0972137;-3.365326;0.44177246
a;85066834309431;3.074295;-2.313675;0.4078827
a;85066854451032;3.2226563;-1.5697479;0.4768982
a;85066874592634;3.543747;-0.8137207;0.59898376
a;85066894734236;4.592819;-1.9199219;1.242096
a;85066914875837;5.3884583;-3.1272583;0.2247467
a;85066935017439;6.643265;-5.4393616;0.69488525
a;85066955159040;7.3229218;-6.727768;0.51651
a;85066975300642;6.73468;-6.9770355;-0.15707397
a;85066995442243;5.8293915;-5.5154724;0.44612122
a;85067015583845;6.1184845;-4.5817566;1.6609192
a;85067035725446;6.3612366;-4.713333;2.0533905
a;85067055867048;7.030365;-5.988739;1.2370605
a;85067076008650;7.618622;-7.703491;-0.20542908
a;85067096150251;7.05336;-8.8194275;-0.41201782
a;85067116291853;6.4769745;-7.964493;0.009780884
a;85067136433454;6.752014;-6.581543;-0.36132813
a;85067156575056;7.9031525;-6.533188;-0.26568604
a;85067176716657;8.344345;-6.8697357;0.21740723
a;85067196858259;7.7080536;-7.692093;1.0111542
a;85067216999861;6.027298;-7.761139;-0.09384155
a;85067237141462;7.7868347;-8.225189;0.2923584
a;85067257283064;9.449921;-9.147278;2.1491241
a;85067277424665;9.166977;-10.185181;2.0274658
a;85067297566267;8.592438;-11.061554;2.2069397
a;85067317707868;8.646622;-11.43074;3.9312592
a;85067337849470;9.354019;-11.935547;3.9590912
a;85067357991071;9.989883;-13.227615;3.4497375
a;85067378132673;9.933121;-12.549271;2.8552704
a;85067398274275;9.549988;-10.972458;2.6278534
a;85067418415876;9.417511;-8.72525;2.7157593
a;85067438557478;9.54512;-7.7241974;3.0121918
a;85067458699079;9.846558;-8.109589;3.5300446
a;85067478840681;9.637207;-9.044144;2.9770813
a;85067498982282;9.766556;-9.855728;2.2487946
a;85067519123884;8.855103;-9.856583;1.05867
a;85067539265486;8.589569;-8.954819;0.59825134
a;85067559407087;9.192947;-7.8511047;0.84143066
a;85067579548689;8.847107;-6.3879395;2.1630402
a;85067599690290;8.13916;-5.884491;2.6420593
a;85067619831892;7.5315247;-6.5651855;1.8966064
a;85067639973493;6.8689575;-7.0935364;0.30549622
a;85067660115095;6.329193;-5.8754272;0.4323578
a;85067680256696;5.6161804;-3.787857;1.687851
a;85067700398298;5.3901978;-3.0975494;2.272873
a;85067720539900;5.1793976;-3.236084;2.0155487
a;85067740681501;3.822235;-3.5337677;0.67099
a;85067760823103;3.0354614;-2.9241638;-0.0033111572
a;85067780964704;3.332718;-2.2745056;0.5060272
a;85067801106306;3.6127472;-2.1245422;0.8743286
a;85067821247907;4.096237;-2.114029;0.8539276
a;85067841389509;4.5299683;-1.8612823;0.10951233
a;85067861531111;5.6296997;-2.6496735;0.79826355
a;85067881672712;6.3971252;-3.507965;1.7731323
a;85067901814314;7.3763885;-4.672592;2.200592
a;85067921955915;8.176758;-5.6690674;1.4532471
a;85067942097517;7.031418;-4.5881195;0.98443604
a;85067962239118;6.4108276;-2.9364777;1.483902
a;85067982380720;8.214233;-5.1044464;0.614563
a;85068002522321;8.216629;-7.2556;-1.5713043
a;85068022663923;6.3651733;-6.6920013;0.36270142
a;85068042805525;6.880417;-5.323166;2.5388794
a;85068062947126;8.578644;-6.269943;1.8355713
a;85068083088728;7.721298;-8.074371;0.557312
a;85068103230329;5.7473145;-8.380356;0.108062744
a;85068123371931;7.1044006;-7.85672;0.6643677
a;85068143513532;8.586563;-7.9790955;0.26675415
a;85068163655134;8.369904;-7.9945526;-0.03501892
a;85068183796736;7.490616;-7.2241974;0.7419586
a;85068203938337;6.989792;-7.145523;1.0510254
a;85068224079939;7.171219;-7.815094;1.0324097
a;85068244221540;7.7780457;-8.669769;0.782959
a;85068264363142;8.283447;-8.871735;1.0236816
a;85068284504743;8.729736;-9.600189;2.4386444
a;85068304646345;8.588562;-10.967606;2.9654236
a;85068324787946;9.286682;-11.805878;3.0496979
a;85068344929548;9.973877;-12.58194;2.8098602
a;85068365071150;9.724503;-14.086166;2.1294708
a;85068385212751;9.132034;-13.232071;2.6904907
a;85068405354353;9.060394;-10.011063;3.277069
a;85068425495954;9.497116;-7.5860443;3.5885468
a;85068445637556;9.441879;-8.535461;3.8053741
a;85068465779157;8.792999;-10.682587;3.0374908
a;85068485920759;8.823074;-10.229202;2.1232452
a;85068506062361;9.082642;-9.39267;2.065796
a;85068526203962;8.487579;-8.553436;1.9868011
a;85068546345564;7.99704;-7.472275;1.5466156
a;85068566487165;8.45256;-5.8350677;1.3509827
a;85068586628767;8.206329;-5.432602;3.206131
a;85068606770368;7.463623;-5.681183;2.6627045
a;85068626911970;7.0308075;-6.337204;1.3970947
a;85068647053571;6.463455;-5.9417114;0.7040405
a;85068667195173;5.8315125;-4.6547394;1.3587952
a;85068687336775;5.5056763;-3.9134674;2.5632477
a;85068707478376;5.022217;-4.1220245;2.696869
a;85068727619978;4.112198;-4.818329;2.109146
a;85068747761579;3.3256836;-4.6258087;1.219101
a;85068767903181;2.7425995;-3.0536957;0.34802246
a;85068788044782;2.3554993;-1.6418304;-0.16160583
a;85068808186384;2.8114471;-1.3830719;0.1709137
a;85068828327986;4.293091;-2.3495178;1.6392365
a;85068848469587;5.379364;-2.656845;1.8547211
a;85068868611189;6.4710846;-3.0416412;2.5021362
a;85068888752790;7.755417;-4.45343;2.8145752
a;85068908894392;7.4497833;-5.757599;1.5125885
a;85068929035993;6.273163;-5.642563;1.1035614
a;85068949177595;6.1870117;-4.736511;0.73976135
a;85068969319196;7.613098;-4.9375;2.2221222
a;85068989460798;8.2153015;-4.7705536;2.4986115
a;85069009602400;7.885071;-5.753784;1.1746368
a;85069029744001;7.421097;-7.3160095;0.865921
a;85069049885603;7.9473724;-7.229477;1.2628174
a;85069070027204;7.871582;-6.84523;1.5131531
a;85069090168806;7.3672943;-7.5050964;0.4335022
a;85069110310407;8.746353;-8.782791;0.10369873
a;85069130452009;9.366196;-9.521408;-0.32247925
a;85069150593611;7.9748535;-9.121002;-0.41157532
a;85069170735212;6.4821167;-7.771744;-0.910202
a;85069190876814;6.57193;-6.727783;-0.5235596
a;85069211018415;7.1498566;-7.1631927;0.70996094
a;85069231160017;6.7425995;-7.9861298;0.50990295
a;85069251301618;7.550461;-9.070053;0.9481354
a;85069271443220;8.166824;-9.070511;1.6655273
a;85069291584821;7.801422;-9.492203;1.5383759
a;85069311726423;7.841873;-10.808151;1.2209167
a;85069331868025;8.7295685;-11.761871;1.3948212
a;85069352009626;9.104752;-12.054138;2.5348206
a;85069372151228;8.809113;-11.747528;4.288971
a;85069392292829;8.18956;-11.161774;4.1898346
a;85069412434431;8.405884;-11.945267;3.4351501
a;85069432576032;9.163605;-10.929398;2.4749756
a;85069452717634;9.414719;-9.651627;3.403305
a;85069472859236;9.505493;-9.421051;4.6445007
a;85069493000837;9.390396;-10.433838;4.0908813
a;85069513142439;8.759964;-10.398682;2.5132294
a;85069533284040;8.375259;-9.496033;1.2709503
a;85069553425642;8.2730255;-8.990677;0.10845947
a;85069573567243;8.166946;-8.399368;-0.10192871
a;85069593708845;6.8391113;-7.450943;0.17762756
a;85069613850446;7.826233;-6.5047913;1.4492188
a;85069633992048;7.6159515;-5.5674286;3.420105
a;85069654133650;5.642441;-4.020706;3.2297058
a;85069674275251;5.593231;-4.115341;2.2141724
a;85069694416853;6.59169;-4.0963135;1.27771
a;85069714558454;7.9582214;-3.483551;2.0918732
a;85069734700056;7.4105835;-2.5523071;3.441864
a;85069754841657;5.8335114;-2.1783295;3.83992
a;85069774983259;5.2674103;-2.013214;3.2295532
a;85069795124861;4.7980194;-0.89990234;2.5430756
a;85069815266462;4.5879364;-0.38171387;2.4581146
a;85069835408064;4.499481;-0.47956848;1.9373627
a;85069855549665;4.263138;-1.3710632;1.940628
a;85069875691267;4.1789246;-2.0321808;1.3372192
a;85069895832868;4.9090576;-2.3440552;1.085022
a;85069915974470;6.028702;-2.8327026;2.4000854
a;85069936116071;6.7585907;-3.4982758;3.7378387
a;85069956257673;7.0680237;-4.2731323;3.559555
a;85069976399275;6.99646;-5.6839294;1.8710022
a;85069996540876;6.9214935;-6.217224;1.6958008
a;85070016682478;7.3246613;-5.070236;1.3731232
a;85070036824079;7.7825317;-3.9000092;0.7956238
a;85070056965681;7.5469055;-3.4431763;0.10493469
a;85070077107282;7.5788116;-4.4689636;1.9972839
a;85070097248884;7.5211334;-5.1680756;2.8155975
a;85070117390486;7.174408;-6.068222;1.9733276
a;85070137524889;7.092392;-7.1388702;1.8038177
a;85070157666491;7.863678;-7.6957855;2.5250092
a;85070177808092;7.712021;-7.903015;2.2996216
a;85070197949694;7.325638;-8.110062;2.9760132
a;85070218091295;6.7832794;-8.375305;3.2355957
a;85070238232897;6.709091;-9.460098;0.77401733
a;85070258374498;9.075638;-9.9436035;0.49235535
a;85070278516100;10.17778;-7.681961;2.555542
a;85070298657702;9.467926;-5.882843;3.4943542
a;85070318799303;7.8552094;-7.4628143;2.7677917
a;85070338940905;7.8953247;-8.298676;2.8977814
a;85070359082506;8.83139;-8.403809;4.729019
a;85070379224108;8.11116;-10.096161;5.1726685
a;85070399365709;7.6606445;-11.815063;4.0944977
a;85070419507311;8.271988;-11.613037;4.0316467
a;85070439648913;8.519989;-9.483688;4.8872375
a;85070459790514;8.479721;-8.340958;5.552292
a;85070479932116;8.428848;-8.693939;4.7319946
a;85070500073717;8.315109;-9.5299225;3.8235016
a;85070520215319;8.312546;-9.643036;3.9680328
a;85070540356920;8.5439;-8.709213;4.8264313
a;85070560498522;8.266968;-7.9193726;4.6831055
a;85070580640123;7.823349;-8.4266815;3.3688507
a;85070600781725;7.8188324;-8.843109;2.4029236
a;85070620923327;8.0664215;-8.444656;2.448227
a;85070641064928;8.3728485;-7.4102173;3.5655365
a;85070661206530;8.482239;-5.6648254;4.2089844
a;85070681348131;8.145126;-4.5406036;4.310562
a;85070701489733;7.9162903;-4.5749207;3.9178314
a;85070721631334;7.885391;-4.9228516;3.389328
a;85070741772936;7.4636383;-4.4106445;3.3807983
a;85070761914538;6.725235;-3.6305542;3.3322296
a;85070782056139;5.9026794;-3.309906;2.8180084
a;85070802197741;5.5065613;-3.1108398;2.5095825
a;85070822339342;5.1933746;-2.9168396;2.4432068
a;85070842480944;4.51268;-2.4280548;2.299942
a;85070862622545;3.7417603;-2.004898;1.2957764
a;85070882764147;3.3612976;-1.6605835;0.3400879
a;85070902905748;3.667862;-1.7441864;0.98898315
a;85070923047350;4.6243286;-1.5786896;3.3693848
a;85070943188952;5.3956757;-2.0648499;3.809143
a;85070963330553;6.408676;-4.4723206;2.871109
a;85070983472155;6.4115906;-6.54953;3.800949
a;85071003613756;5.7244415;-5.818573;3.438385
a;85071023755358;6.206787;-5.555832;2.5034637
a;85071043896959;7.292145;-5.042572;1.9052124
a;85071064038561;7.969467;-3.8715973;1.7008514
a;85071084180163;7.92749;-3.649826;1.6385651
a;85071104321764;6.85553;-4.6208954;1.6856842
a;85071124463366;7.2328186;-5.680969;2.2626038
a;85071144604967;8.610931;-6.3661957;3.745407
a;85071164746569;7.8164215;-8.139832;3.7832031
a;85071184888170;6.7444916;-10.292526;2.7118835
a;85071205029772;7.30571;-9.737946;2.0930939
a;85071225171373;7.6585236;-8.178238;2.0763855
a;85071245312975;7.448227;-7.3855133;2.1223145
a;85071265454577;7.303665;-7.111313;2.1668396
a;85071285596178;7.4007874;-6.618393;2.4434814
a;85071305737780;7.244583;-6.585373;2.0899048
a;85071325879381;7.6856995;-7.42128;2.561798
a;85071346020983;7.6750793;-8.320633;2.6216278
a;85071366162584;7.2384796;-8.797363;3.338272
a;85071386304186;6.841675;-9.985443;3.8262787
a;85071406445788;7.2733307;-11.143967;3.5896301
a;85071426587389;8.500183;-11.746948;3.967041
a;85071446728991;9.003891;-11.6418915;5.1228333
a;85071466870592;8.790375;-11.175613;5.7882233
a;85071487012194;8.481583;-10.618057;5.750778
a;85071507153795;8.925415;-9.477173;5.3894806
a;85071527295397;8.664566;-8.976944;5.4862823
a;85071547436998;8.626175;-8.228134;5.112915
a;85071567578600;8.525055;-7.5715485;5.0980988
a;85071587720202;7.7627716;-9.232346;3.792099
a;85071607861803;7.59433;-10.449127;2.9492188
a;85071628003405;7.397949;-9.103317;3.2225037
a;85071648145006;7.4950867;-7.3772125;3.438385
a;85071668286608;7.597809;-6.8644867;3.309723
a;85071688428209;7.1178436;-6.683487;3.1065369
a;85071708569811;7.0389404;-5.825714;3.0466614
a;85071728711413;7.5905914;-4.802475;2.6630402
a;85071748853014;7.8297424;-4.490982;2.4215088
a;85071768994616;7.468628;-4.2880554;2.5520477
a;85071789136217;6.9657745;-4.141342;2.7494507
a;85071809277819;6.3685913;-3.5107422;2.0060577
a;85071829419420;6.244751;-2.4885101;1.805603
a;85071849561022;5.9632874;-2.270874;1.2653503
a;85071869702623;5.2970886;-2.686493;1.128067
a;85071889844225;4.0166016;-3.2619019;1.1102753
a;85071909985827;2.9054718;-3.7877197;0.60476685
a;85071930127428;3.6158905;-2.49794;0.25726318
a;85071950269030;4.1259003;-1.3124237;0.7015991
a;85071970410631;6.0697174;-2.2043762;1.3003998
a;85071990552233;7.7875366;-4.1809235;2.4523163
a;85072010693834;5.454956;-7.8281097;3.229828
a;85072030835436;5.3311005;-7.129654;3.2352753
a;85072050977038;8.376144;-4.4792786;3.3574066
a;85072071118639;8.6740265;-4.6646576;2.0966034
a;85072091260241;6.420105;-6.4108124;1.1516724
a;85072111401842;5.74852;-5.9842224;0.8124237
a;85072131543444;7.6762543;-5.015381;1.0865021
a;85072151685045;8.817154;-4.994507;0.83509827
a;85072171826647;8.02243;-5.7811127;1.9454498
a;85072191968248;6.744156;-6.650467;2.7885742
a;85072212109850;6.8449707;-7.094528;2.190094
a;85072232251452;8.145325;-6.834549;1.1624908
a;85072252393053;8.508316;-6.3318787;1.0944061
a;85072272534655;7.5565033;-6.741516;1.1076508
a;85072292676256;7.0811157;-7.375244;0.94818115
a;85072312817858;8.653946;-7.799164;0.9870148
a;85072332959459;9.312119;-8.191986;1.3312073
a;85072353101061;8.068665;-8.625977;1.3510895
a;85072373242663;6.364212;-8.091568;1.1154785
a;85072393384264;6.646286;-7.1876984;1.6654663
a;85072413525866;7.5654297;-7.821411;3.2904205
a;85072433667467;6.947693;-9.396851;3.2179108
a;85072453809069;6.6310577;-9.9474945;4.041977
a;85072473950670;8.455994;-10.809113;7.412903
a;85072494092272;8.409622;-13.254959;6.1275635
a;85072514233873;7.5281067;-13.783051;4.070801
a;85072534375475;7.901291;-11.394211;3.6968079
a;85072554517077;8.48674;-8.25119;4.592819
a;85072574658678;8.590775;-6.7270813;5.281555
a;85072594800280;7.9254;-7.5637665;4.4259644
a;85072614941881;7.772217;-9.230148;3.43161
a;85072635083483;8.519577;-9.358017;2.905548
a;85072655225084;8.444626;-8.527039;2.8293152
a;85072675366686;7.9925537;-8.465622;2.0845032
a;85072695508288;8.498108;-9.135956;1.272232
a;85072715649889;8.741882;-8.896103;1.447876
a;85072735791491;8.151016;-7.891968;2.0223389
a;85072755933092;7.812393;-7.5797424;2.384262
a;85072776074694;7.9931793;-7.799713;2.0274048
a;85072796216295;7.821579;-6.9986725;1.7828674
a;85072816357897;6.9867554;-5.0733795;2.1091003
a;85072836499498;6.813263;-3.757492;2.7400208
a;85072856641100;7.072708;-2.9524536;3.0769043
a;85072876782702;6.9421997;-3.3079224;2.9021912
a;85072896924303;5.6077576;-4.3531647;2.010498
a;85072917065905;4.252289;-4.8187103;1.3226166
a;85072937207506;3.8459473;-4.0468903;0.92692566
a;85072957349108;3.9722137;-2.6977386;1.01474
a;85072977490709;3.9235535;-1.8954163;0.8111725
a;85072997632311;3.727188;-2.2397614;0.96221924
a;85073017773913;4.2341766;-3.199356;2.5267334
a;85073037915514;4.734482;-3.4483643;3.7030334
a;85073058057116;5.522339;-3.2489624;2.8680878
a;85073078198717;6.7006226;-4.0863495;2.6582184
a;85073098340319;7.4123535;-6.0578766;2.6103973
a;85073118481920;6.7418213;-6.733963;2.5727997
a;85073138623522;6.6053925;-5.6009064;3.4928894
a;85073158765123;8.133362;-4.422806;2.6168213
a;85073178906725;8.474442;-4.7830963;0.4338379
a;85073199048327;7.6143036;-6.8750916;0.11541748
a;85073219189928;7.6484833;-6.746292;0.9508667
a;85073239331530;7.895752;-5.295334;1.8123474
a;85073259473131;7.7721405;-4.9188995;1.4360809
a;85073279614733;7.400757;-5.414673;1.1822052
a;85073299756334;7.833374;-6.703781;1.6079712
a;85073319897936;7.919342;-8.999527;1.2038574
a;85073340039538;6.7050476;-9.08136;0.31326294
a;85073360181139;6.984375;-7.0549316;1.5379181
a;85073380322741;7.306534;-5.747772;2.3493195
a;85073400464342;5.844528;-7.215103;0.39215088
a;85073420605944;4.5467834;-8.877319;-0.41983032
a;85073440747545;6.7390137;-8.133774;2.454834
a;85073460889147;8.793274;-8.794708;3.3138428
a;85073481030748;8.993912;-12.661453;2.6035156
a;85073501172350;9.389984;-15.906326;3.2602692
a;85073521313952;9.446701;-16.152054;3.2111511
a;85073541455553;8.925674;-12.742905;3.1341705
a;85073561597155;7.7457275;-8.409683;3.2640228
a;85073581738756;8.176178;-6.5945587;4.252594
a;85073601880358;8.543381;-7.153122;3.991806
a;85073622021959;7.8433533;-8.47258;3.167038
a;85073642163561;7.443878;-8.703949;1.8608093
a;85073662305163;8.1315;-7.731262;1.9700775
a;85073682446764;8.576019;-8.055771;3.770584
a;85073702588366;7.8891754;-8.64946;2.591751
a;85073722729967;7.951538;-9.847702;0.63990784
a;85073742871569;8.469528;-9.976883;0.26617432
a;85073763013170;8.4648285;-8.501007;0.84880066
a;85073783154772;8.299133;-6.924881;1.2892456
a;85073803296373;8.321899;-6.1709137;1.7416992
a;85073823437975;8.267944;-5.7861023;1.8968658
a;85073843579577;8.334076;-5.475464;1.715332
a;85073863721178;8.102188;-5.5896454;1.2595978
a;85073883862780;7.1365204;-5.4793854;1.1165924
a;85073904004381;6.4345245;-5.2555084;1.5822144
a;85073924145983;6.1323547;-4.6323853;1.5167084
a;85073944287584;5.910446;-4.218643;1.3423615
a;85073964429186;5.4071198;-3.6622162;1.1566467
a;85073984570788;4.838608;-2.7319946;0.8647461
a;85074004712389;4.5384216;-2.5587006;0.8033447
a;85074024853991;4.265335;-3.0148468;1.1177673
a;85074044995592;3.8238373;-2.6089172;0.86842346
a;85074065137194;4.677536;-2.3185425;1.1635742
a;85074085278795;6.159836;-2.5842896;2.014206
a;85074105420397;7.5108337;-4.0483093;3.6807556
a;85074125561998;7.153717;-5.2615356;3.3186188
a;85074145703600;7.7305145;-6.20578;2.347519
a;85074165845202;7.939041;-6.3760834;2.0454865
a;85074185986803;6.988785;-5.363617;2.0737762
a;85074206128405;6.7878876;-4.5193787;1.4919586
a;85074226270006;7.7132874;-4.8477325;0.79867554
a;85074246411608;8.685272;-5.5732117;0.65400696
a;85074266553209;8.600082;-5.635498;0.86875916
a;85074286694811;7.756012;-5.186249;1.3856964
a;85074306836413;8.174408;-4.9447937;1.6996765
a;85074326978014;9.078278;-5.3876495;1.6241302
a;85074347119616;8.971298;-5.978607;1.9564819
a;85074367261217;8.402161;-6.458542;1.5870361
a;85074387402819;8.156204;-6.631119;1.8716888
a;85074407544420;8.459457;-5.764328;2.501068
a;85074427686022;8.514587;-6.028;3.1653748
a;85074447827623;7.688339;-7.272049;2.6978302
a;85074467969225;7.6038055;-8.280045;2.267105
a;85074488110827;8.421387;-7.434067;2.5319214
a;85074508252428;8.410217;-6.8617096;3.3580322
a;85074528394030;7.148346;-7.6258698;2.8716583
a;85074548535631;6.5121155;-8.112335;1.3557739
a;85074568677233;6.71019;-6.58313;2.3414307
a;85074588818834;7.569916;-5.9175415;3.9636078
a;85074608960436;7.8619537;-7.3639984;4.1525116
a;85074629102038;7.3378296;-9.461594;3.5845184
a;85074649243639;7.588394;-9.615463;3.7827759
a;85074669385241;8.389511;-8.943268;4.730438
a;85074689526842;8.355133;-9.473114;4.5048065
a;85074709668444;8.225891;-9.540527;4.327484
a;85074729810045;8.2964325;-9.254257;3.9611816
a;85074749951647;8.467972;-9.259705;3.533142
a;85074770093248;8.4791565;-8.960434;3.018692
a;85074790234850;8.588135;-8.838577;3.2086487
a;85074810376452;8.92009;-9.397568;4.0941772
a;85074830518053;8.375748;-8.971161;3.6241455
a;85074850659655;8.318512;-8.528503;3.1182098
a;85074870801256;8.461029;-8.192932;3.0001526
a;85074890942858;8.229462;-7.6511383;2.8394318
a;85074911084459;7.9470215;-7.1296234;2.668869
a;85074931226061;7.9595337;-6.387802;2.3857117
a;85074951367663;7.9430695;-5.536316;2.1524963
a;85074971509264;7.8453674;-4.5934143;2.376648
a;85074991650866;7.825363;-4.057541;2.6138763
a;85075011792467;7.2717896;-3.581665;2.938919
a;85075031934069;6.715744;-3.2538452;2.8775787
a;85075052075670;6.753647;-3.1903992;2.454361
a;85075072217272;6.5047913;-3.3581848;2.138565
a;85075092358873;5.6375427;-3.077713;2.1942596
a;85075112500475;4.848114;-2.4109497;2.5380707
a;85075132642077;4.4276123;-2.0745392;1.9768677
a;85075152783678;4.611603;-1.9324188;0.72621155
a;85075172925280;5.2535706;-2.2576141;0.07048035
a;85075193066881;5.3151703;-3.8282623;1.4961853
a;85075213208483;5.03154;-5.1542664;2.2106018
a;85075233350084;5.9879913;-4.9134827;2.663391
a;85075253491686;7.189453;-4.146286;3.4508514
a;85075273633288;7.75618;-4.0730286;3.6364899
a;85075293774889;7.788025;-6.1744385;2.9392853
a;85075313916491;7.7310486;-8.055344;1.7726898
a;85075334058092;7.5896606;-7.846939;1.196106
a;85075354199694;7.5119324;-5.989868;1.5549316
a;85075374341295;7.8685455;-4.241272;1.2994995
a;85075394482897;8.229111;-4.1237793;1.5952759
a;85075414624498;7.807892;-4.9364166;1.8110657
a;85075434766100;7.3010254;-5.9545746;2.065796
a;85075454907702;7.5559845;-6.5942535;2.203415
a;85075475049303;8.237747;-6.8353577;3.0672302
a;85075495190905;8.358215;-7.2519836;2.9236145
a;85075515332506;8.144974;-7.9543457;2.6528015
a;85075535474108;7.9510345;-7.719513;1.9989929
a;85075555615709;9.134354;-8.116318;5.4778595
a;85075575757311;8.794327;-8.8186035;6.8741302
a;85075595898913;8.220627;-12.230148;1.2381592
a;85075616040514;9.108566;-12.469986;-0.14674377
a;85075636182116;8.887497;-7.2056427;1.1034393
a;85075656323717;8.863937;-4.213623;1.4996643
a;85075676465319;8.653412;-5.0526733;1.2624512
a;85075696606920;7.4250183;-6.967697;1.4730988
a;85075716748522;7.1508484;-7.6079865;2.722702
a;85075736890123;7.585617;-7.057434;3.3706665
a;85075757031725;7.491623;-6.937805;2.550232
a;85075777173327;7.207535;-7.2113953;1.118454
a;85075797314928;7.310028;-7.3002014;0.32667542
a;85075817456530;7.2583466;-6.767761;1.9263153
a;85075837598131;7.0510406;-5.7170715;2.4984589
a;85075857739733;7.517517;-5.908676;1.5790405
a;85075877881334;7.700485;-6.6589966;0.91619873
a;85075898022936;7.3992157;-6.5731354;0.97358704
a;85075918164538;7.2893524;-6.280487;1.6448059
a;85075938306139;7.542267;-6.047226;2.2211456
a;85075958447741;7.9384155;-6.0174103;2.5884094
a;85075978589342;7.838318;-6.0933075;2.439087
a;85075998730944;7.5614166;-6.713608;2.0326996
a;85076018872545;7.3029175;-7.2966766;1.4304962
a;85076039014147;7.279587;-7.2816925;1.2315063
a;85076059155748;7.407501;-6.718399;1.8063965
a;85076079297350;7.5109253;-6.3239136;1.9853821
a;85076099438952;7.556183;-6.443329;1.7346497
a;85076119580553;7.4657745;-6.955902;1.3846741
a;85076139722155;7.3443756;-7.261627;0.9785309
a;85076159863756;7.5706635;-6.87973;0.91545105
a;85076180005358;7.537689;-6.3625946;1.36203
a;85076200146959;7.4065094;-6.033249;1.6407318
a;85076220288561;7.2401733;-6.2996674;1.9778137
a;85076240430163;6.9996643;-6.830597;1.7826996
a;85076260571764;6.5753784;-7.3072968;2.0365448
a;85076280713366;6.6450043;-6.786087;2.3617096
a;85076300854967;6.7403564;-6.605011;2.532135
a;85076320996569;6.425888;-6.49205;2.3414764
a;85076341138170;6.40831;-6.1963196;2.3756866
a;85076361279772;6.1151123;-5.7815247;3.418167
a;85076381421373;5.6889343;-4.266098;4.3420715
a;85076401562975;5.637451;-3.0308533;4.271469
a;85076421704577;5.7901154;-3.7740479;3.1326752
a;85076441846178;5.6734467;-4.7766724;2.1033173
a;85076461987780;5.3606567;-4.286957;2.0908508
a;85076482129381;5.231262;-3.661499;2.147171
a;85076502270983;4.984024;-3.7824097;2.0531616
a;85076522412584;5.016281;-4.2277374;2.0688477
a;85076542554186;5.1644897;-4.1990356;2.044754
a;85076562695788;4.7885284;-4.935364;2.0097656
a;85076582837389;4.348938;-5.585373;1.631897
a;85076602978991;5.023987;-5.7208557;1.8533783
a;85076623120592;5.878128;-5.34404;1.9904175
a;85076643262194;5.4158325;-4.939743;2.3499298
a;85076663403795;4.177429;-5.6419067;2.5268402
a;85076683545397;3.2122498;-7.3826904;2.5171356
a;85076703686998;3.448532;-8.172516;3.1307983
a;85076723828600;3.3360596;-8.629364;3.4259949
a;85076743970202;2.6623077;-8.402985;2.98703
a;85076764111803;1.4677277;-9.346466;2.7256775
a;85076784253405;-0.111343384;-10.530258;2.739502
a;85076804395006;-1.3114777;-11.295105;2.7218018
a;85076824536608;-1.6330109;-10.427658;2.8560028
a;85076844678209;-2.417282;-10.268829;3.380539
a;85076864819811;-3.767044;-10.902069;3.7874908
a;85076884961413;-4.4739075;-10.984924;3.5675964
a;85076905103014;-5.195511;-10.514252;3.258728
a;85076925244616;-5.995178;-9.674866;2.5699768
a;85076945386217;-8.056641;-10.011429;2.207489
a;85076965527819;-9.083405;-10.197708;1.973114
a;85076985669420;-9.69075;-9.715454;2.118805
a;85077005811022;-10.269363;-8.93129;1.7352142
a;85077025952623;-10.808502;-8.712402;0.85554504
a;85077046094225;-11.565598;-9.356735;-0.60647583
a;85077066235827;-12.201279;-10.094299;-0.88656616
a;85077086377428;-12.25177;-10.083054;-1.2588196
a;85077106519030;-11.66597;-9.4613495;-1.1708527
a;85077126660631;-10.359695;-8.587769;-1.086792
a;85077146802233;-9.535416;-7.8333282;-1.0486603
a;85077166943834;-8.918732;-6.9855804;-1.0263214
a;85077187085436;-8.680344;-6.438751;-0.969162
a;85077207227038;-8.503021;-6.05188;-1.2325287
a;85077227368639;-8.458298;-5.4376373;-1.2081451
a;85077247510241;-8.431137;-4.7512665;-0.9590149
a;85077267651842;-8.234146;-4.0453644;-0.95028687
a;85077287793444;-8.239822;-3.8621979;-1.1198273
a;85077307935045;-9.172119;-4.0936127;-1.5924683
a;85077328076647;-10.924683;-4.4517517;-2.283554
a;85077348218248;-11.470169;-4.610489;-2.7810059
a;85077368359850;-8.319;-4.4467926;-2.257492
a;85077388501452;-7.8712616;-4.1440277;-2.1696167
a;85077408643053;-9.307312;-3.6914215;-2.5903473
a;85077428784655;-9.036072;-3.5909882;-2.4569855
a;85077448926256;-8.633041;-3.5127258;-2.1385345
a;85077469067858;-8.924988;-3.4913483;-2.1386414
a;85077489209459;-9.04538;-3.583664;-2.2028503
a;85077509351061;-8.920288;-3.6000824;-2.2241058
a;85077529492663;-9.045914;-3.5794525;-2.1240997
a;85077549634264;-9.140839;-3.5954437;-2.040985
a;85077569775866;-9.08577;-3.6269531;-1.9854279
a;85077589917467;-8.952957;-3.7343597;-1.9066315
a;85077610059069;-8.958145;-3.788269;-1.9615021
a;85077630200670;-8.904007;-3.7778473;-1.9447632
a;85077650342272;-8.850143;-3.8671265;-1.9418945
a;85077670483873;-8.809128;-4.0297546;-1.9246368
a;85077690625475;-8.75946;-4.1330414;-1.9526825
a;85077710767077;-8.651352;-4.195648;-2.0405273
a;85077730908678;-8.501587;-4.250519;-2.0658417
a;85077751050280;-8.418488;-4.3029175;-2.0069122
a;85077771191881;-8.347977;-4.289917;-1.9096832
a;85077791333483;-8.367279;-4.261307;-1.9275818
a;85077811475084;-8.431259;-4.2248383;-1.9318085
a;85077831616686;-8.475845;-4.2369995;-1.9354095
a;85077851758288;-8.577026;-4.2342224;-1.946228
a;85077871899889;-8.706192;-4.226532;-1.9891815
a;85077892041491;-8.800995;-4.2320557;-2.1262054
a;85077912183092;-8.8654175;-4.278839;-2.2577972
a;85077932324694;-8.887497;-4.386841;-2.3135223
a;85077952466295;-8.894287;-4.449692;-2.3164673
a;85077972607897;-8.869629;-4.456711;-2.3277283
a;85077992749498;-8.836304;-4.45842;-2.2720795
a;85078012891100;-8.781235;-4.4486084;-2.1749573
a;85078033032702;-8.725342;-4.3968964;-2.0830994
a;85078053174303;-8.709656;-4.350647;-1.9750214
a;85078073315905;-8.670273;-4.359604;-1.9463043
a;85078093457506;-8.657013;-4.349762;-1.9330597
a;85078113599108;-8.6328125;-4.371826;-1.9085693
a;85078133740709;-8.62764;-4.407135;-1.9372101
a;85078153882311;-8.666672;-4.4376984;-1.9662323
a;85078174023913;-8.674576;-4.4790955;-2.017044
a;85078194165514;-8.708069;-4.486252;-2.0346375
a;85078214307116;-8.690033;-4.4950714;-2.0749664
a;85078234448717;-8.641312;-4.502014;-2.0889435
a;85078254590319;-8.623093;-4.4774323;-2.102539
a;85078274731920;-8.619461;-4.475769;-2.1008453
a;85078294873522;-8.611588;-4.4807434;-2.1315613
a;85078315015123;-8.570908;-4.456726;-2.149826
a;85078335156725;-8.542038;-4.461075;-2.1320343
a;85078355298327;-8.53949;-4.46727;-2.1742096
a;85078375439928;-8.56665;-4.455429;-2.2392883
a;85078395581530;-8.586975;-4.4904327;-2.242279
a;85078415723131;-8.580963;-4.525284;-2.2444
a;85078435864733;-8.582108;-4.491104;-2.2509308
a;85078456006334;-8.545181;-4.5139923;-2.2555237
a;85078476147936;-8.555939;-4.519684;-2.255478
a;85078496289538;-8.568756;-4.5238647;-2.2305298
a;85078516431139;-8.604736;-4.5339203;-2.2198334
a;85078536572741;-8.597427;-4.5065613;-2.2152557
a;85078556714342;-8.592285;-4.532608;-2.154953
a;85078576855944;-8.599869;-4.554657;-2.1142426
a;85078596997545;-8.59758;-4.551468;-2.0775604
a;85078617139147;-8.601334;-4.533264;-2.0953674
a;85078637280748;-8.621506;-4.525543;-2.1055756
a;85078657422350;-8.647659;-4.5065765;-1.9984436
a;85078677563952;-8.657242;-4.4871674;-1.9874573
a;85078697705553;-8.670288;-4.4707184;-2.0426636
a;85078717847155;-8.691849;-4.424698;-2.0696106
a;85078737988756;-8.690994;-4.426483;-2.0498352
a;85078758130358;-8.695496;-4.448639;-2.0767212
a;85078778271959;-8.715195;-4.4519806;-2.1123657
a;85078798413561;-8.693237;-4.4305267;-2.1194305
a;85078818555163;-8.679565;-4.3751526;-2.1012573
a;85078838696764;-8.686157;-4.3233337;-2.0007935
a;85078858838366;-8.634644;-4.3370514;-2.0266724
a;85078878979967;-8.664093;-4.362137;-2.1252136
a;85078899121569;-8.66011;-4.355423;-2.0759583
a;85078919263170;-8.67186;-4.3431854;-2.0967255
a;85078939404772;-8.661728;-4.3352356;-2.1082153
a;85078959546373;-8.643616;-4.399719;-2.1001282
a;85078979687975;-8.643021;-4.4005127;-2.0976257
a;85078999829577;-8.612335;-4.412979;-2.1360168
a;85079019971178;-8.620529;-4.4161987;-2.1009064
a;85079040112780;-8.624435;-4.408188;-2.1200867
a;85079060254381;-8.61882;-4.439453;-2.1557617
a;85079080395983;-8.649551;-4.4597015;-2.151764
a;85079100537584;-8.6609955;-4.4803467;-2.1959076
a;85079120679186;-8.611237;-4.508438;-2.2013855
a;85079140820788;-8.632538;-4.5193634;-2.1691284
a;85079160962389;-8.677826;-4.557663;-2.1700134
a;85079181103991;-8.681198;-4.6862335;-2.211502
a;85079201245592;-8.731644;-4.9408875;-2.2889404
a;85079221387194;-8.742386;-5.1284485;-2.296875
a;85079241528795;-8.718597;-5.2056274;-2.2186584
a;85079261670397;-8.680191;-5.235199;-2.1330566
a;85079281811998;-8.677002;-5.3146515;-2.0948792
a;85079301953600;-8.692871;-5.3232727;-2.0151672
a;85079322095202;-8.737488;-5.1580048;-2.1071472
a;85079342236803;-8.794464;-4.830368;-2.197525
a;85079362378405;-8.721191;-4.5512543;-2.0869904
a;85079382520006;-8.481415;-4.4370117;-1.9975586
a;85079402661608;-8.404495;-4.3748016;-2.109085
a;85079422803209;-8.356949;-4.2128754;-2.1842346
a;85079442944811;-8.312241;-4.0542603;-2.0671844
a;85079463086413;-8.297958;-3.8902283;-1.9822388
a;85079483228014;-8.332321;-3.9804077;-1.8803864
a;85079503369616;-8.310135;-4.1928406;-1.889679
a;85079523511217;-8.402634;-4.6460266;-2.0204163
a;85079543652819;-8.536026;-5.088043;-2.1599731
a;85079563794420;-8.583298;-5.085266;-1.9770355
a;85079583936022;-8.609482;-5.12912;-1.7355347
a;85079604077623;-8.571152;-5.4043427;-1.7238312
a;85079624219225;-8.484909;-5.5529175;-1.8639374
a;85079644360827;-8.434753;-5.8862;-1.9601898
a;85079664502428;-8.361481;-6.635971;-2.3736267
a;85079684644030;-8.319656;-7.067505;-2.6098938
a;85079704785631;-8.320068;-7.2121124;-2.5185242
a;85079724927233;-8.446747;-7.507248;-2.2829437
a;85079745068834;-8.460587;-7.7628784;-2.2710419
a;85079765210436;-8.266251;-7.8297577;-2.7118683
a;85079785352038;-8.063614;-8.24765;-2.9392853
a;85079805493639;-7.999634;-8.4953;-2.937317
a;85079825635241;-7.7938538;-8.443909;-2.9652252
a;85079845776842;-7.626053;-8.535324;-2.9742584
a;85079865918444;-7.6081085;-9.035187;-3.2700348
a;85079886060045;-7.8834076;-9.85376;-3.6351013
a;85079906201647;-8.039917;-10.238632;-3.597824
a;85079926343248;-7.8992157;-9.786972;-3.3625336
a;85079946484850;-7.6208954;-9.517242;-3.0666504
a;85079966626452;-7.243271;-9.840012;-3.0196533
a;85079986768053;-6.911438;-10.166122;-3.0611877
a;85080006909655;-6.439972;-9.966385;-2.6223602
a;85080027051256;-6.0283813;-9.083069;-1.5465088
a;85080047192858;-5.6622314;-9.282425;-1.0673676
a;85080067334459;-5.01326;-9.632492;-0.8813019
a;85080087476061;-4.7869415;-8.859009;0.35946655
a;85080107617663;-4.558853;-8.319275;0.9523773
a;85080127772249;-3.6921997;-8.549225;0.96347046
a;85080147913851;-3.251587;-7.572342;2.1696472
a;85080168055452;-3.0219727;-7.5469666;2.867691
a;85080188197054;-2.8513794;-8.331223;3.3170624
a;85080208338655;-3.369339;-6.778778;4.8114014
a;85080228480257;-3.2554169;-4.752762;5.866272
a;85080248621858;-2.6017456;-3.765396;6.433975
a;85080268763460;-2.4145966;-2.5221558;7.0547028
a;85080288905062;-2.3756714;-2.1039734;7.3855286
a;85080309046663;-2.6208496;-1.2670135;7.430481
a;85080329188265;-2.1377106;-0.5094452;7.8333282
a;85080349329866;-1.3091431;-0.75372314;7.7314453
a;85080369471468;-1.3777924;-0.42915344;7.9852448
a;85080389613069;-1.4611359;-0.04714966;8.53775
a;85080409754671;-1.3252716;0.10887146;8.9987335
a;85080429896273;-1.1456146;-0.28941345;9.2269745
a;85080450037874;-1.1003876;-0.868103;9.070557
a;85080470179476;-0.864563;-1.2424316;8.838333
a;85080490321077;-1.1078491;-0.22216797;8.126419
a;85080510462679;-1.0762634;-1.0021667;9.560379
a;85080530604280;0.007080078;0.2911377;9.013397
a;85080550745882;0.1799469;-0.010025024;9.790924
a;85080570887483;-0.5274048;-0.34883118;9.7715
a;85080591029085;-0.78656006;-1.0308075;9.351242
a;85080611170687;-0.120529175;-0.7247009;9.149384
a;85080631312288;-0.3961792;-0.8212433;9.269424
a;85080651453890;-0.5115967;-0.94337463;9.705856
a;85080671595491;-0.6053772;-1.0118713;9.895126
