a;12411696502364;0.8396301;-0.7641144;9.948227
a;12411716643966;0.9921875;-0.7242737;9.834595
a;12411736785567;0.9517517;-0.84957886;9.784805
a;12411756927169;1.0742798;-0.6269226;9.96521
a;12411777068770;1.0363312;-0.65138245;9.980896
a;12411797210372;1.0175323;-0.62390137;9.918182
a;12411817351973;0.98431396;-0.56311035;9.822357
a;12411837493575;0.93951416;-0.59532166;9.723892
a;12411857635177;0.90756226;-0.6635742;9.755646
a;12411877776778;0.8795929;-0.6560364;9.882004
a;12411897918380;0.90693665;-0.7033539;9.844482
a;12411918059981;0.8447876;-0.79122925;9.690506
a;12411938201583;0.72901917;-0.8728485;9.7078705
a;12411958343184;0.6589966;-0.8421631;9.657898
a;12411978484786;0.684494;-0.80656433;9.395294
a;12411998626387;0.4304657;-0.6358032;9.174515
a;12412018767989;-0.85749817;-0.02319336;9.030746
a;12412038909591;1.3981323;-1.0373688;8.067062
a;12412059051192;-0.032943726;-1.2506104;7.463333
a;12412079192794;-0.36984253;-0.98127747;7.141693
a;12412099334395;-0.3474579;-0.7541199;6.8823395
a;12412119475997;-0.40885925;-0.75183105;6.572876
a;12412139617598;-0.58836365;-1.0190582;6.2819977
a;12412159759200;-1.1658173;-1.8523407;6.483307
a;12412179900802;-1.8825684;-3.7602997;6.9556274
a;12412200042403;-1.9094391;-3.8406982;6.9122925
a;12412220184005;-2.1082306;-2.71698;6.970276
a;12412240325606;-2.6652985;-2.3712463;6.8507233
a;12412260467208;-3.9004974;-4.5785522;7.5420227
a;12412280608809;-4.6478577;-7.4213104;7.6162415
a;12412300750411;-4.425461;-7.0997467;7.515518
a;12412320892012;-4.5645447;-5.6220856;7.5283813
a;12412341033614;-5.5634003;-5.9632263;7.7710724
a;12412361175216;-6.2952423;-6.82872;7.512665
a;12412381316817;-6.4402466;-6.573578;7.243622
a;12412401458419;-6.7917633;-6.492935;6.5906982
a;12412421600020;-7.676956;-7.7250366;6.1094055
a;12412441741622;-8.347641;-8.554047;5.5925446
a;12412461883223;-8.575104;-8.155914;5.0554504
a;12412482024825;-8.826675;-7.716095;4.4891663
a;12412502166427;-9.144272;-7.530838;4.1102753
a;12412522308028;-9.121017;-7.311264;4.036606
a;12412542449630;-8.939026;-7.1058655;3.7802582
a;12412562591231;-8.831787;-6.9967346;3.3149261
a;12412582732833;-8.8396;-6.8203278;2.9978485
a;12412602845578;-8.914139;-6.5932617;2.7691803
a;12412622987180;-9.095413;-6.315094;2.6264343
a;12412643128781;-9.157593;-6.0767365;2.5726929
a;12412663270383;-9.203537;-5.6558075;2.5938263
a;12412683411985;-9.27092;-5.2791443;2.463501
a;12412703553586;-9.340347;-5.084732;2.4559784
a;12412723695188;-9.3294525;-4.9956512;2.5501099
a;12412743836789;-9.317139;-4.752777;2.6573486
a;12412763978391;-9.532822;-4.324005;2.9665985
a;12412784119992;-9.433777;-3.5580292;2.7521667
a;12412804261594;-9.30571;-3.3029327;2.091568
a;12412824403196;-8.8016815;-4.011154;1.8844147
a;12412844544797;-8.38765;-4.677582;1.8579865
a;12412864686399;-8.368774;-5.029587;1.5891876
a;12412884828000;-8.651413;-5.21933;1.4190369
a;12412904969602;-8.733963;-5.24646;1.3924713
a;12412925111203;-8.64444;-5.3061523;1.33107
a;12412945252805;-8.604965;-5.287964;1.4089355
a;12412965394406;-8.628906;-5.0221863;1.4768219
a;12412985536008;-8.821182;-4.63089;1.6449585
a;12413005677610;-8.923355;-4.314926;1.693573
a;12413025819211;-8.922424;-4.082947;1.4832306
a;12413045960813;-8.962036;-4.0347443;1.5698395
a;12413066102414;-9.09819;-3.9459991;1.6560516
a;12413086244016;-9.194397;-3.7547302;1.7017059
a;12413106385617;-9.164612;-3.5966187;1.7856293
a;12413126527219;-9.02478;-3.4451752;1.8226471
a;12413146668821;-8.961609;-3.4310608;1.8320923
a;12413166810422;-9.023956;-3.5796509;1.9611664
a;12413186952024;-9.083328;-3.6425629;2.0302124
a;12413207093625;-9.091446;-3.6988525;1.8211975
a;12413227235227;-8.972092;-3.8140564;1.8318787
a;12413247376828;-8.850174;-3.9074097;1.9574127
a;12413267518430;-8.846481;-3.8887634;2.01268
a;12413287660031;-8.969025;-3.8083954;2.0599976
a;12413307801633;-9.073914;-3.7675323;2.1518707
a;12413327943235;-9.031403;-3.8052368;2.112976
a;12413348084836;-8.982193;-3.8233032;2.1237183
a;12413368226438;-8.955597;-3.8499603;2.139801
a;12413388368039;-8.913757;-3.8830261;2.0462036
a;12413408509641;-8.936691;-3.9643402;1.9716034
a;12413428651242;-8.917252;-4.0277557;1.9367218
a;12413448792844;-8.914352;-4.030838;1.9113159
a;12413468934446;-8.900681;-4.010025;1.8926544
a;12413489076047;-8.981842;-4.0430145;1.8191376
a;12413509217649;-9.005569;-4.1039734;1.7541351
a;12413529359250;-8.969971;-4.099518;1.8126068
a;12413549500852;-8.964859;-4.083969;1.8170166
a;12413569642453;-8.957397;-4.056183;1.8546753
a;12413589784055;-8.902649;-4.0267334;1.8394165
a;12413609925656;-8.90918;-4.023163;1.8496552
a;12413630067258;-8.99968;-4.026123;1.8471069
a;12413650208860;-9.08638;-4.03302;1.8846588
a;12413670350461;-9.093475;-4.03389;1.9286652
a;12413690492063;-9.010315;-4.0020905;1.9418945
a;12413710633664;-8.918884;-4.008774;1.9467163
a;12413730775266;-8.890015;-4.013153;1.9343872
a;12413750916867;-8.948669;-3.9542847;1.9398346
a;12413771058469;-9.006317;-3.9100494;1.9600067
a;12413791200071;-8.991135;-3.876892;2.0563507
a;12413811341672;-8.963272;-3.8616333;2.0547638
a;12413831483274;-8.974609;-3.8282013;2.0529022
a;12413851624875;-8.961014;-3.8259888;2.1093597
a;12413871766477;-8.933731;-3.802658;2.1210327
a;12413891908078;-8.999191;-3.8384094;2.0513
a;12413912049680;-9.008881;-3.8978882;2.0208435
a;12413932191281;-8.975159;-3.9184875;1.9905701
a;12413952332883;-8.9223175;-3.9152374;1.9539032
a;12413972474485;-8.918457;-3.929947;1.9459686
a;12413992616086;-8.971619;-3.9383698;1.9070587
a;12414012757688;-8.972321;-3.9735413;1.9142914
a;12414032899289;-8.970383;-3.9686127;1.8950806
a;12414053040891;-9.004074;-3.9500885;1.9033966
a;12414073182492;-8.996338;-3.9582977;1.8589172
a;12414093324094;-8.947632;-3.9503937;1.8855591
a;12414113465696;-8.974701;-3.9282074;1.9108276
a;12414133607297;-8.9496155;-3.928711;1.9017029
a;12414153748899;-8.941071;-3.8875427;1.9014893
a;12414173890500;-8.945068;-3.8762512;1.9148712
a;12414194032102;-9.0056305;-3.893921;1.9708405
a;12414214173703;-9.029007;-3.865509;1.9807587
a;12414234315305;-9.013184;-3.8253174;2.0091705
a;12414254456906;-8.9640045;-3.8676605;2.0375519
a;12414274598508;-8.956284;-3.8797302;2.0255585
a;12414294740110;-8.990326;-3.9216003;1.9832764
a;12414314881711;-9.009872;-3.9696808;1.9867401
a;12414335023313;-8.99794;-3.9746704;1.9730682
a;12414355164914;-8.945602;-3.9771423;2.0035095
a;12414375306516;-8.930206;-3.9724884;1.904602
a;12414395448117;-8.938187;-3.9830475;1.9104767
a;12414415589719;-8.9531555;-3.9781036;1.9757843
a;12414435731321;-8.969803;-3.981964;1.9770508
a;12414455872922;-8.973816;-4.001068;1.9611969
a;12414476014524;-8.961014;-4.0191803;1.8874512
a;12414496156125;-8.996368;-4.020767;1.926178
a;12414516297727;-8.98761;-3.9932709;1.9117737
a;12414536439328;-8.950577;-3.9991608;1.9051971
a;12414556580930;-8.957596;-3.9739685;1.9153595
a;12414576722531;-8.982971;-3.9631805;1.9371796
a;12414596864133;-8.985001;-3.9423828;1.973526
a;12414617005735;-8.937286;-3.9237976;1.9636993
a;12414637147336;-8.939636;-3.9434814;1.8928223
a;12414657288938;-8.980347;-3.9485168;1.9147186
a;12414677430539;-8.968079;-3.9725037;1.9538727
a;12414697572141;-8.99028;-3.9822998;1.9201355
a;12414717713742;-9.015778;-3.9551392;1.9313049
a;12414737855344;-9.026794;-3.9389343;1.9434204
a;12414757996946;-8.985657;-3.9071503;1.9219971
a;12414778138547;-8.956757;-3.8957977;1.9097137
a;12414798280149;-8.918884;-3.9214325;1.9080353
a;12414818421750;-8.904877;-3.933258;1.8953094
a;12414838563352;-8.931412;-3.9293365;1.908432
a;12414858704953;-8.9626465;-3.959549;1.8721924
a;12414878846555;-8.985977;-3.9833832;1.9113159
a;12414898988156;-8.982269;-4.0194244;1.9185944
a;12414919129758;-8.969406;-3.997635;1.9576416
a;12414939271360;-8.969696;-3.9876404;1.967453
a;12414959412961;-8.949326;-3.9929962;1.9936981
a;12414979554563;-8.924881;-3.9835968;2.0248566
a;12414999696164;-8.90007;-4.0111847;1.9938507
a;12415019837766;-8.9292145;-3.99794;1.9454193
a;12415039979367;-8.952759;-3.9980164;1.94487
a;12415060120969;-8.969131;-3.9993591;1.9049988
a;12415080262571;-8.964615;-3.9909363;1.8963013
a;12415100404172;-8.959854;-4.004837;1.843399
a;12415120545774;-8.957138;-3.9857788;1.8648682
a;12415140687375;-8.969589;-3.9959106;1.8578949
a;12415160828977;-8.949402;-3.9471283;1.9343414
a;12415180970578;-8.947098;-3.9703064;1.8542633
a;12415201112180;-9.007095;-3.9699097;1.9794006
a;12415221253781;-8.989304;-3.9694214;1.9926758
a;12415241395383;-8.98703;-3.95018;1.9955139
a;12415261536985;-8.996292;-3.9683685;1.9516907
a;12415281678586;-9.006882;-3.9670563;1.9263916
a;12415301820188;-8.981857;-3.9649353;1.8889618
a;12415321961789;-8.971832;-3.9342499;1.9163666
a;12415342103391;-8.961685;-3.9766235;1.9068909
a;12415362244992;-8.986938;-3.9817505;1.9184418
a;12415382386594;-8.997147;-3.9716644;1.8630829
a;12415402528196;-9.030685;-3.9736176;1.8621521
a;12415422669797;-8.959839;-3.9486542;1.8878174
a;12415442811399;-8.958542;-4.0022736;1.8820038
a;12415462953000;-8.950027;-3.9690552;1.8930817
a;12415483094602;-8.964264;-3.970398;1.9050751
a;12415503236203;-8.99147;-3.979599;1.9451599
a;12415523377805;-8.986145;-3.9725952;1.9009247
a;12415543519406;-8.965775;-3.9689941;1.9205933
a;12415563661008;-8.925217;-3.9822388;1.9073792
a;12415583802610;-8.945679;-3.9723206;1.9065094
a;12415603944211;-8.997391;-3.973938;1.9297028
a;12415624085813;-8.963242;-3.9940338;1.9172668
a;12415644227414;-8.925415;-3.9766846;1.8858032
a;12415664369016;-8.912506;-3.972641;1.8837738
a;12415684510617;-8.93248;-4.009262;1.8885498
a;12415704652219;-8.950897;-3.953659;1.8812256
a;12415724793821;-9.002823;-3.9856415;1.8725891
a;12415744935422;-8.997696;-3.9863586;1.9066772
a;12415765077024;-8.99646;-4.0010834;1.912674
a;12415785218625;-8.989151;-3.995102;1.8903198
a;12415805360227;-8.982193;-3.9490967;1.890686
a;12415825501828;-8.969681;-3.914734;1.89888
a;12415835572629;-8.964401;-3.9589233;1.8969116
a;12415855714231;-8.951447;-3.953949;1.9064484
a;12415875855832;-8.918655;-3.9664154;1.9452972
a;12415895997434;-8.951141;-3.9613037;1.9239197
a;12415911103635;-8.954437;-3.9630432;1.9242554
a;12415931245237;-8.978806;-3.987259;1.9066467
a;12415951386838;-9.008469;-3.9938354;1.9088745
a;12415971528440;-8.940002;-3.9687195;1.9710846
a;12415991670041;-8.957581;-4.014389;1.9528809
a;12416011811643;-8.975571;-4.002426;1.9863129
a;12416031953244;-8.896866;-3.9669037;1.9512787
a;12416052094846;-8.933487;-3.9801788;1.8898621
a;12416072236447;-8.91655;-3.9948578;1.9166107
a;12416092378049;-8.93779;-4.0573883;1.8698578
a;12416112519651;-8.972961;-4.0611267;1.8531036
a;12416132661252;-9.0242;-4.016876;1.8888855
a;12416152802854;-9.04953;-4.0019836;1.9272003
a;12416172944455;-9.026001;-3.9664917;1.9244537
a;12416193086057;-8.950211;-3.9739685;1.9438934
a;12416213227658;-8.90538;-3.9371643;1.9368591
a;12416233369260;-8.901627;-3.9452362;1.9110565
a;12416253510862;-8.968109;-3.931839;1.9094849
a;12416273652463;-9.018707;-3.937973;1.9544525
a;12416293794065;-8.977905;-3.959015;1.9373627
a;12416313935666;-8.976166;-3.9700012;1.9177704
a;12416334077268;-8.993103;-3.947342;1.95047
a;12416354218869;-8.992264;-3.9288177;1.8967285
a;12416374360471;-8.973785;-3.913269;1.8937378
a;12416394502072;-8.950958;-3.9535522;1.9221649
a;12416414643674;-8.9210205;-3.9354553;1.959732
a;12416434785276;-8.947525;-3.953308;1.908844
a;12416454926877;-8.96283;-3.9627533;1.9198914
a;12416475068479;-8.970108;-3.985962;1.9246063
a;12416495210080;-8.973068;-4.0227356;1.9761505
a;12416515351682;-8.93898;-4.0196686;1.9710846
a;12416535493283;-8.930222;-4.028122;1.970459
a;12416555634885;-8.973984;-4.0368805;1.9775085
a;12416575776487;-8.953629;-4.0398254;1.9917603
a;12416595918088;-8.961792;-4.03656;2.0063019
a;12416616059690;-8.985748;-4.0302277;2.0053406
a;12416636201291;-8.9279785;-3.9988403;1.9747772
a;12416656342893;-8.903656;-3.9693756;1.9266052
a;12416676484494;-8.946457;-3.96344;1.9060211
a;12416696626096;-8.9557495;-3.980774;1.9338531
a;12416716767697;-8.935242;-3.9614258;1.9229889
a;12416736909299;-8.99498;-3.939972;1.9014435
a;12416757050901;-8.96225;-3.9352264;1.915329
a;12416777192502;-8.969498;-3.9447174;1.9324036
a;12416797334104;-8.947327;-3.9097137;1.9588928
a;12416817475705;-8.956131;-3.8869934;1.9472809
a;12416837617307;-8.997971;-3.9314423;1.9790039
a;12416857758908;-9.014603;-3.9358215;2.0126953
a;12416877900510;-8.981277;-3.9498901;2.0163116
a;12416898042112;-8.952469;-3.9527588;1.9676666
a;12416918183713;-8.952454;-3.9853973;1.980072
a;12416938325315;-8.907608;-3.9590302;1.9587097
a;12416958466916;-8.930969;-3.9559174;1.9933319
a;12416978608518;-8.93222;-3.9991913;1.970047
a;12416998750119;-8.91861;-4.037796;2.0172424
a;12417018891721;-8.963684;-4.010681;1.9910126
a;12417039033322;-8.967514;-4.024109;2.0113678
a;12417059174924;-8.9288025;-4.016464;2.0144196
a;12417079316526;-8.947678;-4.042877;1.9544525
a;12417099458127;-8.969528;-4.0201874;2.042221
a;12417119599729;-8.927078;-3.9928894;2.024826
a;12417139741330;-8.949875;-3.986145;2.0184174
a;12417159882932;-8.946014;-3.9996338;1.9920197
a;12417180024533;-8.933395;-3.9991302;2.0244446
a;12417200166135;-8.959;-3.983902;2.0148468
a;12417220307737;-8.971451;-3.9463196;1.9932404
a;12417240449338;-8.934921;-3.9261475;1.9996643
a;12417260590940;-8.915802;-3.942154;1.9750519
a;12417280732541;-8.942566;-3.950531;1.9524231
a;12417300874143;-8.9275055;-3.9312592;1.9809875
a;12417321015744;-8.939774;-3.939804;1.990921
a;12417341157346;-8.9487;-3.9597626;1.9796295
a;12417361298947;-8.941818;-3.96109;1.9402466
a;12417381440549;-8.952393;-3.94664;1.9516754
a;12417401582151;-8.96965;-3.9402008;1.9719543
a;12417421723752;-8.974533;-3.936203;1.9998016
a;12417441865354;-8.976212;-3.962143;1.9900818
a;12417462006955;-8.958633;-3.9828033;1.9731293
a;12417482148557;-8.915802;-3.9584198;2.036087
a;12417502290158;-8.942841;-3.9357147;1.9844055
a;12417522431760;-8.949219;-3.948288;1.9801483
a;12417542573362;-8.931702;-3.9536743;1.9656677
a;12417562714963;-8.923553;-3.967987;1.9633942
a;12417582856565;-8.925308;-3.9773102;1.952179
a;12417602998166;-8.974487;-3.9679565;1.9256134
a;12417623139768;-8.983261;-3.987793;1.9576263
a;12417643281369;-8.912521;-3.9700775;2.027649
a;12417663422971;-8.901718;-3.9496918;1.9912567
a;12417683564572;-8.9410095;-3.9393768;1.9747162
a;12417703706174;-8.934235;-3.9530334;1.9961395
a;12417723847776;-8.968338;-3.928009;2.000885
a;12417743989377;-8.960358;-3.9400635;1.9557037
a;12417764130979;-8.926117;-3.976532;1.9592133
a;12417784272580;-8.931198;-3.970398;1.97052
a;12417804414182;-8.948471;-3.9440613;1.9539337
a;12417824555783;-8.984268;-3.9466705;1.9549713
a;12417844697385;-8.957001;-3.9682617;1.9729004
a;12417864838987;-8.980652;-4.0028534;1.9999695
a;12417884980588;-8.967255;-3.9708862;2.000885
a;12417905122190;-8.9179535;-3.9631958;1.9857025
a;12417925263791;-8.946548;-3.978424;1.9602814
a;12417945405393;-8.958176;-3.9500885;2.0293427
a;12417965546994;-8.965591;-3.9283447;2.0177765
a;12417985688596;-8.9592285;-3.9287415;1.9966736
a;12418005830197;-8.958115;-3.9293365;2.024002
a;12418025971799;-8.990341;-3.993103;1.9741821
a;12418046113401;-8.983276;-3.956894;1.967041
a;12418066255002;-8.953644;-3.9454498;1.9877167
a;12418086396604;-8.946167;-3.969574;2.0092773
a;12418106538205;-8.9179535;-4.0051727;1.9461365
a;12418126679807;-8.952377;-4.007614;1.9732208
a;12418146821408;-8.958603;-4.022064;1.9667206
a;12418166963010;-8.979736;-4.0341644;1.9401245
a;12418187104612;-8.9878845;-4.037323;1.907486
a;12418207246213;-8.92424;-4.006302;1.8981323
a;12418227387815;-8.910904;-4.0173492;1.9205322
a;12418247529416;-8.946884;-4.0062103;1.9358215
a;12418267671018;-8.933334;-3.9859772;1.9976044
a;12418287812619;-8.985031;-4.028763;2.0184326
a;12418307954221;-9.061722;-4.0434723;2.0392456
a;12418328095822;-9.133682;-3.9325867;2.046051
a;12418348237424;-9.068817;-3.8506775;2.0425873
a;12418368379026;-8.995682;-3.806015;2.051712
a;12418388520627;-8.990143;-3.768219;2.0453033
a;12418408662229;-9.053299;-3.760086;1.98526
a;12418428803830;-9.021164;-3.742813;1.9557037
a;12418448945432;-8.955048;-3.7741547;1.9071503
a;12418469087033;-8.910385;-3.7618256;1.9200745
a;12418489228635;-8.8784485;-3.7594604;1.8624878
a;12418509370237;-8.942078;-3.8319092;1.840271
a;12418529511838;-8.983658;-3.830368;1.8282776
a;12418549653440;-8.974655;-3.8583374;1.8871155
a;12418569795041;-8.988434;-3.8847198;1.8995667
a;12418589936643;-9.016281;-3.8957825;1.8440552
a;12418610078244;-8.967453;-3.9256744;1.8755035
a;12418630219846;-8.981628;-3.9617004;1.8535461
a;12418650361447;-9.042679;-3.9974213;1.9003754
a;12418670503049;-9.143372;-3.9406128;1.9738617
a;12418690644651;-9.15712;-3.8998413;2.1038208
a;12418710786252;-9.1510315;-3.8016663;2.1894073
a;12418730927854;-9.208649;-3.738556;2.2779846
a;12418751069455;-9.14888;-3.6235352;2.4923706
a;12418771211057;-9.1536255;-3.620102;2.626236
a;12418791352658;-9.092026;-3.5290833;2.949997
a;12418811494260;-9.03923;-3.3934326;3.5128784
a;12418831635862;-9.110825;-3.2832947;3.9545593
a;12418851777463;-9.386246;-3.5814667;4.170334
a;12418871919065;-9.361496;-4.2216034;4.964859
a;12418892060666;-8.755051;-4.462631;5.790207
a;12418912202268;-8.662689;-4.4570465;6.051697
a;12418932343869;-9.265152;-4.8602295;6.66774
a;12418952485471;-9.616394;-5.3453674;7.5972443
a;12418972627072;-9.620453;-5.6909637;7.707733
a;12418987733274;-9.661682;-6.031128;7.647827
a;12419007874875;-9.965347;-6.6309357;7.9785614
a;12419028016477;-10.321091;-6.9269867;8.238586
a;12419048158078;-10.268845;-7.2321777;7.981308
a;12419068299680;-10.043701;-7.768799;7.7023163
a;12419088441281;-10.005127;-8.268875;7.141327
a;12419108582883;-9.88884;-8.914932;7.1706085
a;12419128724485;-9.470535;-9.201401;6.8911743
a;12419148866086;-9.381805;-9.557205;6.480377
a;12419169007688;-9.1618805;-9.568787;6.4800873
a;12419189149289;-8.513977;-9.487427;6.1633606
a;12419209290891;-7.7879333;-9.444809;5.387268
a;12419229432492;-7.1618347;-9.379913;5.5278625
a;12419249574094;-6.47583;-9.138763;5.782852
a;12419269715696;-5.5523987;-8.972458;5.7178345
a;12419289857297;-4.5752716;-8.915161;4.969284
a;12419309998899;-3.8079987;-8.945358;4.304764
a;12419330140500;-2.988083;-9.070282;4.095703
a;12419350282102;-1.6949921;-9.250626;3.6089783
a;12419370423703;-0.27368164;-9.560974;3.1857605
a;12419390565305;0.27078247;-9.680069;2.8198853
a;12419410706906;0.25247192;-9.387772;2.3272095
a;12419430848508;0.51112366;-8.697662;2.4741974
a;12419450990110;1.2328491;-7.879608;2.4846191
a;12419471131711;1.6638947;-7.533539;2.5309296
a;12419491273313;1.4958496;-7.134796;2.4110107
a;12419511414914;1.8362732;-6.563858;1.949173
a;12419531556516;2.519287;-5.8161316;1.9476929
a;12419551698117;3.1122894;-5.101959;2.3820648
a;12419571839719;3.5337982;-4.216675;2.84906
a;12419591981321;3.6439514;-3.6801453;3.2521057
a;12419612122922;3.694107;-3.7846527;3.1663666
a;12419632264524;3.2546234;-4.26297;3.9126892
a;12419652406125;3.5585327;-4.4087067;3.7932587
a;12419672547727;4.409973;-4.155777;3.5440674
a;12419692689328;5.497635;-4.1798706;4.174408
a;12419712830930;4.25766;-4.2672424;4.795471
a;12419732972531;5.0055847;-4.2390137;4.7817535
a;12419753114133;5.558136;-4.1345367;4.935852
a;12419773255735;5.440338;-4.397339;5.5062714
a;12419793397336;4.9723816;-4.0449677;5.8260956
a;12419813538938;5.01149;-3.9285126;5.746826
a;12419833680539;5.200714;-4.9186707;5.1815033
a;12419853822141;5.32222;-6.0281677;4.528595
a;12419873963742;5.45253;-5.6380463;5.2293396
a;12419894105344;5.184082;-4.667557;6.736801
a;12419914246946;5.030777;-4.433319;6.885956
a;12419934388547;4.9201355;-5.3637085;6.1813507
a;12419954530149;5.1939087;-6.860626;4.846924
a;12419974671750;5.6253204;-7.543503;4.212616
a;12419994813352;5.6805115;-7.474823;4.301056
a;12420014954953;5.6525116;-7.4293213;3.947525
a;12420035096555;5.876175;-7.4278564;4.197586
a;12420055238156;5.8845367;-7.2609406;4.8266296
a;12420075379758;5.8626556;-6.015106;6.0227356
a;12420095521360;5.667816;-5.7715454;5.769943
a;12420115662961;5.9104004;-6.910904;4.911957
a;12420135804563;5.8709717;-7.9880066;4.4355316
a;12420155946164;5.5730743;-7.3899384;4.6141357
a;12420176087766;5.8901367;-6.4828186;5.019104
a;12420196229367;5.8666534;-6.4929657;4.915344
a;12420216370969;5.4539948;-6.7945404;4.012863
a;12420236512571;5.549286;-6.904358;3.292282
a;12420256654172;6.342743;-6.734955;3.5272675
a;12420276795774;6.0723877;-6.7639923;4.099243
a;12420296937375;6.1588135;-6.3734894;4.062851
a;12420317078977;7.0934906;-5.975128;4.503586
a;12420337220578;6.812317;-6.5815277;5.1002045
a;12420357362180;6.374542;-7.699127;4.6889343
a;12420377503781;6.345581;-7.3982544;4.4733124
a;12420397645383;6.225357;-6.3558655;4.792221
a;12420417786985;6.7104797;-6.061783;4.4404755
a;12420437928586;6.8415375;-7.142273;4.3784943
a;12420458070188;6.2830048;-7.8903656;4.3332367
a;12420478211789;6.259262;-7.075989;4.55484
a;12420498353391;6.285324;-6.889969;4.327881
a;12420518494992;6.552353;-7.6401215;3.8553162
a;12420538636594;6.9858856;-7.3017426;4.31604
a;12420558778196;6.456314;-7.274521;4.485367
a;12420578919797;6.490494;-7.117508;4.482315
a;12420599061399;6.717148;-6.6490173;3.9406586
a;12420619203000;6.9854584;-6.907898;3.9333496
a;12420639344602;6.665741;-7.294571;4.290695
a;12420659486203;6.6862183;-6.868271;4.8279724
a;12420679627805;6.720337;-6.3871613;4.688858
a;12420699769406;6.4140472;-6.093979;4.481552
a;12420719911008;6.4858704;-6.3020477;4.7721863
a;12420740052610;6.4621124;-6.4950714;5.2682037
a;12420760194211;6.1077423;-6.173111;5.0476837
a;12420780335813;6.150223;-5.428131;5.22377
a;12420800477414;5.868469;-5.408966;4.2591095
a;12420820619016;5.8269043;-5.2384644;3.7326202
a;12420840760617;5.621582;-4.6123047;5.3236084
a;12420860902219;4.6846313;-4.113083;5.1515045
a;12420881043821;4.322891;-4.318817;3.8770142
a;12420901185422;6.378067;-4.9687347;3.436081
a;12420921327024;7.2373047;-5.097763;2.8702698
a;12420941468625;6.1889496;-4.243622;5.096756
a;12420961610227;5.531891;-5.8747406;4.9678955
a;12420981751828;4.446289;-5.6563416;3.78273
a;12421001893430;4.9079895;-3.252472;4.3806458
a;12421022035031;4.4925385;-3.1122131;4.4741974
a;12421042176633;4.479416;-3.5517883;3.5368042
a;12421062318235;4.6845093;-3.1580048;4.556473
a;12421082459836;5.288025;-4.000366;5.2901764
a;12421102601438;5.1233826;-5.31398;4.3487244
a;12421122743039;4.438736;-5.9019012;3.4885864
a;12421142884641;3.9399567;-5.8856354;3.2371826
a;12421163026242;4.6352234;-6.81575;2.4991913
a;12421183167844;5.79187;-7.384308;3.8025818
a;12421203309446;5.8513947;-8.744766;5.0829773
a;12421223451047;6.358368;-10.351715;6.794449
a;12421243592649;8.3181;-12.69043;9.123428
a;12421263734250;9.645981;-15.78241;7.381851
a;12421283875852;10.346863;-15.82106;5.5799103
a;12421304017453;10.307465;-14.445084;5.562454
a;12421324159055;9.830139;-14.059982;3.5162659
a;12421344300656;10.583862;-13.53894;1.8181458
a;12421364442258;11.098846;-12.09404;3.407669
a;12421384583860;11.172165;-11.889923;4.674347
a;12421404725461;11.482101;-12.712753;3.7100983
a;12421424867063;11.270966;-12.245834;1.0735474
a;12421445008664;11.409302;-11.639069;-0.2917328
a;12421465150266;11.33844;-10.20462;0.17977905
a;12421485291867;10.719818;-9.225784;0.44950867
a;12421505433469;10.510162;-8.739914;0.68652344
a;12421525575071;9.456558;-6.3162994;1.6451721
a;12421545716672;8.6154785;-4.38533;1.9768677
a;12421565858274;7.2788696;-4.597458;1.0324097
a;12421585999875;6.4204865;-4.885376;0.48493958
a;12421606141477;5.6762085;-3.956665;0.29473877
a;12421626283078;4.238037;-3.5401764;0.67097473
a;12421646424680;2.4366455;-2.7893677;0.72543335
a;12421666566281;1.6960297;-1.8345947;1.0850677
a;12421686707883;1.819397;-0.85754395;1.4528809
a;12421706849485;2.2582245;-0.30218506;1.5367279
a;12421726991086;2.8454895;0.44299316;1.714859
a;12421747132688;3.4609222;0.82598877;1.7864532
a;12421767274289;4.1082;0.31333923;1.6873474
a;12421787415891;4.8112946;0.03804016;2.2789612
a;12421807557492;5.0501556;-0.973114;3.0324402
a;12421827699094;5.2322083;-1.8885651;5.630661
a;12421847840696;5.2914124;-2.7373352;6.5345154
a;12421867982297;6.1427307;-3.9704742;4.9433594
a;12421888123899;6.3981476;-3.5384827;3.157135
a;12421908265500;5.599243;-2.460617;2.6082458
a;12421928407102;4.9068604;-2.6054993;2.581253
a;12421948548703;6.04335;-4.0059814;1.9906616
a;12421968690305;6.268097;-5.119446;2.384552
a;12421988831906;4.7436676;-4.6724243;3.222168
a;12422008973508;3.4401245;-2.9716797;3.1325989
a;12422029115110;3.8015594;-3.00354;1.5986786
a;12422049256711;5.8061676;-4.690567;1.2169037
a;12422069398313;5.793579;-6.2401733;0.82455444
a;12422089539914;5.4758606;-6.914093;0.9993286
a;12422109681516;6.3912506;-6.5127716;0.32957458
a;12422129823117;8.621536;-6.5474854;1.3496704
a;12422149964719;9.921921;-7.196533;1.8148499
a;12422170106321;9.338409;-7.37912;2.448227
a;12422190247922;8.691132;-6.986908;3.4560394
a;12422210389524;10.791977;-7.3256073;4.296646
a;12422230531125;11.97522;-8.09256;4.0381775
a;12422250672727;11.673248;-10.0000305;4.0390625
a;12422270814328;10.187897;-10.6306;4.0370483
a;12422290955930;11.015686;-11.167679;4.6571045
a;12422311097531;12.177612;-11.876648;4.949463
a;12422331239133;11.442047;-12.035233;4.830017
a;12422351380735;10.502457;-11.985764;4.333832
a;12422371522336;11.574768;-11.332504;3.509903
a;12422391663938;12.946136;-10.858398;3.513321
a;12422411805539;12.243713;-9.740112;3.973877
a;12422431947141;11.735779;-8.718353;5.001999
a;12422452088742;12.858902;-9.533951;5.268158
a;12422472230344;13.09079;-9.6731415;3.9460907
a;12422492371946;12.715988;-9.261078;2.4381409
a;12422512513547;12.6163025;-9.023117;1.613205
a;12422532655149;11.9461975;-8.543289;0.99938965
a;12422552796750;11.181213;-8.380432;-0.20161438
a;12422572938352;10.5555725;-7.390625;0.14160156
a;12422593079953;9.39151;-6.1614227;0.9036865
a;12422613225387;8.287338;-5.422165;1.4517975
a;12422633366988;6.8872375;-4.2204742;1.6132965
a;12422653508590;5.487793;-3.3231506;1.6619568
a;12422673650192;4.450821;-3.6286926;1.9057617
a;12422693791793;3.6777344;-3.979538;2.0116577
a;12422713933395;2.7819061;-3.548767;1.9626617
a;12422734074996;2.9545898;-1.9568481;1.9019165
a;12422754216598;3.5825653;-1.2757874;1.9904633
a;12422774358199;4.087555;-2.078537;2.2641907
a;12422794499801;3.2999115;-1.6848297;2.957962
a;12422814641403;3.063675;-0.4315338;3.2682648
a;12422834783004;3.6965942;-0.42207336;2.6327972
a;12422854924606;4.3085938;-0.91355896;2.138565
a;12422875066207;4.742569;-1.2374573;1.5262146
a;12422895207809;5.2738495;-2.3349304;2.0548859
a;12422915349410;5.0455627;-3.2451935;4.2272034
a;12422935491012;4.179886;-3.1747284;5.5513153
a;12422955632613;4.875641;-3.7332306;4.520294
a;12422975774215;6.8572083;-3.3547974;2.3304443
a;12422995915817;7.284149;-2.1888275;2.3277435
a;12423016057418;5.503418;-2.430313;2.2014618
a;12423036199020;4.666504;-2.84021;1.926117
a;12423056340621;5.8918;-3.335495;1.8570251
a;12423076482223;6.9700623;-4.848648;1.9225769
a;12423096623824;5.8324127;-5.5271454;3.3294525
a;12423116765426;4.771942;-5.205078;4.217346
a;12423136907028;5.985901;-5.3897705;2.8269806
a;12423157048629;6.8447266;-5.7147827;2.2356262
a;12423177190231;6.8290863;-6.5514374;1.2941895
a;12423197331832;6.5124817;-6.675003;2.0026855
a;12423217473434;8.024445;-6.946045;2.127304
a;12423237615035;9.414764;-6.7815704;2.7150726
a;12423257756637;8.635712;-6.243408;2.4806976
a;12423277898238;7.541504;-5.5990753;2.7030182
a;12423298039840;8.55368;-7.270859;3.6798248
a;12423318181442;9.319138;-8.968643;3.1033325
a;12423338323043;9.369278;-9.838043;2.6035156
a;12423358464645;8.916824;-8.2773285;3.1686401
a;12423378606246;9.371918;-8.370468;3.5431976
a;12423398747848;10.418503;-9.915283;3.1747284
a;12423418889449;10.126205;-9.183273;3.1970673
a;12423439031051;10.443497;-8.7668;4.5064697
a;12423459172653;11.057373;-10.065109;5.115341
a;12423479314254;10.996689;-12.162903;5.1284027
a;12423499455856;11.611694;-11.840591;4.86026
a;12423519597457;12.17836;-11.743225;3.8720703
a;12423539739059;11.775009;-10.125656;3.5267944
a;12423559880660;11.502304;-8.89386;4.1875916
a;12423580022262;11.502563;-9.401352;4.198593
a;12423600163863;11.422913;-10.675598;4.054825
a;12423620305465;12.31871;-11.532166;3.39859
a;12423640447067;12.290726;-9.716827;2.3128052
a;12423660588668;12.912308;-8.460709;1.3325958
a;12423680730270;12.8598175;-8.309631;0.5544281
a;12423700871871;11.867142;-8.674316;-0.3697052
a;12423721013473;11.099228;-8.468124;-1.1738434
a;12423741155074;10.19873;-7.353958;-1.1457977
a;12423761296676;8.546753;-5.9357452;-0.16799927
a;12423781438278;6.4541473;-4.573456;0.49720764
a;12423801579879;4.4003754;-4.4271545;0.5750427
a;12423821721481;2.6571808;-4.7556305;-0.008056641
a;12423841863082;2.0352783;-4.1609344;0.14918518
a;12423862004684;1.5709686;-2.6942139;0.80548096
a;12423882146285;1.5646667;-1.3513947;0.8444977
a;12423902287887;1.3876343;-0.38868713;1.2220612
a;12423922429488;2.0325928;0.7613983;1.7990265
a;12423942571090;3.1267853;1.3948517;1.6842194
a;12423962712692;3.8535461;0.53312683;1.5906677
a;12423982854293;4.5548553;-0.3466797;1.349289
a;12424002995895;5.17894;-1.2322388;1.8472748
a;12424023137496;5.415024;-2.084488;5.0078583
a;12424043279098;4.0366364;-2.5636444;6.44693
a;12424063420699;5.710449;-4.3804626;4.848877
a;12424083562301;7.8081055;-5.4549713;2.9182281
a;12424103703903;6.9572296;-3.63031;3.7736053
a;12424123845504;5.0576324;-2.4182587;3.187271
a;12424143987106;5.476013;-4.209503;1.9108582
a;12424164128707;7.0294647;-5.7620087;0.92762756
a;12424184270309;6.3925934;-4.970703;1.0949249
a;12424204411910;5.0581665;-4.453598;2.6658325
a;12424224553512;6.4272003;-3.56044;3.4602356
a;12424244695113;7.749176;-4.5986176;2.8641968
a;12424264836715;7.456848;-5.1955566;2.785675
a;12424284978317;6.725479;-5.8023224;2.6296387
a;12424305119918;6.7610016;-5.095459;2.5804443
a;12424325261520;8.215866;-5.5006256;2.512268
a;12424345403121;8.791077;-5.7783203;1.5659332
a;12424365544723;7.6978455;-5.840393;1.3973083
a;12424385686324;8.2122345;-6.3394165;1.7566833
a;12424405827926;9.055328;-6.003662;1.992691
a;12424425969528;9.0345;-6.5866394;1.68573
a;12424446111129;8.726227;-6.6048126;1.8826141
a;12424466252731;9.96286;-7.79187;2.7739258
a;12424486394332;10.629913;-8.480896;3.0889435
a;12424506535934;10.293289;-8.239792;3.855011
a;12424526677535;9.2221985;-7.5059204;4.7738647
a;12424546819137;8.493317;-7.467682;4.7983246
a;12424566960738;9.631866;-8.460709;5.7575226
a;12424587102340;9.942535;-9.011124;6.1702423
a;12424607243942;9.883438;-9.652069;5.936859
a;12424627385543;11.0576935;-10.441406;4.9261017
a;12424647527145;11.996353;-11.614014;3.6575623
a;12424667668746;10.924179;-10.756226;3.0089874
a;12424687810348;10.740555;-10.180237;2.7422333
a;12424707951949;11.805634;-10.307663;2.222412
a;12424728093551;12.50386;-10.371414;2.0537872
a;12424748235153;12.853134;-11.279419;2.3026123
a;12424768376754;13.150116;-10.68898;0.9062958
a;12424788518356;13.86972;-10.112732;-0.669281
a;12424808659957;14.087006;-10.194717;-1.4563446
a;12424828801559;12.482742;-10.098099;-1.7710266
a;12424848943160;11.387405;-9.634872;-2.0571136
a;12424869084762;11.003769;-8.032333;-2.0738678
a;12424889226363;10.135422;-6.137787;-1.2706299
a;12424909367965;8.462601;-3.9377136;0.056121826
a;12424929509567;6.4514008;-2.3037872;1.3791809
a;12424949651168;4.805008;-1.6861115;1.2759857
a;12424969792770;3.6893463;-2.2843475;0.6756134
a;12424989934371;2.9069366;-2.3941193;1.1937866
a;12425010075973;1.4495392;-1.5296631;1.8251343
a;12425030217574;1.0815735;0.077804565;2.2255096
a;12425050359176;1.9610138;0.90405273;1.8047638
a;12425070500778;2.875595;0.4414978;1.1477661
a;12425090642379;3.0309448;-0.38961792;1.5085449
a;12425110783981;3.1512604;0.30259705;2.1222534
a;12425130925582;4.248947;1.2762909;3.0105896
a;12425151067184;5.3142548;-0.12983704;3.0935974
a;12425171208785;5.2024536;-3.0488434;4.7161865
a;12425191350387;4.9326935;-3.2782593;6.9673004
a;12425211491988;5.375885;-3.4506073;5.800644
a;12425231633590;7.0240784;-2.8856506;3.377365
a;12425251775192;7.2921143;-3.6446075;3.471756
a;12425271916793;6.658371;-5.443222;3.2398376
a;12425292058395;6.554764;-6.3005676;2.2367706
a;12425312199996;6.5068817;-5.2522736;1.0670471
a;12425332341598;6.841461;-3.8455505;1.3940277
a;12425352483199;6.710541;-2.7358093;2.5048065
a;12425372624801;5.9392242;-3.3588104;2.7115784
a;12425392766403;6.110977;-4.594116;2.7707825
a;12425412908004;7.7191467;-5.243744;2.825943
a;12425433049606;7.748291;-5.5234222;2.7693024
a;12425453191207;7.31485;-5.654236;2.0444336
a;12425473332809;7.875229;-4.94133;1.5719604
a;12425493474410;8.638657;-4.0260925;1.7978516
a;12425513616012;9.473984;-4.6690826;2.327301
a;12425533757613;9.444626;-5.903076;2.2059479
a;12425553899215;8.80838;-6.5338287;1.4757538
a;12425574040817;9.590652;-6.5041046;1.6209564
a;12425594182418;10.387085;-5.915848;1.6196289
a;12425614324020;10.458115;-6.004318;1.9003601
a;12425634465621;10.369415;-5.841385;2.5012817
a;12425654607223;9.738159;-4.9862213;3.164795
a;12425674748824;9.659393;-4.7547913;4.3367157
a;12425694890426;9.614227;-4.6335144;4.4399567
a;12425715032028;9.151077;-4.5805664;3.8091888
a;12425735173629;8.9505005;-4.7514343;3.822113
a;12425755315231;9.2282715;-5.4654846;4.102997
a;12425775456832;9.783569;-7.1057434;4.43602
a;12425795598434;10.280258;-7.542801;5.148758
a;12425815740035;11.283295;-7.308777;5.4905396
a;12425835881637;12.28331;-8.362717;4.939621
a;12425856023238;12.850906;-8.927246;4.23674
a;12425876164840;12.764343;-10.442551;4.3066864
a;12425896306442;12.269791;-9.105087;4.819763
a;12425916448043;12.7235565;-7.6720276;5.2760468
a;12425936589645;13.146973;-7.330002;4.983658
a;12425956731246;13.387527;-8.592072;4.694275
a;12425976872848;14.323288;-9.839081;4.1959534
a;12425997014449;14.16954;-7.337784;3.5170135
a;12426017156051;14.640717;-5.5697937;2.8026886
a;12426037297653;14.208801;-4.722122;2.396759
a;12426057439254;12.333282;-5.1125793;1.5992126
a;12426077580856;11.110657;-5.789749;0.3038025
a;12426097722457;9.866089;-4.7229004;0.47120667
a;12426117864059;8.436951;-2.9311523;1.9465942
a;12426138005660;6.579117;-2.5706024;2.6996002
a;12426158147262;4.1160583;-2.3242798;1.9891815
a;12426178288863;2.884201;-1.8674316;0.5891266
a;12426198430465;2.2348938;-1.7277069;0.09509277
a;12426218572067;1.4455566;-1.4055634;0.62438965
a;12426238713668;0.7130127;-1.1213531;1.743393
a;12426258855270;0.036987305;-0.04220581;2.0277252
a;12426278996871;0.8577118;1.052124;1.7818146
a;12426299138473;2.322281;1.0468445;1.0164948
a;12426319280074;3.5292053;-0.0037231445;1.8866272
a;12426339421676;3.5103455;-1.5702057;5.7574615
a;12426359563278;3.8574524;-2.883438;6.0153046
a;12426379704879;5.854721;-3.267868;3.7406006
a;12426399846481;8.08223;-3.471344;3.607254
a;12426419988082;8.493683;-4.3480225;5.0570526
a;12426440129684;6.935974;-4.706833;5.4746094
a;12426460271285;6.6141815;-3.2444458;5.0545654
a;12426480412887;7.755905;-3.2658844;2.3003845
a;12426500554488;7.0933533;-3.9179077;0.7349396
a;12426520696090;5.747925;-4.4847565;0.54585266
a;12426540837692;5.8983;-4.387741;1.5078888
a;12426560979293;6.453003;-5.020752;2.522644
a;12426581120895;6.5251923;-5.6168213;2.9786224
a;12426601262496;5.7838593;-5.5775146;3.2206726
a;12426621404098;7.06192;-5.1158905;3.0987854
a;12426641545699;8.916916;-5.9566803;3.0724945
a;12426661687301;8.854111;-7.191437;2.693222
a;12426681828903;7.016159;-6.9207153;2.2194672
a;12426701970504;8.448196;-6.1008453;1.8899689
a;12426722112106;10.814072;-5.543091;2.6509094
a;12426742253707;10.691681;-7.100052;2.4972076
a;12426762395309;8.89212;-8.634277;2.5966187
a;12426782536910;7.7890625;-7.9293976;3.342331
a;12426802678512;8.209991;-7.009186;3.9780273
a;12426822820113;9.183212;-6.7409515;4.1784973
a;12426842961715;8.984909;-7.017395;3.6716156
a;12426863103317;8.459656;-7.4049377;3.973816
a;12426883244918;8.461807;-7.5955505;3.9348297
a;12426903386520;9.3068695;-7.9205475;4.675995
a;12426923528121;9.541962;-8.243561;5.306427
a;12426943669723;10.1510315;-8.967682;6.4736176
a;12426963811324;10.679886;-9.378174;7.5227966
a;12426983952926;11.503067;-10.527496;7.383209
a;12427004094528;12.1154175;-9.918152;6.5611115
a;12427024236129;11.269348;-8.958359;6.039856
a;12427044377731;11.469589;-8.977921;5.5590057
a;12427064519332;12.23613;-9.105804;5.568512
a;12427084660934;12.79422;-10.807831;6.100006
a;12427104802535;13.161118;-9.3173065;4.754242
a;12427124944137;12.782181;-7.519745;3.4668121
a;12427145085738;13.769119;-6.9135437;2.2177734
a;12427165227340;14.038849;-6.026657;1.6268005
a;12427185368942;12.213058;-5.316696;1.7333221
a;12427205510543;10.442673;-5.5701904;2.1333618
a;12427225652145;8.44928;-5.1718445;2.2215729
a;12427245793746;6.927704;-4.2421875;2.3510132
a;12427265935348;5.1419525;-3.345581;2.1304474
a;12427286076949;3.4477844;-3.0878448;0.97798157
a;12427306218551;2.4232025;-2.5969696;0.11352539
a;12427326360153;2.0316925;-2.398346;-0.17088318
a;12427346501754;1.3728027;-2.700882;0.9719696
a;12427366643356;0.3378601;-2.1183624;1.569519
a;12427386784957;0.79933167;-0.27267456;1.910553
a;12427406926559;2.661499;1.2640533;1.9005127
a;12427427068160;4.055298;-0.11657715;1.084259
a;12427447209762;4.942215;-1.1197662;0.619751
a;12427467351363;5.8746643;-0.80807495;2.7258759
a;12427487492965;5.546341;-1.5138245;6.069153
a;12427507634567;5.9250336;-2.348236;6.232147
a;12427527776168;7.2453613;-3.427536;4.370514
a;12427547917770;7.7591095;-5.329895;2.926117
a;12427568059371;6.6353607;-5.2520905;4.400833
a;12427588200973;8.019836;-5.914673;4.523224
a;12427608342574;8.706879;-6.609436;3.456543
a;12427628484176;7.0711365;-5.533966;2.1907043
a;12427648625778;5.3694305;-4.1017;1.6741943
a;12427668767379;6.602844;-3.3820343;1.6394043
a;12427688908981;8.396408;-4.7299347;2.0703125
a;12427709050582;8.122467;-6.4563293;2.8612518
a;12427729192184;6.4551697;-6.7850494;3.5399017
a;12427749333785;7.5680847;-6.3658905;4.1773376
a;12427769475387;9.2530365;-6.6526947;3.6012268
a;12427789616988;8.917847;-7.52742;2.905365
a;12427809758590;7.3158417;-6.946411;2.5815887
a;12427829900192;7.774109;-6.5230713;2.9994354
a;12427850041793;9.652405;-6.893326;3.2566223
a;12427870183395;9.219666;-7.334488;3.2416534
a;12427890324996;7.7309875;-6.986328;3.2241974
a;12427910466598;7.091278;-6.294342;3.4628143
a;12427930608199;8.139252;-6.0776367;3.3621063
a;12427950749801;8.633438;-6.492737;2.9284363
a;12427970891403;7.6098022;-6.2634125;2.7127228
a;12427991033004;6.8475037;-5.9866486;2.7759552
a;12428011174606;7.444626;-6.1796875;3.3333435
a;12428031316207;8.227203;-6.830902;3.6349335
a;12428051457809;8.490341;-7.455002;4.070938
a;12428071599410;7.8019714;-8.210922;3.9153137
a;12428091741012;6.862915;-7.248825;2.6105652
a;12428111882613;9.408188;-6.7843018;3.4893646
a;12428132024215;10.597549;-7.711975;3.441986
a;12428152165817;9.301575;-7.6539307;4.5200195
a;12428172307418;8.819519;-6.498932;5.037918
a;12428192449020;8.559158;-5.2280273;4.700348
a;12428212590621;8.828598;-4.8519135;3.7080688
a;12428232732223;8.258636;-5.04187;3.1084595
a;12428252873824;7.3317413;-5.4923096;3.257492
a;12428273015426;6.8816833;-5.411911;4.1998444
a;12428293157028;7.120682;-4.815689;5.011795
a;12428313298629;7.441208;-4.444412;5.466858
a;12428333440231;6.636261;-4.911728;5.1766205
a;12428353581832;8.017212;-5.293976;4.4348145
a;12428373723434;8.308716;-5.19162;3.8856812
a;12428393865035;7.728714;-4.7781982;3.4618988
a;12428414006637;7.2299805;-4.98024;3.7039337
a;12428434148238;7.074127;-5.296234;4.675995
a;12428454289840;6.8359833;-5.2720337;4.3098297
a;12428474431442;7.1979675;-4.6412506;4.2457733
a;12428494573043;7.329376;-4.3476105;3.963501
a;12428514714645;7.1177216;-4.752228;3.842636
a;12428534856246;6.815796;-5.1544952;3.7625732
a;12428554997848;6.5966797;-4.9583435;4.126877
a;12428575139449;6.574127;-4.8684845;4.3335876
a;12428595281051;6.9340057;-4.840515;4.5675354
a;12428615422653;6.724884;-4.8331146;5.187088
a;12428635564254;6.846451;-4.939804;4.3833313
a;12428655705856;6.6867676;-5.189621;4.773224
a;12428675847457;6.0688324;-3.556549;5.0493774
a;12428695989059;6.4852448;-3.7112427;4.2238617
a;12428716130660;6.473526;-3.274231;3.9392853
a;12428736272262;6.462723;-3.1346893;4.0635376
a;12428756413863;5.988617;-4.136902;3.704834
a;12428776555465;5.9611053;-4.6308136;2.948822
a;12428796697067;6.851593;-3.6916962;2.776947
a;12428816838668;6.7293243;-3.4206696;3.079834
a;12428836980270;6.1817627;-4.3025513;2.9724884
a;12428857121871;6.455841;-5.2520447;2.5959015
a;12428877263473;7.308182;-5.9556885;2.5704346
a;12428897405074;7.473831;-6.735077;2.263565
a;12428917546676;7.079773;-6.974945;2.1845856
a;12428937688278;7.217499;-7.4832764;2.6126862
a;12428957829879;7.621109;-8.090515;2.7221222
a;12428977971481;7.235443;-8.551605;3.3981628
a;12428998113082;6.7631683;-9.136139;3.3147278
a;12429018254684;6.4436493;-9.526321;2.5885925
a;12429038396285;5.5485077;-10.076187;2.321228
a;12429058537887;4.9536743;-10.255737;2.8906403
a;12429078679488;4.665512;-10.413071;2.6885986
a;12429098821090;4.7511444;-10.321747;2.475113
a;12429118962692;4.626007;-10.292709;2.161789
a;12429139104293;3.9074707;-10.000687;2.356369
a;12429159245895;3.729599;-10.936829;2.4423828
a;12429179387496;4.500824;-10.451523;2.2846527
a;12429199529098;4.474777;-10.254379;2.1682281
a;12429219670699;4.1181793;-10.268478;1.9496613
a;12429239812301;4.477829;-10.765717;2.143036
a;12429259953903;4.2117615;-10.425858;2.6930237
a;12429280095504;3.6616516;-10.034454;2.995041
a;12429300237106;3.6908264;-9.737732;3.207779
a;12429320378707;4.0684814;-9.735779;2.6881409
a;12429340520309;3.898468;-9.84079;2.2829437
a;12429360661910;3.5930786;-9.622711;2.3475647
a;12429380803512;3.8386993;-9.247955;2.8134613
a;12429400945113;3.930664;-8.975204;3.0956573
a;12429421086715;3.4234161;-9.434067;2.9912415
a;12429441228317;3.0388336;-9.3749695;2.6206207
a;12429461369918;3.2204132;-9.011368;2.3263702
a;12429481511520;3.6959991;-8.935379;2.5749664
a;12429501653121;3.617279;-8.989578;2.5392609
a;12429521794723;3.425293;-8.738205;2.4261017
a;12429541936324;3.5624084;-8.525558;2.3809052
a;12429562077926;4.118759;-8.423355;2.6872559
a;12429582219528;4.1164703;-8.600845;2.9800415
a;12429602361129;3.4329224;-8.974594;2.887909
a;12429622502731;3.2682037;-9.037384;2.7049255
a;12429642644332;3.83815;-8.899078;2.509552
a;12429662785934;4.1301727;-8.869217;2.6590729
a;12429682927535;3.772232;-8.918076;2.7624664
a;12429703069137;3.4903717;-8.807953;2.9248352
a;12429723210738;3.4642334;-8.711761;2.8064117
a;12429743352340;3.2111816;-8.090271;2.5716858
a;12429763493942;2.612854;-7.0743256;2.7358398
a;12429783635543;1.6299896;-7.76532;2.1611786
a;12429803777145;1.0185852;-7.775284;1.2550812
a;12429823918746;0.9089203;-6.708008;1.1478577
a;12429844060348;0.8008728;-5.9716034;1.0318604
a;12429864201949;0.6327057;-5.094345;1.2154999
a;12429884343551;0.3952179;-5.225937;0.7978058
a;12429904485153;0.21946716;-6.5867004;-0.25733948
a;12429924626754;0.15530396;-7.3422394;-1.3575287
a;12429944768356;0.06951904;-6.96611;-1.6104584
a;12429964909957;-0.08383179;-6.745865;-1.3695068
a;12429985051559;-0.29753113;-7.007248;-0.82658386
a;12430005193160;-1.3933716;-7.9450073;-0.79244995
a;12430025334762;-2.6698914;-8.975479;-0.9842529
a;12430045476363;-3.7325287;-9.574326;-1.0754852
a;12430065617965;-4.5467377;-9.429825;-0.615921
a;12430085759567;-5.970398;-9.935623;0.97613525
a;12430105901168;-7.6293793;-10.592545;2.909027
a;12430126042770;-8.967255;-10.814621;2.2184753
a;12430146184371;-10.3354645;-11.414902;-0.5241852
a;12430166325973;-11.318726;-13.024139;-2.2173004
a;12430186467574;-12.518311;-16.105545;0.90093994
a;12430206609176;-10.69809;-13.515213;1.7675629
a;12430226750778;-10.466446;-9.632767;2.2284546
a;12430246892379;-9.937912;-8.252167;2.4984283
a;12430267033981;-11.499588;-8.635162;3.5217896
a;12430287175582;-11.507431;-8.665863;3.7069244
a;12430307317184;-10.324692;-6.800827;3.838852
a;12430327458785;-9.341003;-5.2356873;4.3231506
a;12430347600387;-9.691635;-4.6487885;4.445404
a;12430367741988;-9.737396;-4.5162506;4.1840515
a;12430387883590;-9.196854;-4.4312134;4.0365753
a;12430408025192;-8.756287;-4.4045258;3.710266
a;12430428166793;-8.532944;-4.644989;3.1557465
a;12430448308395;-8.344925;-4.94046;2.7849274
a;12430468449996;-8.216354;-5.2990417;2.479538
a;12430488591598;-8.045578;-5.1466827;2.3841553
a;12430508733199;-8.274033;-4.6764984;2.8503723
a;12430528874801;-8.9206085;-4.4480743;3.0913086
a;12430549016403;-9.420212;-4.4174347;3.0216064
a;12430569158004;-9.548477;-4.5505524;2.6378937
a;12430589299606;-9.63179;-4.795532;2.1853485
a;12430609441207;-9.635422;-4.633499;1.8622742
a;12430629582809;-9.433624;-4.2669525;1.7875061
a;12430649724410;-9.383255;-4.1056213;1.7349548
a;12430669866012;-9.236923;-4.1105347;1.7503204
a;12430690007613;-9.031723;-4.0317383;1.794693
a;12430710149215;-8.860931;-3.957672;1.8022003
a;12430730290817;-8.747681;-3.981659;1.8018188
a;12430750432418;-8.678482;-4.016266;1.728714
a;12430770574020;-8.580948;-4.0114594;1.7205658
a;12430790715621;-8.481232;-4.0008698;1.7281799
a;12430810857223;-8.455963;-3.9855194;1.7134705
a;12430830998824;-8.5295105;-4.032089;1.6809845
a;12430851140426;-8.62236;-4.0007324;1.5875702
a;12430871282028;-8.765869;-3.9826965;1.5834656
a;12430891423629;-8.869202;-3.997467;1.5673828
a;12430911565231;-8.940491;-3.9878693;1.6293488
a;12430931706832;-8.995621;-3.974945;1.6868591
a;12430951848434;-9.022995;-3.9620667;1.7015533
a;12430971990035;-8.965805;-3.9780273;1.7052307
a;12430992131637;-8.830063;-4.0014343;1.7436676
a;12431012273238;-8.766159;-4.017395;1.7353516
a;12431032414840;-8.78244;-4.0220337;1.7230988
a;12431052556442;-8.782166;-4.0393677;1.8316193
a;12431072698043;-8.7725525;-4.0464783;1.8645782
a;12431092839645;-8.848114;-4.093643;1.868042
a;12431112981246;-8.872589;-4.157654;1.8888092
a;12431133122848;-8.860138;-4.19928;1.9100342
a;12431153264449;-8.878006;-4.2384644;1.9601746
a;12431173406051;-8.869125;-4.2742004;1.9769287
a;12431193547653;-8.856918;-4.2669983;1.9959564
a;12431213689254;-8.940674;-4.2781677;2.0545502
a;12431233830856;-8.973938;-4.2350464;2.0849762
a;12431253972457;-9.0233;-4.1887054;2.1215515
a;12431274114059;-9.1158905;-4.1922455;2.122406
a;12431294255660;-9.134079;-4.149582;2.1994476
a;12431314397262;-9.070053;-4.115967;2.1708984
a;12431334538863;-9.056992;-4.2247314;2.0909119
a;12431354680465;-9.04274;-4.3537903;2.0065002
a;12431374822067;-9.081863;-4.317749;2.0378723
a;12431394963668;-9.055084;-4.143173;1.9959106
a;12431415105270;-8.963669;-4.065506;1.9134521
a;12431435246871;-8.851944;-4.1458893;1.8365936
a;12431455388473;-8.828171;-4.152649;1.783905
a;12431475530074;-8.873932;-4.1361694;1.8132324
a;12431495671676;-8.9578705;-4.0655365;1.8195496
a;12431515813278;-8.93956;-4.0457764;1.7748108
a;12431535954879;-8.894363;-4.06514;1.7816315
a;12431556096481;-8.85556;-4.049637;1.734909
a;12431576238082;-8.88858;-4.040451;1.7370758
a;12431596379684;-8.956085;-4.05896;1.7466583
a;12431616521285;-8.984985;-4.06427;1.752655
a;12431636662887;-8.983978;-4.0225677;1.7269745
a;12431656804488;-8.956253;-4.0299683;1.7376251
a;12431676946090;-8.961639;-4.047241;1.7440796
a;12431697087692;-8.959198;-4.018097;1.7520447
a;12431717229293;-8.967285;-4.0173035;1.7322083
a;12431737370895;-8.992416;-4.0135956;1.7803192
a;12431757512496;-8.9791565;-4.044174;1.7753601
a;12431777654098;-8.949951;-4.0274963;1.8278503
a;12431797795699;-8.980408;-3.9934998;1.8068542
a;12431817937301;-8.976669;-3.9686584;1.845871
a;12431838078903;-8.957962;-3.9412231;1.8722382
a;12431858220504;-8.98555;-3.9410706;1.8599396
a;12431878362106;-9.018921;-3.948944;1.8333893
a;12431898503707;-8.995819;-3.9596863;1.844284
a;12431918645309;-8.975525;-3.9816437;1.8769531
a;12431938786910;-8.972717;-3.9819794;1.853836
a;12431958928512;-8.978851;-3.9649048;1.890152
a;12431979070113;-8.985458;-3.985855;1.889679
a;12431999211715;-9.019577;-4.001709;1.8808289
a;12432019353317;-8.969147;-3.9795685;1.8370819
a;12432039494918;-8.950623;-4.028839;1.8615265
a;12432059636520;-8.992889;-4.031479;1.8404388
a;12432079778121;-8.963333;-4.0045776;1.8557739
a;12432099919723;-8.96373;-4.0296173;1.8583527
a;12432120061324;-8.978195;-4.0266113;1.8443756
a;12432140202926;-8.972031;-4.030319;1.8128052
a;12432160344528;-8.964615;-4.0317993;1.8132935
a;12432180486129;-8.94371;-4.063278;1.8049622
a;12432200627731;-8.901611;-4.0670624;1.808197
a;12432220769332;-8.903549;-4.0470276;1.8043518
a;12432240910934;-8.927948;-4.0498047;1.8090973
a;12432261052535;-8.955795;-4.031082;1.7935944
a;12432281194137;-8.984756;-4.0540466;1.7980957
a;12432301335738;-8.962341;-4.0682373;1.8124542
a;12432321477340;-8.939636;-4.048477;1.821167
a;12432341618942;-8.928207;-4.0235596;1.8066406
a;12432361760543;-8.969879;-4.0126343;1.7959595
a;12432381902145;-8.973419;-4.0000305;1.8292694
a;12432402043746;-8.967224;-3.9864655;1.8227539
a;12432422185348;-8.952164;-3.9857788;1.8244934
a;12432442326949;-8.956146;-3.990799;1.8294373
a;12432462468551;-8.973999;-3.9694366;1.8609924
a;12432482610153;-8.94664;-3.961502;1.8862762
a;12432502751754;-8.9843445;-3.945938;1.8415375
a;12432522893356;-9.007416;-3.9894257;1.8764648
a;12432543034957;-8.9956665;-3.9669037;1.8710785
a;12432563176559;-8.925156;-3.927765;1.86763
a;12432583318160;-8.943588;-3.9443054;1.8538208
a;12432603476744;-8.986221;-3.950058;1.8709869
a;12432623618345;-8.980392;-3.9356995;1.9065857
a;12432643759947;-8.99086;-3.919281;1.8978577
a;12432663901549;-9.004883;-3.953888;1.8448334
a;12432684043150;-8.957718;-4.0073853;1.8124542
a;12432704184752;-8.962097;-4.0285797;1.8340302
a;12432724326353;-8.941589;-3.9963226;1.8697815
a;12432744467955;-8.949127;-4.0107727;1.8814087
a;12432764609556;-8.950912;-4.021744;1.8570251
a;12432784751158;-8.98764;-4.069763;1.8538818
a;12432804892760;-8.963043;-4.0680695;1.8786774
a;12432825034361;-8.9279785;-4.05748;1.8604279
a;12432845175963;-8.97728;-4.0891113;1.8269196
a;12432865317564;-8.969742;-4.0820923;1.8779297
a;12432885459166;-8.917282;-4.06662;1.8823395
a;12432905600767;-8.952698;-4.056961;1.8980865
a;12432925742369;-8.933884;-4.032364;1.88237
a;12432945883970;-8.94931;-4.060089;1.8960114
a;12432966025572;-8.975525;-4.066513;1.8757019
a;12432986167174;-8.9566345;-4.052948;1.8845215
a;12433001273375;-8.952896;-4.048462;1.9010925
a;12433021414976;-8.922104;-4.0220184;1.8566589
a;12433041556578;-8.953445;-4.0218506;1.8540192
a;12433061698179;-8.92804;-3.9992218;1.8525696
a;12433081839781;-8.933395;-4.0137177;1.873352
a;12433101981383;-8.963806;-4.0161133;1.8768921
a;12433122122984;-8.971573;-3.9953918;1.8669739
a;12433142264586;-8.972504;-4.0021667;1.8601379
a;12433162406187;-8.981003;-4.0043488;1.850235
a;12433182547789;-8.985931;-3.9909973;1.8642273
a;12433202689390;-8.974075;-3.975586;1.8504486
a;12433222830992;-8.953629;-3.9709167;1.8741455
a;12433242972594;-8.932816;-3.998932;1.8558044
a;12433263114195;-8.920013;-3.994217;1.841156
a;12433283255797;-8.945114;-4.0030518;1.8350067
a;12433303397398;-8.949539;-3.9820557;1.8435974
a;12433323539000;-8.924759;-3.9749908;1.854538
a;12433343680601;-8.977005;-4.041275;1.811264
a;12433363822203;-9.011444;-4.086273;1.8340454
a;12433383963804;-8.939758;-4.017334;1.8871765
a;12433404105406;-8.924179;-4.017807;1.8905945
a;12433424247008;-8.947876;-4.018448;1.8847504
a;12433444388609;-8.960419;-4.000519;1.9050903
a;12433464530211;-8.977432;-3.9852295;1.9228516
a;12433484671812;-8.946365;-4.0126495;1.9154816
a;12433504813414;-8.949554;-4.064865;1.8940735
a;12433524955015;-8.94252;-4.058014;1.8416901
a;12433545096617;-8.938049;-4.035904;1.837616
a;12433565238219;-8.931183;-4.0073853;1.8481598
a;12433585379820;-8.962524;-4.04924;1.887146
a;12433605521422;-8.97905;-4.062149;1.8605652
a;12433625663023;-8.982864;-4.0703583;1.8506622
a;12433645804625;-8.953873;-4.039444;1.8456726
a;12433665946226;-8.952148;-4.0584106;1.8200531
a;12433686087828;-8.978012;-4.0835724;1.8541412
a;12433706229429;-8.949783;-4.0222626;1.8947449
a;12433726371031;-8.904602;-4.0089874;1.8817139
a;12433746512633;-8.930359;-3.9959106;1.8800201
a;12433766654234;-8.949097;-4.0135803;1.8582306
a;12433786795836;-8.963104;-3.9924774;1.8534698
a;12433806937437;-8.961212;-4.0059967;1.8511963
a;12433827079039;-8.92392;-4.003586;1.8322449
a;12433847220640;-8.905289;-4.0205536;1.8659973
a;12433867362242;-8.925552;-4.0036774;1.8439789
a;12433887503844;-8.97258;-4.014435;1.8363037
a;12433907645445;-8.979034;-4.0007935;1.8218231
a;12433927787047;-8.971939;-4.02034;1.8134918
a;12433947928648;-8.943756;-4.0100403;1.8216705
a;12433968070250;-8.928024;-4.0209503;1.799469
a;12433988211851;-8.933334;-4.0386047;1.7995148
a;12434008353453;-8.956299;-4.0316315;1.8235779
a;12434028495054;-8.980438;-3.9805603;1.8334808
a;12434048636656;-8.968643;-4.0160217;1.8263855
a;12434068778258;-8.933212;-4.0463715;1.8182373
a;12434088919859;-8.96698;-4.043045;1.8405304
a;12434109061461;-8.9758;-4.0008545;1.8256989
a;12434129203062;-8.961624;-4.014572;1.817688
a;12434149344664;-8.973679;-4.0582886;1.8374023
a;12434169486265;-8.976257;-4.0256653;1.8554077
a;12434189627867;-8.931061;-4.018814;1.85849
a;12434209769469;-8.9309845;-4.0464325;1.821228
a;12434229911070;-8.994064;-4.013794;1.8965149
a;12434250052672;-8.940887;-4.002884;1.9103088
a;12434270194273;-8.937775;-4.0470123;1.8546448
a;12434290335875;-8.957687;-4.0548096;1.8506622
a;12434310477476;-8.957794;-4.070923;1.8244629
a;12434330619078;-8.965393;-4.078644;1.8269196
a;12434350760679;-8.974472;-4.0615387;1.8252258
a;12434370902281;-8.962555;-4.0592346;1.8082733
a;12434391043883;-8.956741;-4.0849915;1.8083191
a;12434411185484;-8.993332;-4.1080933;1.7958374
a;12434431327086;-8.964859;-4.0721436;1.8090363
a;12434451468687;-8.929825;-4.0635376;1.7735901
a;12434471610289;-8.9722595;-4.1022186;1.755539
a;12434491751890;-8.96843;-4.0870667;1.7810059
a;12434511893492;-8.96106;-4.049515;1.810379
a;12434532035094;-8.961288;-4.034439;1.785614
a;12434552176695;-8.9388275;-4.025223;1.8051147
a;12434572318297;-8.942932;-4.0417175;1.7946014
a;12434592459898;-8.952652;-4.026764;1.8292999
a;12434612601500;-8.921204;-3.9748688;1.7707062
a;12434632743101;-8.919678;-3.9702148;1.8041687
a;12434652884703;-8.975372;-3.9991913;1.7917786
a;12434673026304;-8.98172;-4.0001373;1.8173523
a;12434693167906;-8.979095;-4.011978;1.8058167
a;12434713309508;-8.985504;-4.020447;1.7644501
a;12434733451109;-8.960678;-4.0482635;1.8140411
a;12434753592711;-8.960007;-4.016403;1.8184204
a;12434773734312;-8.965378;-4.036255;1.8152313
a;12434793875914;-8.957916;-4.0428925;1.8151703
a;12434814017515;-8.97937;-4.038513;1.7985687
a;12434834159117;-8.9852295;-4.060852;1.8124847
a;12434854300719;-8.972488;-4.034851;1.7720337
a;12434874442320;-8.954895;-4.01091;1.7991028
a;12434894583922;-8.9795685;-4.0244293;1.7935181
a;12434914725523;-8.969421;-4.0138855;1.793335
a;12434934867125;-8.958252;-4.0029907;1.7887268
a;12434955008726;-8.9626465;-4.0112305;1.7569733
a;12434975150328;-8.961655;-4.054535;1.806839
a;12434995291929;-8.976852;-4.043869;1.8160706
a;12435015433531;-8.900345;-3.982544;1.8509979
a;12435035575133;-8.961105;-4.0254517;1.8131561
a;12435055716734;-8.993118;-4.0388336;1.8486786
a;12435075858336;-8.963913;-4.0240173;1.8526306
a;12435095999937;-9.021347;-4.056717;1.8402863
a;12435116141539;-9.014648;-4.0701447;1.7977905
a;12435136283140;-8.984039;-4.022995;1.7969513
a;12435156424742;-8.954163;-4.033142;1.7917023
a;12435176566344;-8.946304;-4.0019073;1.8019562
a;12435196707945;-8.930542;-4.004196;1.7769775
a;12435216849547;-8.977295;-4.041168;1.8330841
a;12435236991148;-8.970795;-4.0222015;1.770935
a;12435257132750;-9.019897;-4.0258636;1.784378
a;12435277274351;-9.016174;-4.009247;1.7765503
a;12435297415953;-8.95256;-4.0330048;1.7733917
a;12435317557554;-8.95723;-4.0090637;1.7860107
a;12435337699156;-8.94194;-3.9822998;1.7974548
a;12435357840758;-8.9474945;-3.987854;1.7830505
a;12435377982359;-8.965881;-4.026413;1.8046417
a;12435398123961;-8.990829;-4.045517;1.7761536
a;12435418265562;-8.998932;-4.062317;1.7888031
a;12435438407164;-8.922195;-4.0256042;1.8070374
a;12435458548765;-8.918655;-4.035431;1.8081207
a;12435478690367;-8.919861;-4.0212097;1.8313599
a;12435498831969;-8.937775;-4.0383453;1.8129272
a;12435518973570;-8.955322;-4.0710297;1.8114166
a;12435539115172;-9.000763;-4.0880737;1.8096008
a;12435559256773;-8.999741;-4.0552063;1.7944489
a;12435579398375;-8.980148;-4.0682983;1.7944641
a;12435599539976;-8.972992;-4.0451813;1.7842712
a;12435619681578;-8.966614;-4.017029;1.7942657
a;12435639823179;-8.970886;-3.9804382;1.7722168
a;12435659964781;-8.965881;-3.9965515;1.7676544
a;12435680106383;-8.985931;-3.9986267;1.7441406
a;12435700247984;-8.974823;-3.9938354;1.7515411
a;12435720389586;-8.964813;-3.979248;1.7571869
a;12435740531187;-8.946243;-3.9833374;1.7588043
a;12435760672789;-8.986816;-3.9921722;1.7977753
a;12435780814390;-8.997284;-4.02005;1.8059387
a;12435800955992;-8.99614;-4.018692;1.805481
a;12435821097594;-9.002075;-4.020111;1.7923279
a;12435841239195;-8.977783;-4.0593414;1.8047485
a;12435861380797;-8.927032;-4.030899;1.8564911
a;12435881522398;-8.890228;-4.013916;1.8411407
a;12435901664000;-8.981995;-4.0208435;1.8345032
a;12435921805601;-8.979691;-3.9998627;1.8829498
a;12435941947203;-9.014465;-4.0227356;1.8542175
a;12435962088804;-8.999435;-4.0123444;1.798523
a;12435982230406;-9.003632;-4.007309;1.7872162
a;12436002372008;-8.965225;-3.9953003;1.7857971
a;12436022513609;-8.914246;-3.97937;1.8088074
a;12436042655211;-8.932709;-4.0043335;1.7754211
a;12436062796812;-8.957703;-4.0242157;1.7685394
a;12436082938414;-8.967941;-4.0404663;1.7854156
a;12436103080015;-8.997467;-4.0455017;1.7778625
a;12436123221617;-8.971054;-4.0166626;1.7984772
a;12436143363219;-8.939804;-4.0499115;1.7917786
a;12436163504820;-8.959274;-4.0391693;1.7889862
a;12436183646422;-8.949829;-4.02153;1.837738
a;12436203788023;-8.962982;-4.0263367;1.8455048
a;12436223929625;-8.981018;-4.0564575;1.8198853
a;12436244071226;-8.926102;-4.05101;1.8186798
a;12436264212828;-8.932938;-4.058716;1.8194885
a;12436284354429;-8.929581;-4.034134;1.8200073
a;12436304496031;-8.950378;-4.0330963;1.8328247
a;12436324637633;-8.941544;-4.028412;1.8308105
a;12436344779234;-8.968155;-4.056183;1.8208771
a;12436364920836;-8.938034;-4.0630035;1.7948456
a;12436385062437;-8.970642;-4.0535736;1.8040924
a;12436405204039;-8.981659;-4.0364227;1.8301239
a;12436425345640;-8.958481;-4.037277;1.8374939
a;12436445487242;-8.94725;-4.0378265;1.826889
a;12436465628844;-8.935684;-4.0185547;1.8136292
a;12436485770445;-8.930695;-4.0049286;1.8343506
a;12436505912047;-8.962494;-4.0377197;1.7940674
a;12436526053648;-8.96756;-4.0206604;1.8327179
a;12436546195250;-8.974747;-4.0304413;1.8255768
a;12436566336851;-8.938843;-4.0269623;1.8582916
a;12436586478453;-8.935593;-4.0352325;1.8293762
a;12436606620054;-8.93161;-4.0380096;1.838562
a;12436626761656;-8.967743;-4.06781;1.8548126
a;12436646903258;-8.972321;-4.0569153;1.8373871
a;12436667044859;-8.959763;-4.061203;1.8706818
a;12436687186461;-8.960602;-4.067734;1.8214874
a;12436707328062;-8.931595;-4.0832367;1.8403625
a;12436727469664;-8.953629;-4.1167755;1.8475952
a;12436747611265;-8.946152;-4.08313;1.8851166
a;12436767752867;-8.865601;-4.0378876;1.8421631
a;12436787894469;-8.945175;-4.095703;1.8401031
a;12436808036070;-8.977539;-4.0516357;1.8593597
a;12436828177672;-8.95015;-4.030716;1.8526459
a;12436848319273;-8.9765625;-4.074646;1.821518
a;12436868460875;-8.943893;-4.102249;1.7571259
a;12436888602476;-8.937927;-4.086258;1.7741241
a;12436908744078;-8.9257965;-4.0415497;1.7908325
a;12436928885679;-8.919556;-4.048065;1.8417511
a;12436949027281;-8.952545;-4.086319;1.8487701
a;12436969168883;-8.973602;-4.092224;1.8174438
a;12436989310484;-8.967224;-4.081711;1.8376465
a;12437009452086;-8.9461975;-4.051407;1.8270569
a;12437029593687;-8.921387;-4.0646973;1.8427887
a;12437049735289;-8.973587;-4.0714417;1.7870178
a;12437069876890;-8.95224;-4.062851;1.8117828
a;12437090018492;-8.934845;-4.066452;1.8044128
a;12437110160094;-8.926514;-4.057846;1.8012085
a;12437130301695;-8.922546;-4.0438995;1.8574829
a;12437150443297;-8.880173;-4.107483;1.9303284
a;12437170584898;-8.840164;-4.153183;1.9913788
a;12437190726500;-8.974777;-4.272003;2.1100006
a;12437210868101;-9.1019745;-4.3741455;2.1572113
a;12437231009703;-9.154465;-4.4587708;2.1829834
a;12437251151304;-9.106323;-4.76326;2.2463837
a;12437271292906;-9.082947;-4.973831;2.4773407
a;12437291434508;-9.35022;-5.4707794;2.7861176
a;12437311576109;-9.32756;-5.753006;2.9692078
a;12437331717711;-9.19725;-6.034485;2.5835266
a;12437351859312;-9.0724945;-6.7622223;2.3683777
a;12437372000914;-8.882904;-7.5937195;2.289322
a;12437392142515;-8.792328;-8.0230255;2.3725739
a;12437412284117;-8.842621;-8.0030365;2.5022888
a;12437432425719;-8.883194;-8.195694;2.365631
a;12437452567320;-9.005493;-9.02948;2.085373
a;12437472708922;-8.831497;-10.031601;1.7502747
a;12437492850523;-8.444962;-10.121857;2.184723
a;12437512992125;-8.320297;-9.564209;2.6506195
a;12437533133726;-8.606598;-10.000671;2.711731
a;12437553275328;-8.28244;-10.982941;2.285492
a;12437573416929;-7.2428436;-10.795441;2.4057617
a;12437593558531;-6.4986725;-10.12532;3.468048
a;12437613700133;-5.9577484;-9.241287;3.8740387
a;12437633841734;-5.0661926;-8.7395935;3.8445587
a;12437653983336;-4.1170807;-8.389954;4.0463715
a;12437674124937;-3.200241;-7.6824493;4.166809
a;12437694266539;-2.559082;-7.435074;4.5361023
a;12437714408140;-1.8584747;-6.7580566;4.705826
a;12437734549742;-1.0002899;-5.7363434;4.6419067
a;12437754691344;-0.35902405;-5.2896576;4.829651
a;12437774832945;0.03564453;-5.486252;4.99527
a;12437794974547;0.6795807;-5.103195;5.0108185
a;12437815116148;1.1818085;-4.7160797;5.280609
a;12437835257750;1.5163422;-4.559326;5.4740295
a;12437855399351;1.7480774;-4.535034;5.880356
a;12437875540953;1.8199158;-4.8779297;5.8085327
a;12437895682554;2.1171112;-5.2481995;5.920334
a;12437915824156;2.4453888;-4.929184;6.230316
a;12437935965758;2.517212;-4.701172;6.483246
a;12437956107359;2.72789;-4.689911;6.5815735
a;12437976248961;2.8519897;-5.051422;7.097519
a;12437996390562;2.6451874;-5.105133;7.6138306
a;12438016532164;2.7023468;-4.851822;7.8650208
a;12438036673765;2.9538116;-4.4954987;8.165878
a;12438056815367;2.7704315;-4.4297333;8.574631
a;12438076956969;2.6829987;-4.251236;8.873444
a;12438097098570;2.6620636;-4.1919403;9.128113
a;12438117240172;2.5391235;-4.600296;8.900421
a;12438137381773;2.7914276;-4.810364;8.754074
a;12438157523375;2.722992;-4.8126526;8.912811
a;12438177664976;2.6635895;-4.7647705;8.784729
a;12438197806578;2.8239136;-4.71521;8.498489
a;12438217948179;2.8224945;-4.557785;8.419861
a;12438238089781;2.6582184;-4.359268;8.64296
a;12438258231383;2.5246124;-4.4689636;8.678986
a;12438278372984;2.6384583;-4.463318;8.623581
a;12438298514586;2.6838074;-4.3963013;8.69635
a;12438318656187;2.6178894;-4.456787;9.008774
a;12438338797789;2.4361267;-4.5941925;9.155792
a;12438358939390;2.520111;-4.9342957;8.788742
a;12438379080992;2.7904816;-4.8848114;8.683609
a;12438399222594;2.7810822;-4.64357;8.747147
a;12438419364195;2.7659454;-4.3867493;8.84584
a;12438439505797;2.7697906;-4.386261;8.701447
a;12438459647398;2.8267822;-4.497452;8.60643
a;12438479789000;2.7941284;-4.468933;8.633972
a;12438499930601;2.7751312;-4.5612793;8.675919
a;12438520072203;2.7241974;-4.657501;8.727875
a;12438540213804;2.6304932;-4.708267;8.738037
a;12438560355406;2.6290283;-4.6628723;8.686951
a;12438580497008;2.7415771;-4.6201324;8.585724
a;12438600638609;2.7331543;-4.6372833;8.632996
a;12438620780211;2.7458801;-4.79068;8.530991
a;12438640921812;2.7579803;-4.6576385;8.471436
a;12438661063414;2.5935974;-4.3064575;8.697159
a;12438681205015;2.4746704;-4.097351;8.808228
a;12438701346617;2.592041;-3.9331207;8.960907
a;12438721488219;2.5370789;-3.8821564;9.1670685
a;12438741629820;2.596756;-3.928833;9.05629
a;12438761771422;2.5996552;-4.0398865;8.891602
a;12438781913023;2.5993042;-4.207794;8.649399
a;12438802054625;2.4632874;-4.3029633;8.603256
a;12438822196226;2.285797;-4.432144;8.286453
a;12438842337828;2.2195587;-4.4636993;7.9067535
a;12438862479429;2.0866547;-4.363434;8.172195
a;12438882621031;1.9955597;-3.718338;8.746033
a;12438902762633;2.1126404;-3.4430542;8.75032
a;12438922904234;2.498932;-3.111557;8.737091
a;12438943045836;2.7139282;-2.870346;9.064529
a;12438963187437;2.6341553;-3.3147125;9.314621
a;12438983329039;2.7008514;-4.6196136;9.460312
a;12439003470640;2.8131866;-5.4878387;9.680145
a;12439023612242;3.0244904;-5.475708;9.777847
a;12439043753844;2.7396698;-5.5567474;9.54921
a;12439063895445;2.7414856;-5.948471;8.601685
a;12439084037047;2.7514648;-6.84729;8.888626
a;12439104178648;2.596817;-7.105438;7.452896
a;12439124320250;2.7392578;-6.78537;7.330124
a;12439144461851;2.3101807;-5.3201294;7.4178314
a;12439164603453;1.11232;-3.602707;7.6050262
a;12439184745054;-0.061050415;-3.1227417;8.391418
a;12439204886656;0.30641174;-3.5811462;8.998322
a;12439225028258;1.1724701;-4.1443024;8.608795
a;12439245169859;0.7156677;-4.2990723;9.424927
a;12439265311461;0.91275024;-4.058975;10.056686
a;12439285453062;0.97132874;-3.4673004;10.531708
a;12439305594664;0.8229828;-2.6250153;10.747116
a;12439325736265;0.7336731;-2.3572083;10.4943695
a;12439345877867;0.6052551;-2.2775116;10.141556
a;12439366019469;0.50312805;-2.1631775;10.0416565
a;12439386161070;0.3382721;-2.0621033;10.112579
a;12439406302672;0.3184204;-2.0628357;10.147263
a;12439426444273;0.3970642;-2.168045;10.076279
a;12439446585875;0.4462738;-2.247055;10.001694
a;12439466727476;0.43945313;-2.2273254;9.90506
a;12439486869078;-0.924057;-0.59716797;9.218857
a;12439507010679;1.0015106;-1.9336243;10.188293
a;12439527152281;1.2879639;-2.3499756;9.525833
a;12439547293883;1.0538177;-2.79039;9.438797
a;12439567435484;0.8997803;-2.753067;9.471085
a;12439587577086;0.96047974;-2.4927216;9.43074
a;12439607718687;0.98197937;-2.3933868;9.401001
a;12439627860289;0.9385681;-2.4277496;9.544205
a;12439648001890;0.8363495;-2.5489197;9.750977
a;12439668143492;0.8229065;-2.607315;9.915894
a;12439688285094;0.8699951;-2.4970856;9.950638
a;12439708426695;0.9549866;-2.304657;9.965164
a;12439728568297;0.98101807;-2.1935272;9.907532
a;12439748709898;0.8881836;-2.291336;9.864288
a;12439768851500;0.84368896;-2.3256226;9.796066
a;12439788993101;0.81759644;-2.3110352;9.772247
a;12439809134703;0.7886963;-2.2193604;9.80806
a;12439829276304;0.8229675;-2.1867065;9.603775
a;12439849417906;0.77578735;-2.1714478;9.798645
