a;85036017684978;-0.54115295;-0.7683716;10.214691
a;85036037826580;-0.56962585;-0.92388916;10.359589
a;85036057968181;-0.91448975;-1.0583038;10.095001
a;85036078109783;-0.53982544;-0.5043793;9.965607
a;85036098251384;-0.40576172;-0.25460815;9.9839325
a;85036118392986;-0.44151306;-0.41267395;9.793289
a;85036138534588;-0.4577179;-0.5052948;9.721527
a;85036158676189;-0.5504303;-0.57592773;9.499252
a;85036178817791;-0.6325989;-0.48582458;9.308685
a;85036198959392;-1.3575287;-0.3438568;8.976227
a;85036219100994;-0.64730835;-0.1631012;8.815338
a;85036239242595;-0.45150757;0.12889099;8.436508
a;85036259384197;-0.72528076;0.58143616;7.7875366
a;85036279525799;-0.61613464;1.0152283;7.086334
a;85036299667400;-0.4835205;1.3257446;6.0666046
a;85036319809002;-0.67951965;1.5228882;5.0788116
a;85036339950603;-0.96144104;1.578125;4.387268
a;85036360092205;-1.3903046;2.1272583;4.008377
a;85036380233806;-1.85849;1.8509521;3.472107
a;85036400375408;-2.4923553;2.0668488;3.4920197
a;85036420517009;-3.61911;1.4558258;5.1718597
a;85036440658611;-5.172882;-2.5032501;5.904114
a;85036460800213;-7.4646606;-5.3960266;5.5068665
a;85036480941814;-9.658188;-4.5738373;3.7913055
a;85036501083416;-8.807724;-4.3921356;2.42128
a;85036521225017;-7.649521;-5.0489655;1.2258148
a;85036541366619;-8.766296;-6.78598;0.5907135
a;85036561508220;-11.182663;-9.33284;0.5255432
a;85036581649822;-11.95108;-10.252014;-0.323761
a;85036601791424;-11.0138855;-10.104965;-0.6051636
a;85036621933025;-10.6479645;-9.143906;-0.82099915
a;85036642074627;-11.274948;-8.21875;-1.1838379
a;85036662216228;-11.709839;-7.457382;-1.654541
a;85036682357830;-12.071915;-7.2057953;-2.2513275
a;85036702499431;-12.609589;-7.5343475;-3.3146515
a;85036722641033;-12.801224;-8.381226;-3.9380035
a;85036742782634;-11.775253;-8.692078;-4.2916718
a;85036762924236;-11.1371;-8.340332;-4.4081726
a;85036783065838;-10.449722;-7.672241;-4.108612
a;85036803207439;-9.862076;-7.1423035;-3.6371307
a;85036823349041;-9.458374;-6.395996;-2.9876404
a;85036843490642;-9.403305;-5.6779327;-2.4466095
a;85036863632244;-9.466965;-5.13443;-2.0780182
a;85036883773845;-9.324524;-4.370941;-1.8604431
a;85036903915447;-8.93959;-3.7136688;-1.645874
a;85036924057049;-8.528107;-3.526764;-1.649643
a;85036944198650;-8.409561;-3.9143982;-1.7338104
a;85036964340252;-8.578506;-4.2599945;-1.8236542
a;85036984481853;-8.682709;-4.2024994;-1.8415985
a;85037004623455;-8.7104645;-4.085129;-1.820755
a;85037024765056;-8.877182;-3.948822;-1.7426147
a;85037044906658;-9.021881;-3.882904;-1.6645813
a;85037065048259;-9.277344;-3.834381;-1.5552979
a;85037085189861;-9.396652;-3.7375946;-1.5808868
a;85037105331463;-9.402054;-3.613083;-1.6165314
a;85037125473064;-9.400391;-3.5516205;-1.6266327
a;85037145614666;-9.432602;-3.491211;-1.576355
a;85037165756267;-9.43367;-3.3181915;-1.5172882
a;85037185897869;-9.341507;-3.1389923;-1.3919525
a;85037206039470;-9.307526;-3.1746368;-1.3554077
a;85037226181072;-9.296402;-3.189209;-1.3905334
a;85037246322674;-9.238998;-3.2092133;-1.4173431
a;85037266464275;-9.237137;-3.238083;-1.5037842
a;85037286605877;-9.217392;-3.2328796;-1.4257965
a;85037306747478;-9.239136;-3.3583984;-1.4154968
a;85037326889080;-9.303345;-3.4517212;-1.3924103
a;85037347030681;-9.12471;-3.5631561;-1.3456726
a;85037367172283;-9.039627;-3.6012726;-1.3288116
a;85037387313884;-9.004242;-3.6078644;-1.3372345
a;85037407455486;-9.092087;-3.5726929;-1.4284973
a;85037427597088;-9.109283;-3.5026855;-1.3725586
a;85037447738689;-9.039139;-3.5106354;-1.3948059
a;85037467880291;-9.080307;-3.560379;-1.5089569
a;85037488021892;-9.076126;-3.5926971;-1.6609039
a;85037508163494;-8.9982605;-3.6104126;-1.7459717
a;85037528305095;-8.884308;-3.6705933;-1.7503967
a;85037548446697;-8.831833;-3.699585;-1.7611389
a;85037568588299;-8.788559;-3.7202606;-1.7674255
a;85037588729900;-8.742722;-3.7747803;-1.7661896
a;85037608871502;-8.7486725;-3.7944336;-1.8133545
a;85037629013103;-8.763657;-3.840805;-1.8088379
a;85037649154705;-8.764938;-3.8581696;-1.7804871
a;85037669296306;-8.788834;-3.9647827;-1.7703552
a;85037689437908;-8.815689;-4.0247803;-1.7319641
a;85037709579509;-8.8164215;-4.1224213;-1.7410278
a;85037729721111;-8.827072;-4.1842346;-1.7351837
a;85037749862713;-8.856781;-4.2375793;-1.6669464
a;85037770004314;-8.867096;-4.2715454;-1.6212769
a;85037790145916;-8.871796;-4.343384;-1.5804749
a;85037810287517;-8.893631;-4.381592;-1.5199127
a;85037830429119;-8.898132;-4.402725;-1.49823
a;85037850570720;-8.906662;-4.445877;-1.4542236
a;85037870712322;-8.951767;-4.4516907;-1.4255524
a;85037890853924;-8.9752655;-4.4263916;-1.4464111
a;85037910995525;-8.963425;-4.475113;-1.4053802
a;85037931137127;-8.965118;-4.5548096;-1.399643
a;85037951278728;-8.946045;-4.586563;-1.4529724
a;85037971420330;-8.940842;-4.5529785;-1.4458618
a;85037991561931;-8.940369;-4.5412903;-1.4354095
a;85038011703533;-8.914993;-4.4927826;-1.4529572
a;85038031845134;-8.889694;-4.4377594;-1.4571533
a;85038051986736;-8.880264;-4.4248047;-1.5321808
a;85038072128338;-8.85144;-4.360153;-1.5441132
a;85038092269939;-8.864059;-4.298279;-1.6049347
a;85038112411541;-8.851639;-4.27211;-1.6018829
a;85038132553142;-8.805527;-4.248108;-1.6100159
a;85038152694744;-8.768692;-4.206009;-1.656601
a;85038172836345;-8.755707;-4.1776886;-1.6145172
a;85038192977947;-8.721939;-4.182663;-1.6111603
a;85038213119549;-8.749405;-4.1783752;-1.6835327
a;85038233261150;-8.735992;-4.1752167;-1.697876
a;85038253402752;-8.6586;-4.184616;-1.6869049
a;85038273544353;-8.668808;-4.169098;-1.6976471
a;85038293685955;-8.682358;-4.1853027;-1.6550446
a;85038313827556;-8.685577;-4.2208405;-1.7129059
a;85038333969158;-8.755615;-4.2323914;-1.7316589
a;85038354110759;-8.746292;-4.26416;-1.6807098
a;85038374252361;-8.74324;-4.2928314;-1.6507416
a;85038394393963;-8.786453;-4.3799896;-1.7007446
a;85038414535564;-8.86261;-4.426468;-1.6820526
a;85038434677166;-8.8581085;-4.5144653;-1.6474609
a;85038454818767;-8.778259;-4.614441;-1.5744019
a;85038474960369;-8.736069;-4.6760254;-1.5750122
a;85038495101970;-8.772369;-4.617325;-1.517807
a;85038515243572;-8.830597;-4.5733337;-1.500061
a;85038535385174;-8.844009;-4.5641174;-1.4527893
a;85038555526775;-8.820236;-4.575363;-1.5079803
a;85038575668377;-8.818893;-4.56044;-1.5189514
a;85038595809978;-8.795685;-4.4471283;-1.5749512
a;85038615951580;-8.806107;-4.358032;-1.5814819
a;85038636093181;-8.781235;-4.3044586;-1.60495
a;85038656234783;-8.793884;-4.297882;-1.6880646
a;85038676376384;-8.80925;-4.25679;-1.7854156
a;85038696517986;-8.794708;-4.2002563;-1.8331909
a;85038716659588;-8.751587;-4.230652;-1.775238
a;85038736801189;-8.70369;-4.315323;-1.7333679
a;85038756942791;-8.731125;-4.4553833;-1.8531952
a;85038777084392;-8.744949;-4.616852;-1.7702637
a;85038797225994;-8.761642;-4.7318573;-1.6327362
a;85038817367595;-8.751373;-4.880493;-1.5448608
a;85038837509197;-8.83522;-5.342743;-1.3118134
a;85038857650799;-9.087677;-5.945099;-1.1955872
a;85038877792400;-9.211929;-6.15242;-1.3508301
a;85038897934002;-9.265549;-6.413391;-1.5419769
a;85038918075603;-9.440582;-7.231903;-0.9064331
a;85038938217205;-9.484329;-8.239197;-0.50193787
a;85038958358806;-9.568359;-8.879028;-1.3433685
a;85038978500408;-9.65332;-9.396896;-2.1313782
a;85038998642009;-9.383575;-10.597336;-1.1275177
a;85039018783611;-8.872269;-11.468353;-0.40576172
a;85039038925213;-8.545929;-11.765671;-1.2199554
a;85039059066814;-8.33548;-12.184387;-1.8160706
a;85039079208416;-8.230331;-13.095261;-1.587326
a;85039099350017;-7.8334045;-13.726379;-1.2429657
a;85039119491619;-7.3756104;-13.930344;-1.2714996
a;85039139633220;-6.848877;-13.682312;-1.4508972
a;85039159774822;-5.8778076;-13.124161;-1.3514557
a;85039179916424;-4.8460236;-13.306198;-1.3589325
a;85039200058025;-4.1346283;-13.104797;-0.7743225
a;85039220199627;-2.885086;-11.374939;0.077301025
a;85039240341228;-1.9567413;-10.649063;0.55944824
a;85039260482830;-1.1269379;-10.611847;0.09675598
a;85039280624431;-0.46162415;-10.21489;0.77796936
a;85039300766033;0.50250244;-9.372559;1.4151001
a;85039320907634;1.4290009;-8.5984955;1.1783752
a;85039341049236;2.0583801;-7.9853516;0.9727936
a;85039361190838;2.1852112;-7.4835205;1.2077026
a;85039381332439;2.2937775;-6.717148;0.928833
a;85039401474041;3.172821;-6.1087494;0.7668152
a;85039421615642;3.516098;-5.2282867;1.1304169
a;85039441757244;3.3890228;-5.100891;1.1051941
a;85039461898845;3.2546387;-4.7357025;1.1254425
a;85039482040447;3.6987;-3.9250793;1.5273438
a;85039502182049;4.194397;-3.010025;1.8773041
a;85039522323650;4.249954;-3.3515167;2.5369568
a;85039542465252;3.6197662;-4.5769806;2.7124176
a;85039562606853;3.7317657;-5.2384186;2.4651947
a;85039582748455;4.4804993;-6.7203674;1.9922485
a;85039602890056;4.622864;-6.8521576;2.3516083
a;85039623031658;4.9035187;-6.101959;3.8804626
a;85039643173259;5.667282;-5.426117;5.656616
a;85039663314861;5.713211;-5.284195;6.509201
a;85039683456463;5.9695435;-5.690048;4.7203217
a;85039703598064;6.511261;-6.666748;3.940033
a;85039723739666;6.9219513;-7.348465;4.167984
a;85039743881267;6.7839355;-7.2954407;4.4119415
a;85039764022869;6.330139;-8.082367;3.3812103
a;85039784164470;6.2725983;-8.69873;3.3448029
a;85039804306072;6.271286;-7.682907;3.5610962
a;85039824447674;6.2330627;-6.909561;3.608429
a;85039844589275;6.2198944;-6.3119965;3.1540222
a;85039864730877;6.311844;-6.143097;2.1233063
a;85039884872478;6.0633545;-6.7806244;1.4159546
a;85039905014080;5.2242584;-6.626526;2.051834
a;85039925155681;4.651825;-4.8599854;3.8165283
a;85039945297283;4.933182;-3.7486267;5.1089325
a;85039965438884;5.283615;-4.2863464;4.449646
a;85039985580486;5.4365234;-5.5085297;2.9249268
a;85040005722088;5.57222;-6.9039;2.2148438
a;85040025863689;5.4649353;-6.461609;3.389267
a;85040046005291;5.706772;-5.7392273;4.4035034
a;85040066146892;5.986023;-5.765564;4.345398
a;85040086288494;6.5030975;-6.7135773;3.8311615
a;85040106430095;6.444336;-7.429123;3.501297
a;85040126571697;6.338196;-7.7696533;2.6645966
a;85040146687196;6.6255035;-7.149414;2.9074402
a;85040166828797;7.026947;-6.097183;3.387085
a;85040186970399;7.6883087;-5.3803406;3.1103973
a;85040207112000;8.324295;-7.0193787;3.6243439
a;85040227253602;8.622498;-10.261185;4.8710327
a;85040247395203;7.5485535;-11.239334;4.1715393
a;85040267536805;7.251297;-9.450821;3.6088867
a;85040287678406;7.6703644;-7.8259735;3.2690887
a;85040307820008;7.913269;-7.4568787;3.1822052
a;85040327961610;7.722702;-7.879715;3.371994
a;85040348103211;7.0948486;-7.7332916;3.4945526
a;85040368244813;6.721466;-6.8563538;3.4640808
a;85040388386414;7.198395;-6.9132843;3.0614624
a;85040408528016;7.5002136;-7.763336;2.6799011
a;85040428669617;7.4404755;-8.289734;2.506775
a;85040448811219;7.6063232;-8.004669;2.608612
a;85040468952821;8.160828;-7.4659576;2.9116974
a;85040489094422;8.385025;-7.201416;2.779251
a;85040509236024;8.165894;-7.984253;2.4586334
a;85040529377625;7.750244;-8.70874;1.3205261
a;85040549519227;7.6210785;-8.627823;1.2957458
a;85040569660828;7.7425385;-7.5989227;1.54599
a;85040589802430;7.9080353;-7.0912323;1.6378021
a;85040609944031;8.010635;-7.453308;1.5953369
a;85040630085633;7.809372;-7.424881;1.6514435
a;85040650227235;7.6491547;-6.8767242;1.9147797
a;85040670368836;7.6145477;-6.367981;1.7527008
a;85040690510438;7.5215607;-5.8331146;1.9641113
a;85040710652039;7.7785797;-5.6256714;2.1980743
a;85040730793641;7.8497314;-5.94133;2.3075867
a;85040750935242;7.4950714;-6.1812744;1.9917603
a;85040771076844;7.3000183;-6.053253;1.8926392
a;85040791218446;7.5063477;-5.6908875;1.9646301
a;85040811360047;7.4597473;-5.6257477;2.119751
a;85040831501649;7.1506195;-5.106842;1.9707642
a;85040851643250;7.4197235;-4.377823;2.6005707
a;85040871784852;7.7384796;-4.407318;2.8329926
a;85040891926453;7.3541565;-4.8039246;2.5012665
a;85040912068055;7.0677185;-5.5464478;2.2439575
a;85040932209656;6.6513824;-5.966614;1.8188782
a;85040952351258;6.267624;-5.0983276;1.392746
a;85040972492860;6.957611;-3.9440765;2.7712708
a;85040992634461;7.2938843;-3.624054;3.0037384
a;85041012776063;7.0746765;-3.932663;2.6713562
a;85041032917664;6.0558777;-4.44722;2.484497
a;85041053059266;5.3217316;-4.8883667;2.639618
a;85041073200867;5.0479584;-4.9394226;2.3272552
a;85041093342469;5.180832;-4.422821;2.2986908
a;85041113484071;5.273575;-4.256851;2.5897217
a;85041133625672;5.491226;-4.6497498;2.0550995
a;85041153767274;5.668915;-5.255783;1.3839874
a;85041173908875;5.62677;-5.73526;1.7019196
a;85041194050477;5.513611;-5.6456604;2.4118958
a;85041214192078;5.8974457;-5.003433;2.466095
a;85041234333680;6.1184235;-4.527527;1.4546051
a;85041254475281;7.136444;-5.363495;1.2535553
a;85041274616883;7.1840515;-6.688431;0.9440613
a;85041294758485;6.6231995;-7.203781;1.1608124
a;85041314900086;6.8146515;-6.829315;2.3602753
a;85041335041688;7.8698425;-6.734833;2.871338
a;85041355183289;8.164215;-7.1384735;2.2023315
a;85041375324891;7.7518463;-7.902298;1.3344727
a;85041395466492;7.2569885;-8.268494;1.7692261
a;85041415608094;7.643799;-7.9765625;2.7474976
a;85041435749696;8.112015;-7.781479;2.7345276
a;85041455891297;7.861847;-8.120102;2.5028992
a;85041476032899;7.272064;-8.651306;2.833847
a;85041496174500;7.1549835;-8.514664;2.9032898
a;85041516316102;7.683182;-8.067825;2.9123383
a;85041536457703;8.068344;-8.218796;2.8403625
a;85041556599305;8.514832;-9.369507;4.3469086
a;85041576740906;8.586777;-9.996811;3.6955109
a;85041596882508;8.743637;-11.056686;2.5211487
a;85041617024110;8.564621;-12.252579;2.5478516
a;85041637165711;7.999405;-11.667938;3.8680115
a;85041657307313;7.491562;-10.2344055;3.7315216
a;85041677448914;6.9608765;-9.140228;2.6865997
a;85041697590516;7.048355;-7.9952087;0.76187134
a;85041717732117;7.7023163;-8.6046295;1.0321808
a;85041737873719;8.392334;-9.803162;3.018814
a;85041758015321;7.526657;-9.722946;3.2421112
a;85041778156922;7.100708;-9.10022;2.8941345
a;85041798298524;7.41156;-8.567062;2.5879211
a;85041818440125;7.9098663;-8.216156;2.7269135
a;85041838581727;8.051407;-7.8976135;2.9643402
a;85041858723328;7.5187683;-7.625366;2.4259949
a;85041878864930;7.0799866;-7.7447357;0.9137573
a;85041899006531;6.895035;-7.9867554;0.81996155
a;85041919148133;6.8737183;-7.398697;1.4471893
a;85041939289735;7.1269684;-7.182617;1.9187622
a;85041959431336;7.238922;-7.2480164;1.940918
a;85041979572938;6.9228516;-7.241455;2.035141
a;85041999714539;6.9842224;-7.392563;1.9959106
a;85042019856141;6.824936;-7.5972595;1.3984833
a;85042039997742;6.4212646;-7.5003815;0.5442047
a;85042060139344;6.74704;-8.430481;0.8819885
a;85042080280946;6.5142517;-8.559891;0.89630127
a;85042100422547;6.252533;-7.5458374;1.3815155
a;85042120564149;6.5949097;-6.5815735;1.7873535
a;85042140705750;7.412323;-5.5819244;2.1006012
a;85042160847352;7.409958;-5.228531;2.278061
a;85042180988953;6.9800873;-5.654236;2.4055786
a;85042201130555;6.6964417;-5.734436;1.8376465
a;85042221272156;6.5898895;-4.945236;2.1075745
a;85042241413758;6.702072;-3.9594269;2.675354
a;85042261555360;6.8292694;-3.826065;2.973175
a;85042281696961;6.460907;-3.751358;1.7870026
a;85042301838563;6.012741;-3.4142609;2.212799
a;85042321980164;5.8959045;-3.672058;2.2768707
a;85042342121766;5.300293;-3.659439;1.7817383
a;85042362263367;5.58519;-3.1929169;1.6807098
a;85042382404969;6.4019775;-3.8828735;2.8207397
a;85042402546571;6.0436707;-5.4159393;2.5377197
a;85042422688172;5.448654;-7.0074615;1.0706787
a;85042442829774;5.8006287;-6.437317;1.1829376
a;85042462971375;6.769943;-5.2867126;2.319046
a;85042483112977;7.044464;-5.1283264;2.7571259
a;85042503254578;6.7872467;-5.5201263;1.9520874
a;85042523396180;6.083145;-6.214493;1.0104675
a;85042543537781;5.2213287;-6.192856;0.2631836
a;85042563679383;5.5156097;-5.831482;0.6868439
a;85042583820985;7.2310486;-6.3296356;1.4859467
a;85042603962586;7.55336;-6.69545;1.7583313
a;85042624104188;7.0534973;-6.912735;1.8018494
a;85042644245789;6.5629425;-6.6266937;1.6519775
a;85042664387391;6.619049;-6.36792;1.5950623
a;85042684528992;6.8992157;-6.707367;1.7177429
a;85042704670594;7.7178497;-7.2602997;1.4308777
a;85042724812196;8.2795105;-7.7578735;1.5758972
a;85042744953797;7.874695;-7.805954;1.6579742
a;85042765095399;7.480667;-7.595291;1.7924805
a;85042785237000;7.5269775;-7.4895325;1.6665344
a;85042805378602;7.5505524;-7.691864;1.3618927
a;85042825520203;7.509781;-7.9675293;1.3778992
a;85042845661805;7.56752;-7.9140015;1.713562
a;85042865803406;8.027664;-7.7477417;1.8365784
a;85042885945008;8.640121;-7.8647614;1.7801514
a;85042906086610;9.459824;-8.9655;2.0297089
a;85042926228211;9.733871;-9.93161;2.5660706
a;85042946369813;9.933655;-10.712967;2.9600067
a;85042966511414;9.84761;-12.030945;3.1987915
a;85042986653016;8.8638;-12.415787;2.299286
a;85043006794617;8.354324;-11.13858;1.4755707
a;85043026936219;8.631668;-9.785355;1.7793121
a;85043047077821;8.875961;-9.676575;2.109085
a;85043067219422;8.518478;-9.962112;1.9617157
a;85043087361024;8.159546;-9.925674;1.3618622
a;85043107502625;7.904602;-9.266861;1.0836945
a;85043127644227;7.9020233;-8.470612;1.4261627
a;85043147785828;7.955765;-7.389038;1.3410492
a;85043167927430;7.8642883;-5.957199;1.5113373
a;85043188069031;8.023407;-5.6218567;2.227234
a;85043208210633;7.9256287;-6.244919;2.3740234
a;85043228352235;7.153839;-6.133911;1.7253723
a;85043248493836;7.128998;-5.663727;1.4454956
a;85043268635438;7.263031;-5.686493;1.3809357
a;85043288777039;7.193924;-5.8749237;1.6851807
a;85043308918641;7.0006714;-6.2425995;1.4112701
a;85043329060242;6.676956;-6.278137;1.0965729
a;85043349201844;6.6013184;-5.8841095;1.3451996
a;85043369343446;6.9443817;-5.7229767;1.7016602
a;85043389485047;6.7800293;-5.609619;2.18042
a;85043409626649;6.6704254;-5.973282;2.495575
a;85043429768250;7.0366974;-6.1981354;2.4905548
a;85043449909852;7.2509155;-5.8719788;2.3549805
a;85043470051453;7.17572;-5.199936;2.5210724
a;85043490193055;6.977188;-4.309021;2.217514
a;85043510334656;7.355942;-4.815262;3.1091309
a;85043530476258;6.8669434;-4.874878;2.421173
a;85043550617860;5.805481;-4.7388153;1.480072
a;85043570759461;4.909851;-2.2776337;0.42433167
a;85043590901063;6.194992;-1.98909;2.1905518
a;85043611042664;6.482712;-3.4020233;3.2246246
a;85043631184266;5.2137604;-4.7853394;2.893219
a;85043651325867;5.1910095;-5.241165;2.873169
a;85043671467469;5.8741455;-5.534912;3.192215
a;85043691609071;5.95932;-5.2062073;1.9103241
a;85043711750672;6.084839;-4.9961395;1.9629059
a;85043731892274;5.837921;-4.953583;2.4225159
a;85043752033875;5.3604736;-5.029953;2.4052734
a;85043772175477;5.756378;-4.930069;1.6466522
a;85043792317078;6.482544;-4.9806976;0.66516113
a;85043812458680;6.5904694;-5.651825;-0.05519104
a;85043832600281;5.847061;-6.648636;0.8978882
a;85043852741883;5.441818;-6.2226257;1.3197632
a;85043872883485;6.847595;-5.50618;1.2918396
a;85043893025086;8.4198;-5.801895;1.5597382
a;85043913166688;8.28363;-7.015335;2.376068
a;85043933308289;7.4413605;-7.8335114;2.5808563
a;85043953449891;7.507248;-7.4159546;2.797943
a;85043973591492;8.165314;-7.391876;3.0731506
a;85043993733094;8.076599;-8.441574;2.6013184
a;85044013874696;8.027206;-9.336731;2.0650635
a;85044034016297;8.034119;-9.562256;1.660965
a;85044054157899;8.043823;-9.873077;2.4864655
a;85044074299500;8.818832;-10.367325;2.0670166
a;85044094441102;9.970215;-10.592224;1.6261902
a;85044114582703;10.48996;-12.643265;2.0994263
a;85044134724305;8.641663;-16.170776;1.9036865
a;85044154865906;7.0407104;-15.478806;1.5597076
a;85044175007508;8.075851;-11.580872;3.026474
a;85044195149110;9.056168;-9.455429;2.8507538
a;85044215290711;8.841583;-9.596741;3.0763245
a;85044235432313;8.061066;-10.974609;2.2326813
a;85044255573914;7.332718;-10.788635;1.3655548
a;85044275715516;7.650238;-9.36879;1.734848
a;85044295857117;8.16806;-8.476883;1.666687
a;85044315998719;7.8849945;-7.8188324;1.3429718
a;85044336140321;7.6857605;-7.006958;0.7153015
a;85044356281922;7.905777;-5.541382;0.40045166
a;85044376423524;8.172791;-5.342758;0.95466614
a;85044396565125;7.9326324;-5.525589;1.3825226
a;85044416706727;7.56456;-5.2233734;1.6422272
a;85044436848328;7.7547607;-4.768509;1.5183716
a;85044456989930;7.5226746;-5.0600433;1.5507355
a;85044477131531;6.9354706;-5.4851074;1.1051483
a;85044497273133;6.806656;-5.41304;0.7468567
a;85044517414735;6.701584;-5.4067535;0.9070282
a;85044537556336;5.6484985;-5.8181;0.60272217
a;85044557697938;5.4979095;-5.963135;0.53009033
a;85044577839539;6.006424;-5.296997;1.5699921
a;85044597981141;5.154251;-3.8078918;1.1116333
a;85044618122742;5.018097;-2.2640839;1.7505951
a;85044638264344;5.477112;-2.659607;3.0405426
a;85044658405946;4.6091614;-3.3213348;1.9190979
a;85044678547547;3.9736023;-3.6598206;1.5331421
a;85044698689149;4.5542297;-3.1726074;1.9057922
a;85044718830750;5.2477417;-2.9217072;2.4777374
a;85044738972352;5.241791;-3.4136505;2.521225
a;85044759113953;5.403015;-3.8955078;2.1764374
a;85044779255555;6.021454;-4.5610046;3.1730804
a;85044799397156;6.7591705;-6.063202;2.5357819
a;85044819538758;6.386307;-7.2641907;1.488327
a;85044839680360;6.536804;-6.902359;1.3790588
a;85044859821961;7.2431183;-6.263565;1.6835632
a;85044879963563;6.835434;-6.5651093;1.6534729
a;85044900105164;5.9584045;-7.4364014;1.2986755
a;85044920246766;7.3200684;-7.7544403;0.81692505
a;85044940388367;8.350601;-7.4516754;0.8275757
a;85044960529969;7.2236633;-7.2882385;1.521759
a;85044980671571;6.2086487;-7.1614685;2.670761
a;85045000813172;7.5177307;-6.9072876;1.8531647
a;85045020954774;9.274994;-7.335373;0.9970856
a;85045041096375;9.147705;-8.604446;0.116882324
a;85045061237977;7.9612885;-9.936005;0.31315613
a;85045081379578;7.332733;-8.972229;1.3341064
a;85045101521180;8.942947;-7.8168335;2.151245
a;85045121662781;10.020065;-8.128464;2.3686066
a;85045141804383;10.672806;-8.788071;2.0727692
a;85045161945985;10.428131;-11.006973;2.0077362
a;85045182087586;9.246002;-14.406708;0.26597595
a;85045202229188;8.982605;-13.061676;0.9785614
a;85045222370789;9.307678;-9.248001;2.1424255
a;85045242512391;9.477722;-7.467758;2.7331085
a;85045262653992;9.114639;-8.270935;3.1041565
a;85045282795594;8.467804;-9.828644;2.0397186
a;85045302937196;8.004547;-10.187714;0.55900574
a;85045323078797;8.19104;-9.468567;0.53881836
a;85045343220399;8.358627;-8.605713;1.1520844
a;85045363362000;8.071579;-7.5288696;1.0584717
a;85045383503602;8.116013;-6.8397217;0.86164856
a;85045403645203;8.186371;-6.5319977;1.058197
a;85045423786805;7.7451935;-6.3283997;1.0904846
a;85045443928406;7.4898376;-6.6114655;0.80366516
a;85045464070008;7.2706604;-6.8751984;0.45817566
a;85045484211610;6.885559;-6.7919006;0.5752106
a;85045504353211;6.94223;-6.3259277;0.6210327
a;85045524494813;6.8833466;-5.8168945;0.63500977
a;85045544636414;6.8941803;-5.5156555;0.7613678
a;85045564778016;6.9771423;-5.4822235;0.8964386
a;85045584919617;6.933029;-5.1745453;1.1125641
a;85045605061219;7.1846313;-4.688751;1.400589
a;85045625202821;7.4794006;-4.4898987;1.3778229
a;85045645344422;7.208023;-4.820465;1.4671631
a;85045665486024;6.717865;-5.1167755;1.1767731
a;85045685627625;6.390915;-4.922165;0.79963684
a;85045705769227;5.50264;-2.9434052;0.46398926
a;85045725910828;6.2010193;-2.3680115;2.0294342
a;85045746052430;5.7803802;-2.9276733;2.0754852
a;85045766194031;5.3515778;-3.1696014;1.5824127
a;85045786335633;5.8537445;-2.6891174;2.4052277
a;85045806477235;6.3694763;-3.34375;3.3265533
a;85045826618836;6.3993835;-4.945801;2.4732208
a;85045846760438;6.583725;-5.7308655;1.3138123
a;85045866902039;7.3119507;-5.2140656;1.1202698
a;85045887043641;7.5308533;-5.0090637;1.579483
a;85045907185242;6.921646;-5.792923;1.8547363
a;85045927326844;6.4188843;-5.981735;1.1076202
a;85045947468446;6.7143555;-5.4422607;0.32369995
a;85045967610047;7.2682037;-5.442459;0.12728882
a;85045987751649;7.1763916;-6.0837708;0.057632446
a;85046007893250;7.0795593;-6.2728424;0.5049286
a;85046028034852;7.213501;-5.8659973;1.1630859
a;85046048176453;7.3170166;-5.814209;1.2993622
a;85046068318055;8.371429;-6.406006;0.88972473
a;85046088459656;9.807343;-7.228058;0.33825684
a;85046108601258;9.351654;-7.4518127;0.586853
a;85046128742860;7.4778748;-7.984482;1.903122
a;85046148884461;6.6270905;-8.524933;2.7955627
a;85046169026063;6.817688;-8.737518;2.4665527
a;85046189167664;7.967499;-8.327164;1.209137
a;85046209309266;8.469376;-8.654236;1.0571289
a;85046229450867;7.333008;-9.321747;2.1589813
a;85046249592469;6.8269806;-9.705338;2.8071442
a;85046269734071;7.7377167;-9.657745;2.3124695
a;85046289875672;8.561707;-10.149048;2.1944427
a;85046310017274;8.289078;-10.402191;2.6118011
a;85046330158875;8.464523;-11.456467;3.9578705
a;85046350300477;7.940567;-10.812027;2.9624329
a;85046370442078;8.831879;-9.035309;3.240326
a;85046390583680;8.773346;-8.739609;2.8333893
a;85046410725281;8.010803;-9.554825;2.2282715
a;85046430866883;8.309967;-10.03717;2.13208
a;85046451008485;8.375229;-9.901123;1.5779266
a;85046471150086;7.918762;-9.112793;1.6304016
a;85046491291688;7.932556;-8.318802;1.2350464
a;85046511433289;7.8928375;-7.75708;1.2254028
a;85046531574891;7.525238;-7.3644867;1.5410004
a;85046551716492;7.221924;-7.1423035;2.0187225
a;85046571858094;7.161148;-6.8364563;1.602417
a;85046591999696;7.103546;-6.3082733;1.2948761
a;85046612141297;7.1546783;-6.3363037;1.7488403
a;85046632282899;7.1167755;-6.766342;1.2239075
a;85046652424500;7.34375;-6.529907;1.1938782
a;85046672566102;7.465561;-5.7060394;1.1003113
a;85046692707703;7.817978;-5.783142;1.6857147
a;85046712849305;7.3259583;-6.301346;1.682724
a;85046732990906;6.759552;-6.0157776;1.2606812
a;85046753132508;6.911682;-5.218979;1.5886078
a;85046773274110;7.114685;-4.962723;1.625412
a;85046793415711;6.7577667;-5.5429688;1.2155304
a;85046813557313;6.430771;-6.2105103;1.1011505
a;85046833698914;6.5772247;-5.656189;0.91238403
a;85046853840516;6.580368;-5.0535126;1.4888
a;85046873982117;6.069092;-4.741226;1.1719055
a;85046894123719;6.151016;-3.6722107;0.7392578
a;85046914265321;7.2464294;-3.4636993;1.7512054
a;85046934406922;6.460556;-3.9230652;1.4751434
a;85046954548524;5.8182526;-4.5321198;1.3857269
a;85046974690125;5.5266113;-4.2064667;1.996109
a;85046994831727;6.4644012;-3.9966278;3.1894836
a;85047014973328;6.678955;-4.718292;2.5119781
a;85047035114930;6.194504;-5.907303;1.3369904
a;85047055256531;6.39003;-6.8503876;0.29174805
a;85047075398133;6.1034393;-6.24144;0.28225708
a;85047095539735;5.8270264;-5.2678986;1.3673248
a;85047115681336;6.049347;-5.0033264;1.260498
a;85047135822938;5.9543;-5.5748444;0.016296387
a;85047155964539;5.175888;-6.0498657;-0.90441895
a;85047176106141;4.979141;-6.02124;-0.75845337
a;85047196247742;6.641693;-5.49321;0.30247498
a;85047216389344;8.397812;-5.526062;0.9388428
a;85047236530946;8.027786;-6.1722717;1.1246948
a;85047256672547;6.7261353;-6.807083;1.3130035
a;85047276814149;7.3490143;-6.784683;1.2478943
a;85047296955750;8.524292;-6.847168;1.3132629
a;85047317097352;8.857559;-7.410034;0.9969177
a;85047337238953;8.91655;-7.742691;0.7908783
a;85047357380555;9.131561;-8.230606;0.9987488
a;85047377522156;9.318222;-8.993271;1.1111298
a;85047397663758;9.168747;-9.59967;0.8911133
a;85047417805360;8.957886;-9.973221;1.1864929
a;85047437946961;9.286209;-10.370712;1.1402588
a;85047458088563;9.655975;-10.544601;0.5064087
a;85047478230164;9.652222;-10.972321;0.97612
a;85047498371766;9.541504;-12.07782;1.2919159
a;85047518513367;9.020035;-12.218674;0.66018677
a;85047538654969;9.023605;-10.566406;0.75901794
a;85047558796571;9.248474;-8.629303;1.2818756
a;85047578938172;8.938217;-8.448502;1.6918488
a;85047599079774;8.4322815;-9.053925;0.8652649
a;85047619221375;8.46843;-9.447372;0.03578186
a;85047639362977;8.175247;-8.955399;-0.18165588
a;85047659504578;8.258194;-7.8354797;0.38882446
a;85047679646180;8.234894;-6.8214417;0.60653687
a;85047699787781;8.171051;-6.346863;0.22019958
a;85047719929383;8.12532;-6.128845;0.33868408
a;85047740070985;7.7401123;-6.0525513;0.8295593
a;85047760212586;7.677719;-6.0243225;0.96720886
a;85047780354188;7.6921997;-5.7222595;0.3986206
a;85047800495789;7.454788;-5.4899597;0.28451538
a;85047820637391;7.3210907;-5.5961456;0.36143494
a;85047840778992;7.5345917;-5.982361;0.5791626
a;85047860920594;7.2343597;-6.225586;0.79374695
a;85047881062196;6.4330597;-6.163849;0.6026001
a;85047901203797;6.8461456;-5.692917;0.36151123
a;85047921345399;7.3683167;-5.0064545;0.7105255
a;85047941487000;7.096115;-4.665146;1.2524567
a;85047961628602;6.6885834;-5.120346;1.6818848
a;85047981770203;6.315201;-5.109604;1.2092896
a;85048001911805;5.7792664;-4.295105;0.23883057
a;85048022053406;5.546753;-3.1584015;0.32919312
a;85048042195008;6.295334;-2.877777;1.3489838
a;85048062336610;6.277832;-2.9729462;1.1189575
a;85048082478211;5.820236;-2.9195557;1.2098236
a;85048102619813;6.1145782;-2.9768677;2.0775452
a;85048122761414;6.3721313;-3.4922485;2.3335114
a;85048142903016;6.289154;-4.4232635;1.5547485
a;85048163044617;6.599289;-4.957077;0.89871216
a;85048183186219;7.327133;-4.7912903;1.1086578
a;85048203327821;7.211914;-6.0496063;2.2816925
a;85048223469422;6.7343445;-7.108673;1.3612823
a;85048243611024;7.3302;-6.8799896;0.59375
a;85048263752625;7.576996;-6.388809;0.5400238
a;85048283894227;7.0022125;-6.652252;0.78611755
a;85048304035828;5.946945;-6.951111;0.26486206
a;85048324177430;6.148117;-6.916397;0.40620422
a;85048344319031;6.774063;-6.5418243;0.6866913
a;85048364460633;6.7499237;-6.340378;0.6701355
a;85048384602235;6.643448;-6.3910065;0.52301025
a;85048404743836;7.4165344;-6.3230133;-0.03704834
a;85048424885438;8.977173;-6.925476;0.07435608
a;85048445027039;8.591293;-7.554428;0.151474
a;85048465168641;7.566437;-7.884613;0.5400238
a;85048485310242;8.045212;-7.628174;1.2029114
a;85048505451844;8.6857605;-7.5158386;1.5041351
a;85048525593446;9.020187;-7.8905487;1.1210632
a;85048545735047;9.472122;-8.569321;0.8801422
a;85048565876649;9.774216;-9.690887;1.2937012
a;85048586018250;9.4077;-9.885147;1.9063873
a;85048606159852;9.635101;-10.2799225;2.4802856
a;85048626301453;9.764938;-12.121002;3.7664642
a;85048646443055;8.926697;-12.885712;1.6039581
a;85048666584656;8.367294;-11.4414215;0.7643738
a;85048686726258;8.695938;-9.2733;1.9714355
a;85048706867860;8.652557;-8.527191;2.5011444
a;85048727009461;8.41246;-9.009338;1.6586761
a;85048747151063;8.345306;-9.599533;0.22721863
a;85048767292664;8.407867;-9.478439;0.09591675
a;85048787434266;8.334457;-8.792419;0.73243713
a;85048807575867;8.257538;-7.7180023;0.91386414
a;85048827717469;8.087616;-6.8894043;0.92077637
a;85048847859071;8.202576;-5.951172;0.8851776
a;85048868000672;8.174133;-6.0101166;0.6766205
a;85048888142274;7.6805725;-6.7467194;0.6739807
a;85048908283875;7.433975;-6.5089417;0.7465668
a;85048928425477;7.572815;-5.6666565;1.3191223
a;85048948567078;7.4242554;-5.477417;1.3322144
a;85048968708680;7.439087;-6.019226;1.2968445
a;85048988850281;7.549469;-6.3523865;0.8513794
a;85049008991883;7.250046;-6.3034973;0.73513794
a;85049029133485;6.7130585;-6.15419;1.1459656
a;85049049275086;6.490402;-5.575287;1.2414246
a;85049069416688;6.5092926;-4.985489;1.4960022
a;85049089558289;6.4267883;-5.0710754;1.3091278
a;85049109699891;6.055252;-5.6010895;1.323761
a;85049129841492;5.4675903;-5.587311;1.2856598
a;85049149983094;5.093628;-3.4510498;-0.8120575
a;85049170124696;6.424179;-2.5982666;1.6889648
a;85049190266297;6.1423035;-2.1087341;1.742279
a;85049210407899;5.0659943;-2.4279938;1.618576
a;85049230549500;5.435074;-2.6544037;2.2364044
a;85049250691102;6.2287903;-3.2322388;2.4062958
a;85049270832703;6.4540863;-4.151657;2.346634
a;85049290974305;6.5359344;-4.8087463;2.3828278
a;85049311115906;6.4488525;-4.840515;2.3539276
a;85049331257508;6.160553;-4.747528;2.2384033
a;85049351399110;6.7955627;-5.569504;3.3453064
a;85049371540711;6.9855804;-6.7702026;2.7691498
a;85049391682313;6.5605774;-7.5651093;0.7084961
a;85049411823914;6.619858;-7.1035767;0.3909607
a;85049431965516;7.0633698;-6.5259705;0.83203125
a;85049452107117;7.2207184;-6.5596313;1.3302155
a;85049472248719;6.5719147;-6.4432983;1.1847687
a;85049492390321;6.5487976;-6.3317413;0.90449524
a;85049512531922;7.960968;-6.5094757;0.56851196
a;85049532673524;9.057144;-7.0131073;1.0377197
a;85049552815125;8.4765625;-7.27536;1.3571777
a;85049572956727;7.525284;-7.2297363;1.4586792
a;85049593098328;7.7711487;-6.90036;1.4082794
a;85049613239930;8.086609;-7.391464;1.7501068
a;85049633381531;7.855942;-8.267532;1.9302979
a;85049653523133;7.779434;-8.423584;1.6322174
a;85049673664735;8.20018;-8.027496;1.0194855
a;85049693806336;9.227264;-8.01503;0.7546997
a;85049713947938;10.405151;-8.39502;0.9438782
a;85049734089539;10.783585;-9.415985;1.8645172
a;85049754231141;10.267105;-11.246231;3.0121307
a;85049774372742;9.944351;-11.757919;1.0718994
a;85049794514344;9.643463;-11.312134;-0.16523743
a;85049814655946;9.098755;-9.985275;0.26586914
a;85049834797547;8.65715;-8.920273;1.5861664
a;85049854939149;8.586594;-8.935303;1.8715668
a;85049875080750;8.338455;-9.410202;1.3178253
a;85049895222352;8.0056;-9.299454;0.94615173
a;85049915363953;7.691681;-8.2313385;1.1365662
a;85049935505555;7.7559357;-7.387665;1.3296051
a;85049955647156;7.6991425;-7.0435333;1.3309021
a;85049975788758;7.659561;-7.0804443;1.3815613
a;85049995930360;7.423416;-7.130127;1.341095
a;85050016071961;7.0709534;-6.4731445;0.8735962
a;85050036213563;7.182419;-5.9701843;0.75076294
a;85050056355164;7.372452;-6.154068;1.1363983
a;85050076496766;7.186035;-6.337494;1.142334
a;85050096638367;7.1283417;-6.1993103;1.5331421
a;85050116779969;7.226166;-6.1425934;1.6785431
a;85050136935386;7.096863;-6.4450226;1.4104004
a;85050157076987;6.7209625;-6.626999;0.71595764
a;85050177218589;6.630951;-6.282715;0.6062927
a;85050197360190;6.630768;-5.683563;0.9563904
a;85050217501792;6.901764;-5.409317;1.1266937
a;85050237643393;7.0432434;-5.3961945;0.5673065
a;85050257784995;6.8673706;-5.756851;0.25732422
a;85050277926596;6.4194946;-5.668869;-0.026138306
a;85050298068198;6.3753967;-4.934601;-0.20336914
a;85050318209800;6.6253204;-4.622101;0.26132202
a;85050338351401;6.0467224;-3.5084534;-0.3487091
a;85050358493003;6.4283752;-3.373764;1.1670532
a;85050378634604;6.597;-2.8580627;1.0336761
a;85050398776206;6.5561523;-3.1588593;1.1302338
a;85050418917807;7.130768;-4.66626;1.7360382
a;85050439059409;6.570877;-6.2714386;1.0759125
a;85050459201011;5.804199;-6.7687073;0.29885864
a;85050479342612;6.6815033;-5.783066;0.5043335
a;85050499484214;7.403488;-4.970413;0.82014465
a;85050519625815;7.131714;-5.463974;0.8913727
a;85050539767417;5.8803253;-6.3282166;0.8519592
a;85050559909018;5.6074066;-6.0481873;0.50901794
a;85050580050620;6.9139404;-5.1632843;0.0041503906
a;85050600192221;8.255066;-4.391678;-0.5683899
a;85050620333823;7.9504547;-5.3161316;0.06440735
a;85050640475425;6.055176;-6.6777496;0.32592773
a;85050660617026;6.039139;-7.060211;0.37524414
a;85050680758628;8.304398;-5.97995;0.32878113
a;85050700900229;9.056763;-5.5210724;0.49369812
a;85050721041831;8.743576;-7.024246;1.3609772
a;85050741183432;7.803299;-7.908325;1.3626404
a;85050761325034;8.552658;-7.2209167;0.93566895
a;85050781466636;9.905502;-6.8209534;1.0155487
a;85050801608237;10.882904;-7.547333;1.3913116
a;85050821749839;9.80481;-9.559982;1.4460297
a;85050841891440;9.435013;-10.758453;0.4310913
a;85050862033042;10.072815;-12.08989;0.41915894
a;85050882174643;9.674362;-12.943634;0.4665985
a;85050902316245;9.007584;-11.416779;-0.37539673
a;85050922457846;9.407562;-9.657623;0.18403625
a;85050942599448;9.182983;-8.993622;0.56889343
a;85050962741050;8.47998;-9.457031;0.36943054
a;85050982882651;8.274033;-9.64801;-0.12605286
a;85051003024253;8.622559;-8.897049;-0.18998718
a;85051023165854;8.548904;-8.147949;0.026382446
a;85051043307456;8.413605;-7.4396515;0.347641
a;85051063449057;8.588486;-7.009842;0.3557434
a;85051083590659;8.616501;-6.689438;0.40968323
a;85051103732261;8.132248;-6.4358673;0.09259033
a;85051123873862;7.518753;-6.1372223;0.26255798
a;85051144015464;7.666092;-5.901779;0.72151184
a;85051164157065;7.8698273;-5.455719;0.82095337
a;85051184298667;7.838928;-4.850754;1.2513123
a;85051204440268;7.4817657;-4.796936;1.2985992
a;85051224581870;7.110306;-4.932068;1.1250305
a;85051244723471;7.2190247;-4.9369965;1.0235443
a;85051264865073;7.119034;-4.923889;1.3269958
a;85051285006675;6.6874695;-4.7861176;1.1106567
a;85051305148276;6.425415;-4.8870697;1.3466187
a;85051325289878;6.505142;-4.816971;1.2471466
a;85051345431479;6.6484375;-4.792511;1.315445
a;85051365573081;6.748932;-4.4140625;1.3789215
a;85051385714682;6.753189;-4.018341;1.1687927
a;85051405856284;6.708206;-3.985962;1.4466705
a;85051425997886;6.2238464;-3.964737;0.9317627
a;85051446139487;6.116989;-4.0624084;1.0403442
a;85051466281089;6.679901;-4.3844604;1.1904144
a;85051486422690;6.5265503;-5.100403;0.9771271
a;85051506564292;6.4848175;-6.0435944;1.179657
a;85051526705893;6.280731;-6.2420654;0.68821716
a;85051546847495;6.366806;-6.033722;1.0142822
a;85051566989096;6.862503;-5.564148;1.109726
a;85051587130698;6.5253754;-5.570648;1.2729797
a;85051607272300;5.85466;-5.9990845;1.3770294
a;85051627413901;5.892029;-5.8026886;0.8997345
a;85051647555503;7.099045;-5.2641296;0.3481598
a;85051667697104;7.807434;-5.103073;0.015029907
a;85051687838706;7.2044983;-6.194702;0.7186432
a;85051707980307;6.7914124;-6.8649445;1.2456207
a;85051728121909;7.8879547;-6.1144714;1.2349396
a;85051748263511;8.857834;-5.620468;1.0126343
a;85051768405112;8.925919;-6.6247253;1.013855
a;85051788546714;8.59877;-7.807434;1.4267731
a;85051808688315;8.581955;-7.9007263;1.8978729
a;85051828829917;8.531128;-7.247116;1.7932434
a;85051848971518;8.426529;-7.1392365;1.9498138
a;85051869113120;8.572983;-7.956482;1.7894135
a;85051889254721;8.613632;-8.412094;1.1821289
a;85051909396323;8.619965;-8.616501;0.8993988
a;85051929537925;8.479721;-9.818497;1.353714
a;85051949679526;8.212128;-11.0933075;1.5741577
a;85051969821128;8.264206;-10.885437;1.3262329
a;85051989962729;8.484039;-10.50946;1.1941986
a;85052010104331;8.137207;-10.308136;0.70680237
a;85052030245932;8.032288;-9.302277;0.86901855
a;85052050387534;8.346329;-8.272522;1.6591644
a;85052070529136;8.039612;-8.480637;1.8993073
a;85052090670737;7.5155487;-8.37236;1.6604767
a;85052110812339;7.813446;-7.800461;1.7614288
a;85052130953940;8.183258;-7.530884;1.7358856
a;85052151095542;7.995224;-7.511627;1.4662476
a;85052171237143;7.965149;-7.4167633;1.3444977
a;85052191378745;7.87912;-7.3940125;1.3063812
a;85052211520346;7.240036;-7.0322723;1.0320587
a;85052231661948;7.267578;-6.1704865;0.7925415
a;85052251803550;7.9772186;-5.6208954;0.48747253
a;85052271945151;7.91951;-6.572754;0.9641571
a;85052292086753;6.6780853;-7.3788605;0.074035645
a;85052312228354;6.8411255;-7.2640076;0.11982727
a;85052332369956;7.483612;-6.383499;0.43496704
a;85052352511557;7.318329;-5.8648987;0.66908264
a;85052372653159;6.9238586;-5.5717926;0.81274414
a;85052392794761;7.0253754;-5.307251;1.3192291
a;85052412936362;6.872772;-5.4256134;1.5054626
a;85052433077964;6.284836;-5.66037;1.3209381
a;85052453219565;5.8863525;-5.6427917;1.1546783
a;85052473361167;6.078171;-5.161026;0.8905182
a;85052493502768;6.536026;-4.6030884;0.8221588
a;85052513644370;6.8139343;-4.4088745;0.71733093
a;85052533785971;6.9049225;-4.863556;0.8595276
a;85052553927573;7.0639343;-5.434204;1.0479431
a;85052574069175;7.342819;-5.535431;1.0003815
a;85052594210776;7.736038;-5.6009674;0.9980469
a;85052614352378;7.7942047;-5.757904;1.058548
a;85052634493979;7.771118;-5.946396;0.9454651
a;85052654635581;7.7786255;-6.2844086;0.92944336
a;85052674777182;7.5865936;-6.7668304;1.1271057
a;85052694918784;7.5420685;-7.1434326;1.2172546
a;85052715060386;7.6846313;-6.542038;0.980423
a;85052735201987;8.096222;-5.939163;0.96473694
a;85052755343589;8.229523;-6.376465;1.4069824
a;85052775485190;7.861847;-6.790497;1.3439789
a;85052795626792;7.7922974;-6.517105;1.1607819
a;85052815768393;7.981781;-6.323929;1.0511627
a;85052835909995;8.151871;-6.837021;1.1728821
a;85052856051596;8.042191;-7.1867676;1.3112335
a;85052876193198;7.8891296;-6.882019;1.2523346
a;85052896334800;7.8695374;-6.6003113;1.2142029
a;85052916476401;7.667267;-6.9525604;1.8679504
a;85052936618003;7.3031464;-7.339157;1.7869873
a;85052956759604;7.361801;-6.881317;0.8528137
a;85052976901206;7.5384216;-6.673416;1.2400055
a;85052997042807;7.268387;-6.9735413;1.4183197
a;85053017184409;7.0914;-6.7992096;1.1462555
a;85053037326011;7.700699;-6.900543;1.6204681
a;85053057467612;7.7792816;-7.374542;0.6837311
a;85053077609214;7.431656;-7.646988;0.46699524
a;85053097750815;7.2558746;-7.444397;0.9746399
a;85053117892417;7.468506;-7.176483;1.492218
a;85053138034018;7.657181;-7.0558167;1.2833557
a;85053158175620;7.5635986;-7.3109894;0.9594879
a;85053178317221;7.2144165;-7.474701;1.0780029
a;85053198458823;6.8465424;-7.381653;1.4043884
a;85053218600425;6.525467;-7.195587;1.358551
a;85053238742026;6.0996246;-7.9065857;1.5231323
a;85053258883628;5.483078;-8.251923;0.65138245
a;85053279025229;5.126358;-8.234985;0.54248047
a;85053299166831;4.6204987;-7.360153;0.8450775
a;85053319308432;4.463745;-6.100998;1.34552
a;85053339450034;4.2302704;-4.866989;1.411972
a;85053359591636;4.1601105;-4.9763336;1.7556763
a;85053379733237;4.2201385;-4.7649994;1.4356842
a;85053399874839;4.464096;-3.7026215;1.5566864
a;85053420016440;4.6257477;-1.9004517;1.7779388
a;85053440158042;4.682068;-0.994751;1.6888885
a;85053460299643;4.480255;-1.4029236;1.1930847
a;85053480441245;4.2775726;-2.1320343;0.02748108
a;85053500582846;4.33313;-2.7748566;-0.32666016
a;85053520724448;4.3169556;-3.9868774;-0.6324005
a;85053540866050;4.390442;-4.8954315;-0.63087463
a;85053561007651;4.1815796;-6.450638;0.24942017
a;85053581149253;3.388977;-7.645294;-0.01222229
a;85053601290854;2.7651215;-8.109879;-0.30833435
a;85053621432456;2.181076;-9.065796;0.42207336
a;85053641574057;0.7454834;-10.816452;0.5458374
a;85053661715659;-0.5597992;-12.750549;-0.46931458
a;85053681857261;-1.3253632;-13.157394;-0.49415588
a;85053701998862;-1.9712524;-12.399902;0.6689453
a;85053722140464;-2.7888641;-12.4479065;1.3439331
a;85053742282065;-4.4806213;-12.540741;1.4216003
a;85053762423667;-5.597;-12.280319;0.87916565
a;85053782565268;-6.7285004;-11.314423;0.71372986
a;85053802706870;-7.7200317;-10.630768;0.8594208
a;85053822848471;-8.5634;-9.882828;0.1712799
a;85053842990073;-10.111496;-9.20845;-0.42056274
a;85053863131675;-11.223053;-8.784622;-0.9141998
a;85053883273276;-11.08902;-8.844955;-0.90919495
a;85053903414878;-11.988724;-9.4105835;-1.1421204
a;85053923556479;-15.700928;-9.350937;-2.102005
a;85053943698081;-15.9492035;-8.962433;-3.0646057
a;85053963839682;-13.99173;-9.394226;-3.8679504
a;85053983981284;-10.59697;-8.649139;-3.432312
a;85054004122886;-9.652374;-7.275421;-2.4549866
a;85054024264487;-10.082016;-5.87175;-1.7744293
a;85054044406089;-10.215164;-5.2946625;-1.0239716
a;85054064547690;-10.039261;-5.0908356;-1.2210388
a;85054084689292;-9.65239;-5.292053;-1.6937256
a;85054104830893;-8.890228;-5.0129547;-1.8366547
a;85054124972495;-8.269775;-4.6266937;-1.618454
a;85054145114096;-7.816162;-4.4335175;-1.4060974
a;85054165255698;-7.8296204;-4.208069;-1.5526123
a;85054185397300;-7.897522;-3.826416;-2.0052643
a;85054205538901;-8.114792;-3.5840454;-2.3252869
a;85054225680503;-8.637634;-3.656845;-2.5997467
a;85054245822104;-9.201279;-3.5250397;-2.8787231
a;85054265963706;-9.245239;-3.0809326;-2.6641693
a;85054286105307;-9.044968;-2.7091675;-2.3634338
a;85054306246909;-9.173935;-2.6936188;-2.3113708
a;85054326388511;-9.352783;-2.9863129;-2.4483185
a;85054346530112;-9.06102;-3.1983337;-2.3414764
a;85054366671714;-9.009613;-2.99263;-2.1640778
a;85054386813315;-9.247223;-2.873825;-2.0711517
a;85054406954917;-9.217407;-3.004776;-2.0327454
a;85054427096518;-9.069672;-2.989624;-1.9713593
a;85054447238120;-9.181519;-2.9556732;-1.8926697
a;85054467379721;-9.3329315;-2.8969727;-1.9235382
a;85054487521323;-9.333176;-2.9796295;-1.9402618
a;85054507662925;-9.276413;-3.0045166;-1.8826294
a;85054527804526;-9.163803;-3.021698;-1.8244324
a;85054547946128;-9.089035;-3.1475067;-1.890686
a;85054568087729;-9.076736;-3.2319489;-1.969986
a;85054588229331;-9.113831;-3.2131195;-2.006363
a;85054608370932;-9.076843;-3.1184998;-1.975647
a;85054628512534;-8.909531;-3.1045837;-1.9712067
a;85054648654136;-8.833542;-3.1850433;-2.049591
a;85054668795737;-8.941498;-3.268097;-2.1914825
a;85054688937339;-9.097656;-3.389679;-2.3314056
a;85054709078940;-9.116959;-3.4926147;-2.3536224
a;85054729220542;-9.066315;-3.5049896;-2.3667908
a;85054749362143;-8.971802;-3.5468292;-2.3957672
a;85054769503745;-8.897293;-3.652954;-2.3125763
a;85054789645346;-8.870041;-3.8274536;-2.29245
a;85054809786948;-8.886917;-3.9305725;-2.2899933
a;85054829928550;-8.922089;-4.0445404;-2.3370361
a;85054850070151;-8.884094;-4.166809;-2.3313599
a;85054870211753;-8.901672;-4.1941986;-2.2198334
a;85054890353354;-8.93309;-4.140732;-2.2791595
a;85054910494956;-8.948288;-4.0621643;-2.3322754
a;85054930636557;-8.901474;-4.0268707;-2.3259735
a;85054950778159;-8.870956;-3.9593048;-2.3339386
a;85054970919761;-8.867279;-3.898285;-2.2876282
a;85054991061362;-8.761749;-3.8830872;-2.3019562
a;85055011202964;-8.742325;-3.9128876;-2.2315063
a;85055031344565;-8.713516;-3.860672;-2.238739
a;85055051486167;-8.713226;-3.8111725;-2.2143402
a;85055071627768;-8.776749;-3.796112;-2.1928558
a;85055091769370;-8.814789;-3.832428;-2.2077026
a;85055111910971;-8.834595;-3.893814;-2.2087097
a;85055132052573;-8.824966;-3.8941193;-2.2474518
a;85055152194175;-8.786194;-3.907959;-2.2787476
a;85055172335776;-8.8112335;-3.897812;-2.2294006
a;85055192477378;-8.8134;-3.9107819;-2.2525177
a;85055212618979;-8.842316;-3.9121552;-2.3022766
a;85055232760581;-8.755341;-3.8779755;-2.226303
a;85055252902182;-8.751785;-3.8730774;-2.216751
a;85055273043784;-8.746277;-3.902893;-2.2660522
a;85055293185386;-8.743225;-3.9160004;-2.2799988
a;85055313326987;-8.728149;-3.9399414;-2.197754
a;85055333468589;-8.786774;-3.933899;-2.2600403
a;85055353610190;-8.883102;-3.8992004;-2.2940369
a;85055373751792;-8.871216;-3.9286346;-2.3218994
a;85055393893393;-8.817612;-4.0149994;-2.3126984
a;85055414034995;-8.758682;-4.0186768;-2.2884216
a;85055434176596;-8.748657;-3.978119;-2.3105316
a;85055454318198;-8.757446;-3.9246979;-2.2642822
a;85055474459800;-8.781982;-3.9160004;-2.3006744
a;85055494601401;-8.803574;-3.9608765;-2.259903
a;85055514743003;-8.780609;-3.9934235;-2.2467804
a;85055534884604;-8.775223;-4.0082703;-2.2745361
a;85055555026206;-8.784485;-3.9732513;-2.281479
a;85055575167807;-8.858093;-3.951767;-2.2632904
a;85055595309409;-8.806229;-3.9244843;-2.2355347
a;85055615451011;-8.776199;-3.879776;-2.2374878
a;85055635592612;-8.788345;-3.861847;-2.1868591
a;85055655734214;-8.798172;-3.8712616;-2.1731262
a;85055675875815;-8.812134;-3.8871002;-2.2309418
a;85055696017417;-8.826523;-3.8611908;-2.2400055
a;85055716159018;-8.866852;-3.91687;-2.2400055
a;85055736300620;-8.904816;-3.916809;-2.2653809
a;85055756442221;-8.919418;-3.9443207;-2.218155
a;85055776583823;-8.881577;-3.9459229;-2.2536926
a;85055796725425;-8.828827;-3.9197388;-2.242096
a;85055816867026;-8.804077;-3.8886414;-2.1845856
a;85055837008628;-8.766144;-3.9086456;-2.0919342
a;85055857150229;-8.791214;-3.9072876;-2.1943054
a;85055877291831;-8.856094;-3.9116974;-2.205536
a;85055897433432;-8.890961;-3.8876953;-2.1730957
a;85055917575034;-8.856079;-3.844452;-2.2129211
a;85055937716636;-8.833572;-3.846405;-2.1786804
a;85055957858237;-8.808136;-3.9110413;-2.1766205
a;85055977999839;-8.846848;-3.974762;-2.2102509
a;85055998141440;-8.855087;-4.0403137;-2.2445984
a;85056018283042;-8.8759;-4.0671997;-2.229538
a;85056038424643;-8.910812;-4.025955;-2.3024902
a;85056058566245;-8.902771;-3.9652252;-2.2712555
a;85056078707846;-8.788239;-3.9578247;-2.258789
a;85056098849448;-8.75972;-3.9521484;-2.256775
a;85056118991050;-8.732513;-3.9587097;-2.2309418
a;85056139132651;-8.713608;-3.93573;-2.2925568
a;85056159274253;-8.760696;-3.8679504;-2.278122
a;85056179415854;-8.757416;-3.9228973;-2.2501373
a;85056199557456;-8.783249;-3.9133453;-2.2904053
a;85056219699057;-8.794479;-3.99411;-2.2838135
a;85056239840659;-8.792465;-3.975998;-2.3137512
a;85056259982261;-8.856613;-3.993637;-2.2947845
a;85056280123862;-8.801163;-3.9665833;-2.25885
a;85056300265464;-8.755432;-3.9705048;-2.2911224
a;85056320407065;-8.816223;-3.9511871;-2.305481
a;85056340548667;-8.823715;-3.9346619;-2.2624664
a;85056360690268;-8.80455;-3.9121246;-2.2516632
a;85056380831870;-8.7846985;-3.9417267;-2.254654
a;85056400973471;-8.779846;-3.954895;-2.2657166
a;85056421115073;-8.801025;-3.9204865;-2.2565155
a;85056441256675;-8.8198395;-3.850006;-2.2556458
a;85056461398276;-8.793854;-3.8537903;-2.2112427
a;85056481539878;-8.792053;-3.890213;-2.1734924
a;85056501681479;-8.753494;-3.9379578;-2.2494812
a;85056521823081;-8.775803;-3.993866;-2.2897644
a;85056541964682;-8.809998;-4.1236725;-2.2375488
a;85056562106284;-8.787735;-4.238846;-2.2138824
a;85056582247886;-8.800903;-4.292679;-2.2528992
a;85056602389487;-8.862427;-4.2917023;-2.3022766
a;85056622531089;-8.755035;-4.306778;-2.2919312
a;85056642672690;-8.714188;-4.3176727;-2.324356
a;85056662814292;-8.730316;-4.3154297;-2.2871094
a;85056682955893;-8.76796;-4.3411407;-2.3184967
a;85056703097495;-8.807922;-4.4468994;-2.3536224
a;85056723239096;-8.909912;-4.6749115;-2.4726563
a;85056743380698;-8.895279;-4.6577606;-2.418106
a;85056763522300;-8.881012;-4.739502;-2.3010101
a;85056783663901;-9.046494;-5.657318;-2.1859436
a;85056803805503;-9.243774;-6.7491455;-3.0254211
a;85056823947104;-9.488983;-8.441223;-4.009857
a;85056844088706;-9.380722;-8.574387;-3.6116943
a;85056864230307;-9.088547;-8.375809;-3.1311646
a;85056884371909;-8.895111;-9.331299;-3.7348633
a;85056904513511;-8.922501;-9.742126;-3.3762512
a;85056924655112;-9.061462;-9.06604;-2.958969
a;85056944796714;-8.994736;-9.253967;-2.8974152
a;85056964938315;-8.758881;-9.779053;-3.1618042
a;85056985079917;-8.705231;-10.102112;-2.5855103
a;85057005221518;-8.806747;-10.472321;-2.1473389
a;85057025363120;-8.848923;-10.482986;-1.6556702
a;85057045504721;-8.62323;-10.259064;-1.6034241
a;85057065646323;-8.630386;-9.835724;-1.3909149
a;85057085787925;-8.441452;-8.034393;-0.44979858
a;85057105929526;-7.567108;-6.2031555;1.1222992
a;85057126071128;-6.689163;-5.034378;2.9230194
a;85057146212729;-6.845932;-4.1936035;4.1332855
a;85057166354331;-6.5531464;-3.6535492;4.66774
a;85057186495932;-5.546585;-3.2509918;5.521393
a;85057206637534;-4.7897797;-3.1065063;6.0089264
a;85057226779136;-5.031891;-2.410843;6.3542175
a;85057246920737;-4.4763184;-1.4917145;6.798172
a;85057267062339;-3.6714325;-1.4082794;6.933838
a;85057287203940;-3.2714386;-1.2936249;7.2387543
a;85057307345542;-3.1346588;-0.40255737;7.519821
a;85057327487143;-3.0473785;0.7560272;8.02533
a;85057347628745;-2.3025665;1.0124054;7.983017
a;85057367770346;-1.1600342;0.12928772;7.577667
a;85057387911948;-1.019516;0.06211853;7.605423
a;85057408053550;-1.1497955;0.311615;7.6484833
a;85057428195151;-1.0344391;0.5558624;7.7086945
a;85057448336753;-0.81355286;0.7223511;7.8790436
a;85057468478354;-0.8112793;0.6178436;8.480606
a;85057488619956;-0.7010803;0.58691406;8.769684
a;85057508761557;-0.47158813;0.47984314;8.657288
a;85057528903159;-0.5266876;0.30291748;8.445831
a;85057549044761;-0.8376007;0.31321716;8.758148
a;85057569186362;-0.42001343;0.76828;8.870605
a;85057589327964;-0.48062134;0.76075745;8.965393
a;85057609469565;-1.0122528;0.40167236;9.053558
a;85057629611167;-0.69314575;0.5301056;9.386383
a;85057649752768;-0.9150238;0.21253967;9.880402
a;85057669894370;-0.86883545;-0.0741272;9.96521
a;85057690035971;-0.96147156;-0.15093994;9.988693
a;85057710177573;-1.1083832;-0.2639618;9.732147
a;85057730319175;-0.9898529;0.39535522;9.932129
a;85057750460776;-1.0310364;0.5606842;10.182144
