a;12489795553407;1.3340607;0.84887695;9.789612
a;12489815695008;1.2986298;0.87075806;9.817169
a;12489835836610;1.2404327;0.89393616;9.791183
a;12489855978211;1.1291656;0.7016907;9.63327
a;12489876119813;1.2154083;1.117157;9.824646
a;12489896261414;1.2711334;1.1661072;9.858414
a;12489916403016;1.1367035;0.905426;9.63678
a;12489936544618;1.1396942;1.012497;9.777191
a;12489956686219;0.83657837;0.5307617;9.596115
a;12489976827821;0.9614868;1.263504;9.785446
a;12489996969422;0.9583435;1.4264069;9.818909
a;12490017111024;0.91625977;1.295929;9.625656
a;12490037252625;1.033493;1.5405273;9.575104
a;12490057394227;1.0523682;1.6300964;9.522507
a;12490077535829;1.0112762;1.6364594;9.507599
a;12490097677430;0.9680939;1.6134491;9.4729
a;12490117819032;0.9116821;1.4710083;9.294937
a;12490137960633;0.8658142;1.5522156;9.225342
a;12490158102235;0.86738586;1.7194977;9.202072
a;12490178243836;0.8601837;1.5779724;9.126587
a;12490198385438;0.8050995;1.2921143;9.037155
a;12490218527039;0.52893066;1.3111115;8.895187
a;12490238668641;-1.3027954;2.2204742;8.608154
a;12490258810243;0.68536377;1.1808319;7.9935455
a;12490278951844;0.094177246;0.58625793;6.8711243
a;12490299093446;-0.71061707;0.7242737;6.464157
a;12490319235047;-0.8816986;0.57855225;5.9487305
a;12490339376649;-0.9769745;0.10752869;5.253479
a;12490359518250;-1.1331482;-0.45365906;4.6788025
a;12490379659852;-1.2221222;-0.88072205;4.6683655
a;12490399801454;-1.4144897;-1.5417633;5.2361298
a;12490419943055;-2.022766;-3.0737152;5.9654236
a;12490440084657;-2.534256;-4.835449;6.400833
a;12490460226258;-2.675171;-5.3053284;6.486267
a;12490480367860;-3.1498413;-5.3915405;7.477371
a;12490500509461;-4.3839264;-6.1282196;9.111664
a;12490520651063;-5.4740753;-7.4759827;10.030167
a;12490540792664;-5.656708;-7.9429016;9.533615
a;12490560934266;-5.458542;-7.873657;8.672226
a;12490581075868;-5.662857;-7.337616;8.484024
a;12490601217469;-6.206833;-6.7654266;8.468918
a;12490621359071;-6.8348236;-6.3422394;8.300873
a;12490641500672;-7.5686646;-6.8523407;7.8129272
a;12490661642274;-8.126373;-7.4129944;6.7502136
a;12490681783875;-8.306946;-7.4151306;5.6109314
a;12490701925477;-8.497391;-7.0636597;4.7417755
a;12490722067079;-8.855942;-6.837967;4.060486
a;12490742208680;-9.306229;-6.779846;3.4063873
a;12490762350282;-9.733566;-6.868698;2.8621216
a;12490782491883;-10.048233;-7.076172;2.2729034
a;12490802633485;-10.259277;-7.3160095;1.8113861
a;12490822775086;-10.209808;-7.369049;1.6839905
a;12490842916688;-10.006149;-7.1384583;1.6578674
a;12490863058289;-9.76236;-6.628601;1.6891785
a;12490883199891;-9.604385;-5.9685364;1.8629456
a;12490903341493;-9.567078;-5.4237213;1.977417
a;12490923483094;-9.423264;-5.026108;2.1699066
a;12490943624696;-9.230576;-4.626404;2.2052002
a;12490963766297;-8.987854;-4.2008514;2.132141
a;12490983907899;-8.881378;-3.9654846;2.1020508
a;12491004049500;-8.867126;-3.9719849;2.1798553
a;12491024191102;-8.813843;-4.1330566;2.2091675
a;12491044332704;-8.794601;-4.181778;2.1527557
a;12491064474305;-8.703766;-4.1998596;2.0682678
a;12491084615907;-8.584869;-4.1994476;2.0721283
a;12491104757508;-8.604691;-4.222748;2.0316162
a;12491124899110;-8.81337;-4.2014008;1.9713287
a;12491145040711;-8.986893;-4.214279;1.8949432
a;12491165182313;-9.003006;-4.216339;1.8791809
a;12491185323914;-9.024506;-4.109024;1.9106903
a;12491205465516;-9.048492;-3.942627;1.9664917
a;12491225607118;-9.10936;-3.866623;1.9880219
a;12491245748719;-9.095291;-3.852188;2.0141754
a;12491265890321;-9.051132;-3.81633;1.9156799
a;12491286031922;-9.015076;-3.8515778;1.8955231
a;12491306173524;-8.975586;-3.86438;1.9310303
a;12491326315125;-8.944214;-3.8618927;1.8681488
a;12491346456727;-8.929382;-3.899109;1.8139038
a;12491366598329;-8.895859;-3.8667297;1.768631
a;12491386739930;-8.8954315;-3.7856445;1.7676239
a;12491406881532;-9.017532;-3.9563446;1.8176422
a;12491427023133;-8.853439;-4.0172424;1.7879333
a;12491447164735;-8.961533;-3.8996277;1.904892
a;12491467306336;-9.011215;-3.900116;1.9190979
a;12491487447938;-8.98909;-3.9951324;1.749176
a;12491507589539;-8.992523;-3.9040375;1.7803192
a;12491527731141;-8.988068;-3.8108215;1.792572
a;12491547872743;-9.011581;-3.8768616;1.8456268
a;12491568014344;-8.865036;-3.7834778;1.8617706
a;12491588155946;-8.892136;-3.8738098;1.9571991
a;12491608297547;-8.7491;-3.6642609;2.0698242
a;12491628439149;-9.034836;-3.85495;2.0182037
a;12491648580750;-8.899658;-3.859375;2.054947
a;12491668722352;-8.85495;-3.862259;2.1261292
a;12491688863954;-9.032761;-3.9334106;1.9397125
a;12491709005555;-8.935013;-3.9273071;2.245453
a;12491729147157;-8.818375;-3.7319336;2.3113098
a;12491749288758;-9.1349945;-3.7897034;2.6079254
a;12491769430360;-9.131012;-3.9169006;2.5813599
a;12491789571961;-9.002808;-4.3071747;2.371933
a;12491809713563;-8.897308;-4.460541;2.3065643
a;12491829855164;-8.881317;-4.231613;2.286972
a;12491849996766;-8.852875;-3.9399261;2.219696
a;12491870138368;-8.908142;-3.9306488;2.138733
a;12491890279969;-8.903488;-3.996643;2.0648956
a;12491910421571;-8.89151;-3.9155426;2.110489
a;12491930563172;-8.932144;-3.8206177;2.144806
a;12491950704774;-9.004288;-3.830536;2.0795288
a;12491970846375;-9.037384;-3.8920135;1.9885559
a;12491990987977;-8.998978;-3.945938;1.9865112
a;12492011129579;-8.919754;-3.9443054;2.0121918
a;12492031271180;-8.943069;-3.9539337;1.9803772
a;12492051412782;-8.847443;-3.92128;1.9363403
a;12492071554383;-8.918167;-3.8764496;1.9825134
a;12492091695985;-8.989426;-3.861145;2.0115204
a;12492111837586;-8.9136505;-3.8931274;2.0243073
a;12492131979188;-8.911957;-3.9227753;2.033844
a;12492152120789;-8.893433;-3.9365387;2.0162354
a;12492172262391;-8.8945465;-3.902954;2.0259705
a;12492192403993;-8.888367;-3.8899078;2.0513153
a;12492212545594;-8.960617;-3.907074;2.0318909
a;12492232687196;-8.987045;-3.919098;2.0393066
a;12492252828797;-8.937988;-3.904892;2.0959015
a;12492272970399;-8.941589;-3.931137;2.1353607
a;12492293112000;-8.925491;-3.917923;2.124115
a;12492313253602;-8.880615;-3.8959045;2.1601257
a;12492333395204;-8.927292;-3.8704224;2.0739136
a;12492353536805;-8.98204;-3.9093475;1.9955139
a;12492373678407;-8.977676;-3.9225464;2.1227417
a;12492393820008;-8.999649;-3.8990173;2.2011871
a;12492413961610;-9.014648;-3.9453278;2.2858887
a;12492434103211;-8.949463;-3.9231415;2.2721863
a;12492454244813;-8.924774;-3.9108887;2.1431274
a;12492474386414;-9.011002;-3.9410248;2.081833
a;12492494528016;-8.983597;-3.9116669;2.0741882
a;12492514669618;-8.990982;-3.9021149;2.098526
a;12492534811219;-9.020782;-3.907425;2.109787
a;12492554952821;-8.986237;-3.9010468;2.1104279
a;12492575094422;-8.9570465;-3.8989258;2.0751953
a;12492595236024;-8.948074;-3.8987427;2.0646057
a;12492615348253;-8.948807;-3.8906708;2.0496826
a;12492635489855;-8.938202;-3.9166718;2.030655
a;12492655631457;-8.952347;-3.901825;2.0183563
a;12492675773058;-8.906921;-3.8891144;2.06456
a;12492695914660;-8.938889;-3.8895416;2.09581
a;12492716056261;-8.977463;-3.90271;2.0429077
a;12492736197863;-9.007492;-3.898529;2.0630188
a;12492756339464;-8.999374;-3.8864136;2.0763397
a;12492776481066;-8.952408;-3.8893585;2.0871277
a;12492796622667;-8.913696;-3.8974152;2.0659485
a;12492816764269;-8.918167;-3.923874;2.0609741
a;12492836905871;-8.939774;-3.921051;2.074173
a;12492857047472;-8.999649;-3.903244;2.0355377
a;12492877189074;-9.024536;-3.942276;2.0574646
a;12492897330675;-8.983749;-3.9425354;2.075882
a;12492917472277;-8.923752;-3.9179535;2.08844
a;12492937613878;-8.930176;-3.9048615;2.0793
a;12492957755480;-8.936783;-3.8579254;2.0692902
a;12492977897082;-8.938141;-3.8972015;2.0742798
a;12492998038683;-8.943634;-3.9197235;2.0937653
a;12493018180285;-8.938599;-3.9090424;2.1279602
a;12493038321886;-8.945969;-3.9153137;2.0968933
a;12493058463488;-8.952164;-3.908661;2.0920105
a;12493078605089;-8.988174;-3.937317;2.099121
a;12493098746691;-8.933838;-3.904129;2.108673
a;12493118888292;-8.885803;-3.8807526;2.145218
a;12493139029894;-8.901413;-3.9031067;2.1193695
a;12493159171496;-8.910385;-3.8895874;2.0927582
a;12493179313097;-8.933319;-3.8892365;2.1539307
a;12493199454699;-8.928513;-3.8866272;2.1021118
a;12493219596300;-8.974442;-3.9478455;2.0956879
a;12493239737902;-8.970367;-3.9650269;2.1060944
a;12493259879503;-8.955582;-3.930954;2.099289
a;12493280021105;-8.926468;-3.954132;2.1666412
a;12493300162707;-8.897797;-3.9432068;2.1167145
a;12493320304308;-8.901047;-3.9405365;2.1141205
a;12493340445910;-8.95929;-3.9615936;2.1144867
a;12493360587511;-8.8884735;-3.9299622;2.1439056
a;12493380729113;-8.893448;-3.9806519;2.1068573
a;12493400870714;-8.900894;-4.014282;2.1303253
a;12493421012316;-8.863693;-3.9793243;2.1407928
a;12493441153917;-8.8638;-3.977829;2.1561737
a;12493461295519;-8.908188;-3.9388428;2.1116486
a;12493481437121;-8.944092;-3.9676208;2.1403198
a;12493501578722;-8.921799;-3.9856873;2.143341
a;12493521720324;-8.91597;-3.98938;2.1532745
a;12493541861925;-8.93367;-3.98674;2.1320496
a;12493562003527;-8.99324;-4.0089264;2.1369476
a;12493582145128;-8.996338;-3.9875336;2.1900177
a;12493602286730;-8.92157;-3.919876;2.2084808
a;12493622428332;-8.921829;-3.9531097;2.1791687
a;12493642569933;-8.948898;-3.925171;2.166565
a;12493662711535;-8.905975;-3.9323273;2.1424866
a;12493682853136;-8.917755;-3.9574432;2.1236572
a;12493702994738;-8.948395;-3.9267426;2.106781
a;12493723136339;-8.981155;-3.908554;2.0610046
a;12493743277941;-8.998322;-3.9209595;2.0889435
a;12493763419542;-8.948898;-3.9229736;2.0741272
a;12493783561144;-8.942276;-3.910614;2.0393372
a;12493803702746;-8.931061;-3.8969116;2.03833
a;12493823844347;-8.916595;-3.898117;2.045044
a;12493843985949;-8.9496765;-3.8840637;2.0454865
a;12493864127550;-8.994858;-3.8923492;2.05365
a;12493884269152;-8.982849;-3.8840942;2.105133
a;12493904410753;-8.97644;-3.8651276;2.125763
a;12493924552355;-9.003723;-3.8596497;2.1287384
a;12493944693957;-8.982697;-3.8753204;2.146637
a;12493964835558;-9.005341;-3.8740692;2.1618347
a;12493984977160;-8.939026;-3.8126526;2.1827545
a;12494005118761;-8.928116;-3.8355255;2.1288757
a;12494025260363;-8.932419;-3.8726044;2.1412659
a;12494045401964;-8.964447;-3.8639984;2.2054443
a;12494065543566;-8.954254;-3.9009094;2.1519928
a;12494085685167;-8.909775;-3.9071198;2.1132813
a;12494105826769;-8.922485;-3.9133759;2.103531
a;12494125968371;-8.957336;-3.9343414;2.0938416
a;12494146109972;-8.982727;-3.9339752;2.1408386
a;12494166251574;-8.930832;-3.934967;2.1285095
a;12494186393175;-8.912567;-3.9432983;2.0792694
a;12494206534777;-8.929062;-3.9624786;2.0733337
a;12494226676378;-8.938416;-3.9470978;2.1026459
a;12494246817980;-8.924774;-3.9340363;2.092987
a;12494266959582;-8.969574;-3.9461823;2.0897217
a;12494287101183;-8.925842;-3.941681;2.1030273
a;12494307242785;-8.911362;-3.9190521;2.1282196
a;12494327384386;-8.934814;-3.910324;2.1108246
a;12494347525988;-8.983322;-3.9270782;2.1497955
a;12494367667589;-9.087738;-3.9405823;2.156128
a;12494387809191;-9.034058;-3.916977;2.1967163
a;12494407950792;-8.918533;-3.91951;2.171814
a;12494428092394;-8.838318;-3.89299;2.1951447
a;12494448233996;-8.823105;-3.8104553;2.1496887
a;12494468375597;-8.907837;-3.819931;2.1409607
a;12494488517199;-8.9197235;-3.8587189;2.136261
a;12494508658800;-8.94075;-3.904602;2.1252136
a;12494528800402;-8.991547;-3.9128265;2.055481
a;12494548942003;-8.9952545;-3.900055;2.0481873
a;12494569083605;-8.95015;-3.8941956;2.0275574
a;12494589225207;-8.959488;-3.8908234;2.069046
a;12494609366808;-8.942886;-3.8887024;2.0807648
a;12494629508410;-8.948578;-3.873169;2.08313
a;12494649650011;-8.94342;-3.8448944;2.0738525
a;12494669791613;-8.93515;-3.8945007;2.0644073
a;12494689933214;-8.952301;-3.8945618;2.1074524
a;12494710074816;-8.9640045;-3.877182;2.138214
a;12494730216417;-8.9543915;-3.8638;2.1311646
a;12494745322619;-8.932343;-3.8878632;2.143402
a;12494765464220;-8.948517;-3.8795319;2.1332245
a;12494785605822;-8.994492;-3.874298;2.1651306
a;12494805747423;-9.01355;-3.8991241;2.1833496
a;12494825889025;-9.042847;-3.9407043;2.192459
a;12494846030626;-8.96257;-3.8841553;2.2232666
a;12494866172228;-8.9032135;-3.859085;2.1661682
a;12494881278429;-8.904175;-3.8612518;2.1436157
a;12494901420031;-8.902161;-3.8722992;2.1607819
a;12494921561632;-8.971725;-3.8707123;2.1849823
a;12494941703234;-8.99646;-3.8830566;2.1648407
a;12494961844835;-9.008209;-3.9105682;2.098877
a;12494981986437;-9.007172;-3.9296722;2.114334
a;12495002128039;-8.947067;-3.9178772;2.0884094
a;12495022269640;-8.940018;-3.8941803;2.1525574
a;12495042411242;-8.921188;-3.877533;2.1169586
a;12495062552843;-8.947815;-3.8897552;2.1061249
a;12495082694445;-8.97287;-3.8950958;2.1218262
a;12495102836046;-8.919342;-3.8755798;2.114624
a;12495122977648;-8.968842;-3.9062195;2.1016693
a;12495143119249;-8.9822235;-3.8897247;2.1175232
a;12495163260851;-8.9935;-3.8843536;2.128952
a;12495183402453;-8.975037;-3.8673096;2.1590881
a;12495203544054;-8.956238;-3.8661957;2.1203766
a;12495223685656;-8.93718;-3.884613;2.1616516
a;12495243827257;-8.95903;-3.8660583;2.170578
a;12495263968859;-8.963882;-3.8385162;2.187622
a;12495284110460;-8.941284;-3.8319397;2.1890411
a;12495304252062;-8.925659;-3.8544464;2.1561584
a;12495324393664;-8.949936;-3.858612;2.206543
a;12495344535265;-8.949768;-3.8285828;2.206543
a;12495364676867;-8.970474;-3.8247833;2.2180176
a;12495384818468;-8.973602;-3.852707;2.1881561
a;12495404960070;-8.972015;-3.8562927;2.1878662
a;12495425101671;-8.952881;-3.8349304;2.1818848
a;12495445243273;-8.945282;-3.8361053;2.1780548
a;12495465384874;-8.959595;-3.831665;2.1482697
a;12495485526476;-8.943283;-3.8366241;2.1988068
a;12495505668078;-8.873917;-3.8376312;2.142868
a;12495525809679;-8.886398;-3.8608704;2.1609192
a;12495545951281;-8.912537;-3.8433075;2.1621857
a;12495566092882;-8.934021;-3.8697205;2.156372
a;12495586234484;-8.978958;-3.8631592;2.1449738
a;12495606376085;-8.931213;-3.8487396;2.13591
a;12495626517687;-8.928085;-3.7979736;2.0731049
a;12495646659289;-8.91832;-3.8878784;2.0680695
a;12495666800890;-8.9800415;-3.9608154;2.119995
a;12495686942492;-8.854782;-3.871338;2.2574158
a;12495707084093;-8.922516;-3.8049011;2.2492065
a;12495727225695;-8.928024;-3.8913727;2.1224823
a;12495747367296;-8.912781;-3.8387604;2.1681519
a;12495767508898;-8.943939;-3.8108673;2.1664734
a;12495787650499;-8.9991;-3.8227844;2.1908264
a;12495807792101;-8.965103;-3.8207703;2.185196
a;12495827933703;-8.960724;-3.8081665;2.1611023
a;12495848075304;-8.939713;-3.7967834;2.1556244
a;12495868216906;-8.898926;-3.81427;2.1868439
a;12495888358507;-8.908173;-3.8270416;2.1794739
a;12495908500109;-8.991928;-3.841629;2.1592102
a;12495928641710;-8.984619;-3.839386;2.1977234
a;12495948783312;-8.9678955;-3.8361206;2.1726227
a;12495968924914;-8.942291;-3.8648376;2.1545868
a;12495989066515;-8.934586;-3.8787384;2.1746063
a;12496009208117;-8.93457;-3.863922;2.2040558
a;12496029349718;-8.966019;-3.8655396;2.167282
a;12496049491320;-8.992767;-3.8918457;2.181244
a;12496069632921;-8.970581;-3.911911;2.1549225
a;12496089774523;-8.963806;-3.89888;2.1461182
a;12496109916124;-8.941666;-3.8740692;2.1812286
a;12496130057726;-8.93808;-3.8368073;2.162918
a;12496150199328;-8.941376;-3.8754883;2.1635132
a;12496170340929;-8.957596;-3.8776703;2.1228333
a;12496190482531;-8.9557495;-3.8523254;2.1558228
a;12496210624132;-8.927994;-3.841568;2.1395874
a;12496230765734;-8.966675;-3.878708;2.1826172
a;12496250907335;-8.975021;-3.8706207;2.186615
a;12496271048937;-8.977798;-3.8122253;2.1759796
a;12496291190539;-8.9505005;-3.8284454;2.1788483
a;12496311332140;-8.956375;-3.838379;2.1792145
a;12496331473742;-8.974213;-3.8529968;2.2023773
a;12496351615343;-8.944702;-3.841385;2.192871
a;12496371756945;-8.959351;-3.8494415;2.1709747
a;12496391898546;-8.991806;-3.846466;2.2177887
a;12496412040148;-9.004669;-3.8369904;2.1852417
a;12496432181749;-8.969406;-3.84758;2.184433
a;12496452323351;-8.962509;-3.8479156;2.1688538
a;12496472464953;-8.952667;-3.8531952;2.1621857
a;12496492606554;-8.950958;-3.8779297;2.1902466
a;12496512748156;-8.942474;-3.8865662;2.1606598
a;12496532889757;-8.932419;-3.8666687;2.1656342
a;12496553031359;-8.984604;-3.8894806;2.1560059
a;12496573172960;-8.970444;-3.8952026;2.1980438
a;12496593314562;-8.98555;-3.889267;2.1929321
a;12496613456164;-8.9700165;-3.843338;2.1755676
a;12496633597765;-8.993347;-3.818695;2.12529
a;12496653739367;-8.996506;-3.8233185;2.123703
a;12496673880968;-9.089752;-3.817871;2.1582794
a;12496694022570;-9.155731;-3.7739716;2.2054596
a;12496714164171;-9.175491;-3.5387726;2.4409485
a;12496734305773;-9.427704;-3.2746582;2.5276947
a;12496754447374;-9.58461;-3.285904;2.3712769
a;12496774588976;-9.423187;-3.4568634;2.2400818
a;12496794730578;-9.133499;-3.6027527;2.3612366
a;12496814872179;-9.041855;-3.29039;2.8983612
a;12496835013781;-9.230789;-2.6794586;3.1421967
a;12496855155382;-9.368851;-3.0175018;2.6020203
a;12496875296984;-8.972977;-3.8147583;3.180893
a;12496895438585;-8.501923;-4.113083;4.0865173
a;12496915580187;-8.910141;-4.0970764;4.4495697
a;12496935721789;-9.32019;-4.4648285;5.752243
a;12496950827990;-8.980362;-4.695526;6.445404
a;12496970969591;-8.737564;-5.3501587;6.13739
a;12496991111193;-9.309982;-6.5598145;6.5962677
a;12497011252794;-9.505295;-7.597183;7.0138702
a;12497031394396;-9.053177;-8.536209;6.836487
a;12497051535998;-8.811905;-9.517426;6.444336
a;12497071677599;-8.873886;-9.994736;5.9736023
a;12497091819201;-9.19278;-10.641159;5.6194153
a;12497111960802;-9.197098;-11.222595;4.9540253
a;12497132102404;-8.771866;-11.516785;4.237213
a;12497152244005;-8.415482;-11.478882;3.7228851
a;12497172385607;-8.414581;-11.695831;3.453659
a;12497192527208;-8.2561035;-12.068802;2.992157
a;12497212668810;-7.347046;-12.098465;2.042328
a;12497232810412;-6.3285675;-11.917358;1.3289948
a;12497252952013;-5.7585754;-12.00145;1.6575317
a;12497273093615;-5.2359924;-11.754913;2.1447296
a;12497293235216;-4.3226013;-11.261948;1.7028961
a;12497313376818;-3.075592;-11.112579;1.3779602
a;12497333518419;-2.0573578;-11.201447;1.2709198
a;12497353660021;-1.4777985;-11.032013;0.899765
a;12497373801623;-1.0451965;-10.589661;0.8466339
a;12497393943224;-0.32077026;-10.207489;0.9426117
a;12497414084826;0.47966003;-9.843338;0.5601654
a;12497434226427;0.94325256;-9.478973;0.4593811
a;12497454368029;1.211792;-9.123535;0.5389862
a;12497474509630;1.6056061;-8.6754;0.5077667
a;12497494651232;2.1872864;-7.617981;0.58561707
a;12497514792833;2.5620117;-6.56575;0.9919739
a;12497534934435;2.6947327;-5.7911835;1.8908234
a;12497555076037;2.9422913;-5.276474;2.3989258
a;12497575217638;3.2610474;-4.907791;2.1764832
a;12497595359240;3.6606293;-4.2170258;2.1635132
a;12497615500841;4.0988617;-3.6461182;2.1081696
a;12497635642443;4.223694;-3.5296173;2.540329
a;12497655784044;4.271103;-3.9443054;2.8596344
a;12497675925646;4.2713013;-4.09758;3.0697327
a;12497696067248;4.572525;-3.9716644;2.78125
a;12497716208849;5.227234;-3.8484802;3.1053162
a;12497736350451;5.344803;-4.0498505;3.8100739
a;12497756492052;4.6463165;-4.200638;4.361252
a;12497776633654;4.7443085;-4.296829;4.473404
a;12497796775255;5.3665466;-4.56691;4.093582
a;12497816916857;5.1667786;-5.274872;4.090149
a;12497837058458;5.0729675;-5.343689;4.7340393
a;12497857200060;5.478897;-4.9036255;5.5565033
a;12497877341662;4.8105927;-4.5902557;5.615616
a;12497897483263;4.911728;-5.039566;5.428787
a;12497917624865;6.1383667;-5.472641;4.7585297
a;12497937766466;6.1820374;-5.917801;5.028488
a;12497957908068;6.851715;-6.9505615;3.6152039
a;12497978049669;7.981369;-5.948456;4.5509796
a;12497998191271;6.59079;-5.5327606;5.292816
a;12498018332873;6.9864044;-5.349411;6.885956
a;12498038474474;6.3876038;-6.288437;6.333618
a;12498058616076;6.255722;-5.8143616;5.30954
a;12498078757677;5.872513;-6.653015;3.8622894
a;12498098899279;5.314972;-6.598419;4.600006
a;12498119040880;5.8286133;-6.2851257;5.4889374
a;12498139182482;6.423996;-6.1190643;6.02388
a;12498159324083;5.954605;-6.1138306;5.5096893
a;12498179465685;6.0998993;-6.2447357;5.1264954
a;12498199607287;6.242691;-5.8883667;5.462738
a;12498219748888;5.2916718;-5.357422;5.449005
a;12498239890490;5.33786;-4.5401;5.1615906
a;12498260032091;5.8892365;-4.054077;5.8629913
a;12498280173693;6.4896545;-4.633423;4.9318085
a;12498300315294;6.4123077;-5.60614;4.1396484
a;12498320456896;5.62204;-5.294754;5.5056915
a;12498340598498;5.389023;-4.9233704;5.4665527
a;12498360740099;5.414749;-5.075943;4.773697
a;12498380881701;5.741333;-5.5601044;3.4029846
a;12498401023302;5.747223;-5.3146057;2.5935822
a;12498421164904;6.601883;-6.1002045;1.2223969
a;12498441306505;6.3143616;-7.654831;3.0035248
a;12498461448107;6.134506;-8.4548645;2.7437897
a;12498481589708;5.3042297;-6.136963;3.9113312
a;12498501731310;5.146652;-4.114929;4.392151
a;12498521872912;5.561493;-3.8473663;3.5353546
a;12498542014513;5.8522644;-4.7761383;3.37471
a;12498562156115;5.5259705;-5.327942;4.02211
a;12498582297716;5.561569;-5.057556;5.13295
a;12498602439318;5.538803;-5.6860046;5.1807404
a;12498622580919;5.84787;-6.8585815;3.6847534
a;12498642722521;5.131897;-7.4053955;3.222992
a;12498662864123;5.005249;-7.236313;3.2311554
a;12498683005724;5.275757;-7.292938;2.955124
a;12498703147326;5.7877655;-7.376831;4.406082
a;12498723288927;6.3491364;-10.052307;9.346848
a;12498743430529;7.691559;-12.583603;8.349991
a;12498763572130;11.159439;-18.082993;8.146454
a;12498783713732;11.990555;-18.210754;6.765854
a;12498803855333;10.359634;-11.899185;7.0632324
a;12498823996935;11.773941;-10.630875;6.520157
a;12498844138537;11.230469;-12.637695;2.8440857
a;12498864280138;10.530426;-15.6020355;2.8527222
a;12498884421740;9.9474945;-12.545639;2.150772
a;12498904563341;9.214767;-9.530075;0.43244934
a;12498924704943;10.813965;-9.598404;-1.4533386
a;12498944846544;9.9739685;-10.837845;-2.1734009
a;12498964988146;9.821838;-9.498459;-1.8961945
a;12498985129748;9.972824;-5.672287;0.080703735
a;12499005271349;10.318222;-2.9568176;2.3526154
a;12499025412951;9.695679;-3.5098114;2.0294647
a;12499045554552;8.094421;-6.573715;-0.081604004
a;12499065696154;7.130951;-6.4370728;-0.7049713
a;12499085837755;6.979233;-5.2384033;-1.053894
a;12499105979357;6.352173;-5.2516785;-1.1010284
a;12499126120958;4.49823;-6.1004944;-1.0948334
a;12499146262560;3.2378082;-5.3677673;-0.6752167
a;12499166404162;2.9025116;-3.0375671;0.09239197
a;12499186545763;2.7505493;-1.3721008;0.7865753
a;12499206687365;2.4215088;-1.1616974;1.5091095
a;12499226828966;2.3199463;-0.30296326;2.0168762
a;12499246970568;3.292633;0.9990692;2.241928
a;12499267112169;4.15123;0.43356323;2.121811
a;12499287253771;4.376129;0.013000488;1.8601227
a;12499307395373;4.8654785;0.13113403;1.3530121
a;12499327536974;4.8312225;-0.7577362;4.0915985
a;12499347678576;4.5904236;-1.7526093;7.392868
a;12499367820177;4.356949;-4.247589;5.4041443
a;12499387961779;6.3608856;-3.4934235;2.6874542
a;12499408103380;5.7845154;-0.58451843;3.3086853
a;12499428244982;5.3163757;-1.304657;3.0709534
a;12499448386583;6.477127;-4.7308807;2.7399445
a;12499468528185;6.4675293;-7.3486633;2.6115112
a;12499488669787;5.5147247;-6.257904;1.6589813
a;12499508811388;5.6769104;-3.4455414;2.5934296
a;12499528952990;5.8966827;-2.963684;2.602234
a;12499549094591;5.873413;-6.2815857;1.5024109
a;12499569236193;5.563385;-6.8029327;0.34477234
a;12499589377794;6.620575;-7.1261597;0.4656067
a;12499609519396;8.087631;-7.238159;1.0129852
a;12499629660998;8.520996;-8.350906;0.67526245
a;12499649802599;7.4941864;-7.9527435;-0.13589478
a;12499669944201;7.241501;-6.123413;1.9658508
a;12499690085802;8.608749;-5.236023;4.446762
a;12499710227404;10.073685;-6.70401;3.4826965
a;12499730369005;9.410049;-7.3558044;2.100235
a;12499750510607;9.433273;-8.941437;2.7759857
a;12499770652208;11.306381;-10.756958;1.9799347
a;12499790793810;11.881226;-12.957993;1.3059387
a;12499810935412;10.405487;-13.075638;2.7349396
a;12499831077013;10.076767;-11.357651;4.5525055
a;12499851218615;11.395889;-11.741013;5.060898
a;12499871360216;11.281021;-12.831192;4.072708
a;12499891501818;11.010681;-12.795227;2.7225952
a;12499911643419;11.068359;-10.631332;2.4747925
a;12499931785021;11.75267;-9.759872;2.930603
a;12499951926623;12.775513;-9.842407;3.5015717
a;12499972068224;12.277435;-10.247421;3.8350525
a;12499992209826;12.381866;-11.8511505;2.5494232
a;12500012351427;12.964111;-11.083481;0.6066437
a;12500032493029;13.526871;-10.060776;0.39271545
a;12500052634630;13.011414;-9.262711;0.8979645
a;12500072776232;11.903534;-8.982925;0.04171753
a;12500092917833;11.2314;-8.329285;-1.0498505
a;12500113059435;9.884842;-7.461914;-0.2748108
a;12500133201037;6.978241;-6.1264954;0.8712921
a;12500153342638;4.5282745;-4.624481;0.9722748
a;12500173484240;3.0813751;-2.9555817;0.52604675
a;12500193625841;1.8765717;-2.6291962;-0.5024414
a;12500213767443;1.0903931;-2.0774078;-0.108306885
a;12500233909044;0.29109192;-1.3673706;0.99858093
a;12500254050646;-0.08929443;0.29953003;1.4052734
a;12500274192248;0.63290405;1.7298737;1.5007324
a;12500294333849;2.4238586;1.302597;1.3295746
a;12500314475451;4.3025208;0.13735962;1.4205933
a;12500334617052;5.5880127;0.4160614;1.7370453
a;12500354758654;6.0330048;-0.11538696;1.0025787
a;12500374900255;4.916443;-2.8371735;4.898224
a;12500395041857;4.6322784;-3.6231842;8.075424
a;12500415183458;5.036911;-5.3983917;4.5336456
a;12500435325060;6.877304;-4.4956207;1.8264008
a;12500455466662;5.5354156;-1.9619141;2.992813
a;12500475608263;5.9333344;-3.0849;1.845047
a;12500495749865;5.9425964;-5.3911133;1.8176117
a;12500515891466;5.6630554;-5.1931305;1.6056824
a;12500536033068;6.684082;-4.8159027;3.0210266
a;12500556174669;7.442871;-5.6264496;2.936676
a;12500576316271;6.0496063;-6.3371277;2.1440582
a;12500596457873;5.030304;-4.8157654;1.9830017
a;12500616599474;7.4564056;-4.578476;1.3683014
a;12500636741076;9.016296;-5.67894;0.7902832
a;12500656882677;7.6259155;-7.3180237;1.4132233
a;12500677024279;6.313736;-6.4432373;1.6093445
a;12500697165880;7.009247;-6.022217;1.145401
a;12500717307482;7.4953003;-6.338974;0.17390442
a;12500737449083;7.581299;-6.5112;1.0546112
a;12500757590685;8.242966;-7.1695557;1.6392975
a;12500777732287;8.39238;-6.36969;1.5218353
a;12500797873888;8.83873;-9.06459;1.4603271
a;12500818015490;9.280869;-9.609497;0.24894714
a;12500838157091;10.802475;-11.596893;1.0423279
a;12500858298693;11.572403;-12.417633;2.0376892
a;12500878440294;11.03006;-11.789581;2.4434357
a;12500898581896;11.529282;-13.060455;3.872818
a;12500918723498;10.84079;-14.647324;3.8479614
a;12500938865099;10.264603;-13.738815;3.4238434
a;12500959006701;10.235657;-12.513428;2.7779083
a;12500979148302;10.931747;-10.91864;2.4011536
a;12500999289904;10.517761;-11.263535;1.7956238
a;12501019431505;10.444168;-11.295441;1.3944244
a;12501039573107;11.712067;-11.116089;1.8385773
a;12501059714708;12.305237;-10.9288025;1.161438
a;12501079856310;12.473465;-11.317413;-0.23297119
a;12501099997912;12.994034;-11.065735;-1.421875
a;12501120139513;12.81308;-9.985733;-1.0155182
a;12501140281115;11.8389435;-9.410645;-0.35760498
a;12501160422716;10.382538;-8.90979;-0.20837402
a;12501180564318;8.598709;-7.689438;0.05783081
a;12501200705919;6.9118347;-5.68898;0.49325562
a;12501220847521;5.43396;-4.274643;0.76008606
a;12501240989123;3.8013;-4.2489624;0.6637268
a;12501261130724;2.111908;-4.022934;0.41062927
a;12501281272326;1.4121857;-2.5588837;0.24987793
a;12501301413927;1.0580139;-0.79519653;0.10575867
a;12501321555529;0.99534607;-0.33602905;0.63041687
a;12501341697130;1.4777985;-0.35269165;1.4712372
a;12501361838732;2.566208;0.75076294;1.9040833
a;12501381980333;3.691681;1.5792084;1.7164001
a;12501402121935;4.32666;0.8448639;1.7797394
a;12501422263537;5.341324;-1.1691742;1.4777832
a;12501442405138;6.376297;-1.7267151;3.251648
a;12501462546740;5.700119;-2.6809692;6.0641937
a;12501482688341;5.2310333;-3.4328156;5.9148865
a;12501502829943;6.4145813;-4.684967;3.251999
a;12501522971544;7.3471527;-4.8420258;2.368042
a;12501543113146;6.1445007;-4.7063904;3.1558228
a;12501563254748;5.4881744;-5.016556;2.6371918
a;12501583396349;6.747467;-5.218231;1.6224518
a;12501603537951;5.931717;-5.6173096;1.0544128
a;12501623679552;4.442032;-4.5529327;1.4263306
a;12501643821154;5.1799774;-3.8921204;2.5177765
a;12501663962755;7.074814;-5.9067383;2.8763123
a;12501684104357;6.7268677;-7.0955353;1.7339935
a;12501704245958;5.3271027;-6.19841;1.608551
a;12501724387560;6.560562;-5.2373047;1.8125153
a;12501744529162;7.20166;-5.227997;1.3870392
a;12501764670763;6.9661407;-6.353119;1.1450958
a;12501784812365;6.605957;-6.4141235;0.65237427
a;12501804953966;7.368698;-5.660858;1.2029877
a;12501825095568;9.424332;-5.8076324;2.491623
a;12501845237169;10.074219;-6.644287;2.401764
a;12501865378771;9.1936035;-7.7188416;1.5103912
a;12501885520373;8.496658;-7.4209747;1.842804
a;12501905661974;9.552567;-7.759796;3.5308685
a;12501925803576;9.777908;-8.951569;3.7521057
a;12501945945177;9.393402;-11.163559;2.6027374
a;12501966086779;8.373474;-8.626419;2.195984
a;12501986228380;10.32251;-8.363068;3.4127655
a;12502006369982;11.221222;-8.620911;4.5331726
a;12502026511583;9.549973;-10.880234;4.9407043
a;12502046653185;8.902603;-11.880173;5.019562
a;12502066794787;10.521606;-13.025482;4.635544
a;12502086936388;11.989227;-13.510147;2.8508606
a;12502107077990;12.051941;-12.633575;1.4174957
a;12502127219591;10.9405365;-12.15947;1.2668304
a;12502147361193;11.43486;-12.042557;2.3759613
a;12502167502794;12.277359;-11.425598;3.5182343
a;12502187644396;12.880692;-10.842682;3.3385468
a;12502207785998;12.160568;-10.245575;2.1307983
a;12502227927599;12.4027405;-10.305511;1.0959625
a;12502248069201;13.073837;-9.047394;0.29023743
a;12502268210802;12.344482;-7.9551544;0.16850281
a;12502288352404;10.948471;-7.346924;0.9472656
a;12502308494005;9.252213;-6.4770203;1.1578522
a;12502328635607;7.4628906;-5.9427795;1.4562225
a;12502348777208;5.420517;-4.5565643;0.8702698
a;12502368918810;3.9465027;-3.8018646;0.10681152
a;12502389060412;2.8157501;-2.860672;-0.24287415
a;12502409202013;1.617279;-2.2605133;0.43995667
a;12502429343615;0.94558716;-1.328949;1.1908569
a;12502449485216;0.4985199;-0.5513458;1.6936646
a;12502469626818;0.670105;0.046539307;1.2914734
a;12502489768419;1.7296906;0.26416016;1.0980377
a;12502509910021;3.4120178;0.47901917;1.5803833
a;12502530051623;4.885269;0.18403625;1.5973969
a;12502550193224;4.5977936;-1.1787415;2.5661774
a;12502570334826;4.400955;-2.5262756;4.8736725
a;12502590476427;5.2331543;-2.4311829;5.582138
a;12502610618029;7.0328064;-3.8265228;4.219589
a;12502630772719;7.4162445;-5.9727783;3.3216858
a;12502650914321;6.5790253;-6.3717957;3.6985931
a;12502671055922;6.2314606;-6.0809326;3.192749
a;12502691197524;7.3101196;-4.2912903;2.0351868
a;12502711339126;7.447632;-2.946045;1.1197205
a;12502731480727;6.49588;-3.2304077;0.9718933
a;12502751622329;5.457245;-4.196701;1.2314911
a;12502771763930;6.472;-5.9884796;1.4713135
a;12502791905532;6.890274;-7.958679;1.9209595
a;12502812047133;5.7774963;-8.368851;1.7706299
a;12502832188735;4.4287415;-6.9719543;1.7509766
a;12502852330337;5.0755005;-6.189636;1.475708
a;12502872471938;5.989914;-6.821457;0.37948608
a;12502892613540;5.862381;-8.104401;-0.027236938
a;12502912755141;6.454254;-9.150345;0.04196167
a;12502932896743;7.708832;-7.906021;1.0568695
a;12502953038344;7.815277;-7.34552;1.1777649
a;12502973179946;7.1037445;-6.4335327;0.58503723
a;12502993321547;7.9997406;-7.336273;1.3286133
a;12503013463149;10.165146;-8.410904;2.183792
a;12503033604751;9.83577;-8.433105;1.7795563
a;12503053746352;8.797043;-8.37352;2.1791687
a;12503073887954;8.748352;-7.875107;3.3201141
a;12503094029555;8.943237;-7.619034;2.982544
a;12503114171157;9.177994;-8.2686;3.182785
a;12503134312758;8.459915;-9.045059;3.8927002
a;12503154454360;9.149887;-10.026245;4.332062
a;12503174595962;10.77626;-11.516922;4.375046
a;12503194737563;10.869049;-12.741837;4.591217
a;12503214879165;9.794952;-12.758972;4.349457
a;12503235020766;10.166458;-12.696152;3.8517609
a;12503255162368;11.606644;-10.681717;3.651184
a;12503275303969;12.064209;-10.72403;3.4213104
a;12503295445571;11.24559;-11.547684;3.0368652
a;12503315587172;12.293869;-12.1332855;2.9555664
a;12503335728774;13.468002;-11.364212;1.9615326
a;12503355870376;13.494461;-9.896973;1.8011932
a;12503376011977;13.282349;-8.492432;1.915451
a;12503396153579;13.323868;-7.943039;0.84446716
a;12503416295180;11.391708;-7.925812;0.85032654
a;12503436436782;9.526932;-6.404358;1.2580261
a;12503456578383;7.9650116;-4.942047;2.0000305
a;12503476719985;5.4611206;-4.306671;1.8435516
a;12503496861587;3.098877;-3.497528;0.82881165
a;12503517003188;1.5942078;-2.4711456;0.30796814
a;12503537144790;0.96951294;-1.6243744;0.4068451
a;12503557286391;1.2120209;-1.3484955;0.5897522
a;12503577427993;1.005188;-1.4186401;1.2993164
a;12503597569594;0.5508728;-0.9084778;1.6341553
a;12503617711196;1.44487;0.10241699;1.9884796
a;12503637852797;3.409134;0.017364502;1.5493317
a;12503657994399;5.2080383;-0.6186676;0.97569275
a;12503678136001;5.8987885;-0.5735016;2.234604
a;12503698277602;5.7217255;-1.6834106;4.3588715
a;12503718419204;5.884369;-3.4741821;5.0674744
a;12503738560805;6.73761;-4.548935;3.9744873
a;12503758702407;6.4189453;-4.4248505;3.168106
a;12503778844008;6.599289;-5.4227753;2.9752045
a;12503798985610;8.354034;-6.7936554;2.6958923
a;12503819127212;8.033737;-6.160843;1.4667816
a;12503839268813;7.0373993;-4.185211;1.1174011
a;12503859410415;5.314682;-3.223175;0.8222656
a;12503879552016;5.849945;-3.6360931;1.1875153
a;12503899693618;7.1779175;-5.4872894;1.2506409
a;12503919835219;6.9053802;-7.028;1.8044128
a;12503939976821;5.369339;-7.3293457;1.6654358
a;12503960118422;5.443924;-6.9170837;1.8258057
a;12503980260024;6.532852;-6.9542084;1.3287048
a;12504000401626;7.7203827;-7.992401;0.8838043
a;12504020543227;7.2756042;-8.214539;1.4075317
a;12504040684829;6.3249817;-7.3907776;1.6591797
a;12504060826430;7.467804;-6.2839355;1.2938995
a;12504080968032;9.452744;-5.9437103;1.4329834
a;12504101109633;10.19873;-6.289963;1.4549713
a;12504121251235;8.780823;-6.8276825;2.2043304
a;12504141392837;8.170364;-7.21167;2.7279205
a;12504161534438;9.529266;-7.11232;2.6947174
a;12504181676040;11.0091095;-8.232361;2.302597
a;12504201817641;10.65033;-9.26886;2.4585114
a;12504221959243;9.085739;-9.6896515;3.1883698
a;12504242100844;10.048584;-9.3459015;3.9441833
a;12504262242446;11.73494;-9.606628;4.853485
a;12504282384047;12.372406;-11.985886;3.1069489
a;12504302525649;10.680649;-12.25383;2.2374268
a;12504322667251;10.410339;-10.50412;3.3286133
a;12504342808852;12.833786;-9.753326;3.3978577
a;12504362950454;14.311279;-10.870621;2.7029266
a;12504383092055;13.650543;-12.009949;1.4258728
a;12504403233657;13.900772;-11.061554;0.73272705
a;12504423375258;15.943085;-10.27121;0.3978119
a;12504443516860;15.075378;-9.417267;0.1940155
a;12504463658462;12.930832;-8.1813965;-0.44161987
a;12504483800063;12.006073;-7.454361;-1.0931091
a;12504503941665;9.657837;-6.048233;-0.43972778
a;12504524083266;6.756607;-4.561569;0.45262146
a;12504544224868;3.3263397;-3.463379;1.1550293
a;12504564366469;0.438385;-2.628006;0.9609833
a;12504584508071;-0.43780518;-1.7131653;-0.05496216
a;12504604649672;0.49668884;-1.1888733;-0.53829956
a;12504624791274;1.6975555;-1.6264191;0.050430298
a;12504644932876;1.8104401;-0.5539398;0.78382874
a;12504665074477;2.7158966;1.5178986;1.8261566
a;12504685216079;4.52092;2.2164307;2.2888641
a;12504705357680;5.5989685;0.41764832;2.2530823
a;12504725499282;6.1420593;-1.0366669;1.6468353
a;12504745640883;6.257736;-1.3926697;2.2337952
a;12504765782485;6.360611;-2.2141418;4.1140747
a;12504785924087;6.643158;-2.713745;5.821579
a;12504806065688;6.958145;-4.5331116;5.020508
a;12504826207290;7.327011;-6.36615;2.1272583
a;12504846348891;7.647476;-6.6403656;1.9611511
a;12504866490493;7.9319916;-6.6567383;2.802002
a;12504886632094;7.8983154;-6.61174;2.710617
a;12504906773696;7.312607;-5.3968964;1.8415222
a;12504926915297;7.1046753;-3.9695282;0.6359863
a;12504947056899;7.998947;-3.874405;0.71569824
a;12504967198501;7.8447876;-4.528549;1.2886658
a;12504987340102;6.2052307;-5.3533173;2.431076
a;12505007481704;6.4739227;-5.080475;3.2355194
a;12505027623305;9.3454895;-5.053238;3.97641
a;12505047764907;9.882431;-6.6621857;3.053955
a;12505067906508;8.146622;-6.9625854;2.095871
a;12505088048110;6.959015;-6.4767914;1.8491058
a;12505108189712;7.921341;-6.3886566;2.225357
a;12505128331313;8.920517;-6.9053955;2.1371155
a;12505148472915;8.516769;-7.370529;1.9875183
a;12505168614516;7.635315;-7.247223;2.637085
a;12505188756118;7.746521;-7.4018707;2.488739
a;12505208897719;8.803543;-7.211258;2.5371857
a;12505229039321;9.061371;-7.1151123;2.7156067
a;12505249180922;8.337296;-6.774811;2.6383362
a;12505269322524;7.2936096;-6.3092194;2.46138
a;12505289464126;7.445465;-5.9496765;2.4272003
a;12505309605727;8.848816;-6.397812;2.9397278
a;12505329747329;8.458099;-7.269577;2.910797
a;12505349888930;7.3723297;-6.9753113;3.012497
a;12505370030532;6.5831757;-6.028015;2.9949493
a;12505390172133;7.142868;-4.9141235;2.8947296
a;12505410313735;8.091919;-5.333267;3.4423065
a;12505430455337;8.004639;-6.711441;3.4818726
a;12505450596938;6.979065;-6.5752563;3.4225006
a;12505470738540;6.133957;-5.621689;3.2005615
a;12505490880141;6.2502136;-5.506119;3.4782257
a;12505511021743;7.120636;-6.2686462;3.9548798
a;12505531163344;7.4147034;-7.739502;3.7182617
a;12505551304946;6.519684;-7.5705414;3.324234
a;12505571446547;6.563431;-7.5185394;3.3674622
a;12505591588149;8.044312;-8.156052;4.6756287
a;12505611729751;9.31897;-8.853394;4.853592
a;12505631871352;8.7582855;-9.275909;4.1783752
a;12505652012954;7.5016174;-8.561966;3.0821228
a;12505672154555;7.1036987;-6.7783356;2.0615845
a;12505692296157;8.256302;-6.075882;3.1741486
a;12505712437758;8.300064;-6.544342;3.781784
a;12505732579360;7.805237;-6.502548;3.9121857
a;12505752720962;7.8671417;-5.99588;3.943573
a;12505772862563;8.698166;-5.8606873;3.8824768
a;12505793004165;8.581863;-5.981247;4.060547
a;12505813145766;7.9197693;-5.6615295;5.048996
a;12505833287368;6.609482;-4.5140076;5.2637787
a;12505853428969;6.0079193;-3.756485;5.8535004
a;12505873570571;6.717697;-5.83609;3.3671417
a;12505893712172;6.7742615;-5.9379425;2.6893005
a;12505913853774;6.3129883;-5.0021515;3.7014465
a;12505933995376;5.3473663;-3.3805542;4.3072357
a;12505954136977;5.718643;-2.7406616;4.6164093
a;12505974278579;6.7708282;-3.0845642;3.40094
a;12505994420180;7.2430725;-2.401474;3.3014832
a;12506014561782;6.8171997;-2.618988;3.608963
a;12506034703383;6.1819153;-3.051773;3.3203583
a;12506054844985;6.441696;-3.0466309;3.7576447
a;12506074986587;7.0825195;-3.4192657;4.0470123
a;12506095128188;6.9017944;-3.9517212;5.05513
a;12506115269790;6.684952;-4.077484;4.6705933
a;12506135411391;7.3740234;-3.938568;3.6471252
a;12506155552993;8.53714;-5.3122406;2.8809967
a;12506175694594;8.175583;-7.6082;2.732605
a;12506195836196;6.9579315;-7.568878;3.6658783
a;12506215977797;6.47435;-5.7224884;4.5335083
a;12506236119399;7.5540466;-5.5901184;3.8339539
a;12506256261001;7.6831207;-6.9596252;2.6691284
a;12506276402602;6.372528;-9.259476;1.6327057
a;12506296544204;6.239212;-8.816803;1.1655426
a;12506316685805;7.216278;-7.843033;1.5410767
a;12506336827407;7.072647;-7.1605835;2.3418121
a;12506356969008;6.4721375;-6.647522;2.574295
a;12506377110610;5.901596;-6.740204;2.2854462
a;12506397252212;6.1872253;-7.5682983;1.3540802
a;12506417393813;6.5301666;-8.542099;1.0141296
a;12506437535415;6.1872406;-8.691147;1.2210083
a;12506457677016;5.604706;-8.604935;1.9637299
a;12506477818618;6.084076;-7.9638977;3.0850983
a;12506497960219;6.504822;-8.709244;3.63591
a;12506518101821;6.3904724;-8.96904;3.5810547
a;12506538243422;6.060135;-10.996536;3.1379395
a;12506558385024;5.83667;-11.20314;2.3524933
a;12506578526626;5.3497925;-11.016281;1.5773315
a;12506598668227;5.6647644;-10.851852;1.0706787
a;12506618809829;5.7460327;-10.656021;1.3263397
a;12506638951430;4.9978485;-9.975327;2.1287537
a;12506659093032;4.4464417;-8.882584;2.9502716
a;12506679234633;4.7075043;-8.275513;2.4111938
a;12506699376235;4.961502;-8.533417;2.5558167
a;12506719517837;3.8928223;-8.892593;3.0699158
a;12506739659438;3.055191;-8.837601;3.5828857
a;12506759801040;3.3152466;-8.6536255;3.381195
a;12506779942641;3.5282135;-8.870026;2.5896454
a;12506800084243;3.2506256;-8.87204;2.1551056
a;12506820225844;3.070877;-8.324188;2.1766205
a;12506840367446;3.3399963;-8.31488;2.443512
a;12506860509047;3.7605286;-9.064545;2.5003815
a;12506880650649;3.5103912;-9.887924;2.2802582
a;12506900792251;3.332779;-10.270218;2.0312042
a;12506920933852;3.5620575;-9.798721;2.0904846
a;12506941075454;3.849228;-9.615463;1.8650208
a;12506961217055;3.5570526;-9.357086;2.180481
a;12506981358657;3.3826294;-10.163071;1.9263153
a;12507001500258;3.4370728;-10.438599;1.7797546
a;12507021641860;3.4478455;-9.949341;1.9458618
a;12507041783462;3.5493317;-9.862503;2.161789
a;12507061925063;3.9590302;-9.980225;2.12854
a;12507082066665;3.9836273;-10.122528;2.0338745
a;12507102208266;3.4681244;-9.956192;1.9761047
a;12507122349868;3.1893616;-9.982376;1.805893
a;12507142491469;3.2390594;-9.752045;1.7847443
a;12507162633071;3.0669098;-9.219147;1.8652954
a;12507182774672;2.66539;-8.714752;1.8791351
a;12507202916274;2.2765045;-8.472961;1.8021545
a;12507223057876;2.047882;-8.001663;1.5231628
a;12507243199477;1.6494751;-7.970108;1.2628174
a;12507263341079;1.0659027;-8.595764;0.7357178
a;12507283482680;0.973938;-7.930496;0.8870239
a;12507303624282;-0.09700012;-7.2754974;2.6592255
a;12507323765883;-1.3686371;-7.054138;3.1028595
a;12507343907485;-0.6620178;-7.328949;1.9465485
a;12507364049087;0.87890625;-6.6358643;1.1530304
a;12507384190688;1.477005;-5.5901947;1.0338287
a;12507404332290;0.92626953;-5.8416595;0.94496155
a;12507424473891;1.0858002;-6.773773;0.18997192
a;12507444615493;1.1481171;-8.048904;-1.2566223
a;12507464757094;0.8666687;-8.198685;-2.1052551
a;12507484898696;-0.08695984;-8.348022;-2.087616
a;12507505040297;-1.2911682;-8.552155;-2.1192627
a;12507525181899;-2.2375488;-8.206726;-2.0436707
a;12507545323501;-3.6547241;-8.497665;-1.2819977
a;12507565465102;-5.032501;-9.964783;-0.5850525
a;12507585606704;-5.810974;-10.614151;-0.12745667
a;12507605748305;-6.614624;-9.845764;-0.18045044
a;12507625889907;-8.538986;-10.379288;0.9025879
a;12507646031508;-9.277893;-11.300522;2.3147583
a;12507666173110;-10.43129;-11.380432;2.760376
a;12507686314712;-11.3246;-10.668488;2.2860565
a;12507706456313;-12.608948;-10.656815;3.314209
a;12507726597915;-11.960114;-9.920563;3.9603271
a;12507746739516;-11.132141;-8.473465;3.4532318
a;12507766881118;-10.321686;-7.8358154;3.6331787
a;12507787022719;-11.490509;-6.8504486;4.907379
a;12507807164321;-10.42543;-5.3583374;4.3188477
a;12507827305922;-9.689987;-4.682251;4.7129517
a;12507847447524;-9.15477;-4.8071594;4.7804413
a;12507867589126;-9.101364;-4.842392;4.1456604
a;12507887730727;-8.840042;-4.9442596;3.5341034
a;12507907872329;-8.607086;-4.9599915;3.2428284
a;12507928013930;-8.476395;-5.169815;2.9127655
a;12507948155532;-8.38797;-5.3152313;2.6276398
a;12507968297133;-8.312332;-5.1887665;2.5395203
a;12507988438735;-8.38147;-5.0042267;2.4029083
a;12508008580337;-8.578491;-4.9115906;2.2246857
a;12508028721938;-8.726501;-4.97229;2.0191193
a;12508048863540;-8.871292;-4.946701;1.970993
a;12508069005141;-9.0933075;-4.749405;1.9338531
a;12508089146743;-9.372803;-4.5423126;1.8094025
a;12508109288344;-9.6129;-4.444824;1.7550659
a;12508129429946;-9.585907;-4.307129;1.7928772
a;12508149571547;-9.380798;-4.104187;1.8888092
a;12508169713149;-9.187256;-3.8847961;1.8802032
a;12508189854751;-9.05809;-3.658081;1.8495941
a;12508209996352;-9.052277;-3.5315247;1.9308167
a;12508230137954;-9.060318;-3.579361;1.8948975
a;12508250279555;-9.03038;-3.7692719;1.7499237
a;12508270421157;-8.93898;-3.9756622;1.6005402
a;12508290562758;-8.814606;-4.071518;1.5904236
a;12508310704360;-8.752869;-4.14534;1.5697174
a;12508330845962;-8.692383;-4.167938;1.5832977
a;12508350987563;-8.662079;-4.0975647;1.5890656
a;12508371129165;-8.697372;-4.020172;1.6794891
a;12508391270766;-8.736801;-3.9277954;1.6950073
a;12508411412368;-8.753098;-3.9352875;1.6533813
a;12508431553969;-8.844208;-3.9476624;1.6751251
a;12508451695571;-8.851166;-3.913437;1.723999
a;12508471837172;-8.867828;-3.895279;1.7770844
a;12508491978774;-8.829514;-3.86586;1.8059082
a;12508512120376;-8.771027;-3.8484802;1.8403015
a;12508532261977;-8.788467;-3.899002;1.7954102
a;12508552403579;-8.776489;-3.9458618;1.8246613
a;12508572545180;-8.787964;-4.0028534;1.8681946
a;12508592686782;-8.772064;-4.024185;1.8685913
a;12508612828383;-8.763611;-4.040924;1.9178314
a;12508632969985;-8.777649;-4.0777893;1.9363708
a;12508653111587;-8.804657;-4.1076965;1.9612274
a;12508673253188;-8.86087;-4.148819;1.9338531
a;12508693394790;-8.899628;-4.1222534;1.9861908
a;12508713536391;-8.935745;-4.124054;1.9840546
a;12508733677993;-9.003143;-4.1609955;2.0064087
a;12508753819594;-9.018936;-4.1947784;1.9951324
a;12508773961196;-8.976059;-4.2114716;2.026764
a;12508794102797;-9.027878;-4.2275543;1.9665985
a;12508814244399;-9.075165;-4.244705;1.9781799
a;12508834386001;-9.095856;-4.2397156;2.0457916
a;12508854527602;-9.08638;-4.239395;2.0245667
a;12508874669204;-9.013931;-4.190567;1.9656372
a;12508894810805;-8.958588;-4.21257;1.9585266
a;12508914952407;-8.918152;-4.201874;1.9419556
a;12508935094008;-8.946106;-4.1949005;1.9633331
a;12508955235610;-8.93486;-4.16037;1.9481659
a;12508975377212;-9.000259;-4.1585083;1.9479675
a;12508995518813;-9.006607;-4.164139;1.9105377
a;12509015660415;-8.972046;-4.136917;1.8798218
a;12509035802016;-8.999588;-4.1706543;1.8272247
a;12509055943618;-9.040558;-4.1729584;1.8247681
a;12509076085219;-9.041107;-4.120178;1.821228
a;12509096226821;-9.019028;-4.0784454;1.8378143
a;12509116368422;-9.009506;-4.0453186;1.7928925
a;12509136510024;-9.027725;-3.9983063;1.8032684
a;12509156651626;-9.01741;-4.010681;1.8021393
a;12509176793227;-9.034302;-3.9684753;1.784317
a;12509196934829;-9.001434;-3.9487152;1.7970428
a;12509217076430;-8.962616;-3.899704;1.7499847
a;12509237218032;-8.937378;-3.8973083;1.7765198
a;12509257359633;-8.914688;-3.8973846;1.7527161
a;12509277501235;-8.933914;-3.874771;1.7775726
a;12509297642837;-8.941071;-3.8678741;1.7791748
a;12509317784438;-8.93042;-3.86055;1.7896423
a;12509337926040;-8.928711;-3.8580322;1.7597504
a;12509358067641;-8.943909;-3.8729553;1.7653351
a;12509378209243;-8.982697;-3.8849487;1.7949371
a;12509398350844;-8.983871;-3.868042;1.7964935
a;12509418492446;-8.958481;-3.8678436;1.8159943
a;12509438634047;-8.968964;-3.8871918;1.7922516
a;12509458775649;-8.962082;-3.8928375;1.8210754
a;12509478917251;-8.985107;-3.894104;1.812973
a;12509499058852;-8.948135;-3.891739;1.8071747
a;12509519200454;-8.951813;-3.9062042;1.8127289
a;12509539342055;-8.955429;-3.9571533;1.8135223
a;12509559483657;-8.938431;-3.9720612;1.8187256
a;12509579625258;-8.890961;-3.994461;1.806961
a;12509599766860;-8.947571;-4.003174;1.8035126
a;12509619908462;-8.935959;-3.9770966;1.85112
a;12509640050063;-8.929489;-3.9785767;1.8862762
a;12509660191665;-9.011047;-3.9990997;1.8464813
a;12509680333266;-9.026077;-4.0342712;1.8372192
a;12509700474868;-8.992691;-4.0696106;1.8525391
a;12509720616469;-8.950775;-4.07428;1.8368378
a;12509740758071;-8.9711;-4.064148;1.8521271
a;12509760899672;-9.014313;-4.067459;1.8547363
a;12509781041274;-8.999771;-4.0607147;1.8712769
a;12509801182876;-9.011795;-4.032013;1.8882446
a;12509821324477;-8.968414;-4.050293;1.8212738
a;12509841466079;-8.947708;-4.0652313;1.8408203
a;12509861607680;-8.999741;-4.101822;1.8071289
a;12509881749282;-8.989563;-4.075302;1.8257599
a;12509901890883;-8.986191;-4.0472107;1.8421326
a;12509922032485;-8.961273;-4.050125;1.8328247
a;12509942174087;-8.976685;-4.032913;1.809845
a;12509962315688;-8.989288;-4.0399933;1.8390198
a;12509982457290;-8.996155;-4.0203247;1.8227386
a;12510002598891;-8.954529;-4.001541;1.8419495
a;12510022740493;-8.972168;-3.9909058;1.8319092
a;12510042882094;-9.003754;-3.9784088;1.796875
a;12510063023696;-9.01741;-3.967163;1.8313751
a;12510083165297;-9.0238495;-3.9518127;1.8166351
a;12510103306899;-8.998535;-3.9416046;1.8238525
a;12510123448501;-8.976715;-3.9381866;1.8184509
a;12510143590102;-8.984756;-3.9315643;1.8019714
a;12510163731704;-8.965546;-3.9171295;1.8100739
a;12510183873305;-8.988174;-3.9333038;1.8254089
a;12510204014907;-9.058624;-3.9241943;1.8505859
a;12510224156508;-9.038345;-3.912384;1.831192
a;12510244298110;-8.987579;-3.9055328;1.8347015
a;12510264439712;-8.955246;-3.9304504;1.8115387
a;12510284581313;-8.960098;-3.9171143;1.8467865
a;12510304722915;-8.982956;-3.9072876;1.8652344
a;12510324864516;-9.010635;-3.9174805;1.927063
a;12510345006118;-9.005722;-3.9416962;1.9118958
a;12510365147719;-8.996948;-3.968338;1.8952789
a;12510385289321;-9.008545;-4.0236053;1.8928833
a;12510405430922;-8.9778595;-4.007614;1.9271698
a;12510425572524;-8.932388;-3.9753723;1.9066925
a;12510445714126;-8.990692;-3.9979095;1.9163208
a;12510465855727;-8.970734;-3.9807434;1.9245453
a;12510485997329;-8.9422;-3.9927063;1.9621124
a;12510506138930;-8.967026;-3.9724731;1.9137878
a;12510526280532;-8.998199;-3.9958344;1.8825836
a;12510546422133;-8.984619;-3.9960938;1.8858185
a;12510566563735;-8.930252;-3.9731445;1.878418
a;12510586705337;-8.896439;-3.938568;1.8511353
a;12510606846938;-8.933731;-3.9401245;1.8530884
a;12510626988540;-8.961624;-3.9245148;1.8437347
a;12510647130141;-9.005524;-3.9362488;1.847702
a;12510667271743;-8.979706;-3.8917694;1.8474884
a;12510687413344;-8.958328;-3.8901062;1.8621979
a;12510707554946;-8.943054;-3.8979797;1.8493042
a;12510727696547;-8.945602;-3.8849182;1.904892
a;12510747838149;-8.953735;-3.8478394;1.909256
a;12510767979751;-8.963669;-3.8464813;1.9198303
a;12510788121352;-8.902084;-3.8962555;1.9113464
a;12510808262954;-8.901321;-3.8973846;1.9277496
a;12510828404555;-8.934677;-3.9079742;1.9711304
a;12510848546157;-8.943436;-3.9417877;2.004593
a;12510868687758;-8.970474;-3.9564362;2.0002441
a;12510888829360;-8.984116;-3.9559784;1.9787903
a;12510908970962;-8.98465;-3.9561768;1.9463501
a;12510929112563;-8.929703;-3.9804993;1.9690857
a;12510949254165;-8.92955;-4.0335083;1.9649658
a;12510969395766;-8.937286;-4.0169067;1.9954071
a;12510989537368;-8.940399;-4.0247955;1.9496765
a;12511009678969;-8.951202;-4.010727;1.9665527
a;12511029820571;-8.972061;-4.0309143;1.9480133
a;12511049962172;-8.9844055;-4.019684;1.9707031
a;12511070103774;-8.98674;-4.022354;1.9651489
a;12511090245376;-8.978348;-3.9975128;1.9298553
a;12511110386977;-8.964523;-3.9752045;1.9284973
a;12511130528579;-8.945297;-3.9817963;1.9179535
a;12511150670180;-8.955414;-3.9635162;1.9357758
a;12511170811782;-8.963089;-3.9259949;1.949646
a;12511190953383;-8.9804535;-3.9085999;1.9356079
a;12511211094985;-8.965805;-3.9076996;1.9328918
a;12511231236587;-9.019577;-3.9286652;1.9296722
a;12511251378188;-8.979095;-3.90094;1.9174652
a;12511271519790;-8.971146;-3.8642426;1.9041595
a;12511291661391;-8.99263;-3.8839874;1.9026489
a;12511311802993;-8.971176;-3.8613586;1.9477386
a;12511331944594;-9.011612;-3.8440094;1.9594879
a;12511352086196;-9.030777;-3.86409;1.9351196
a;12511372227797;-9.0121155;-3.8472443;1.9076385
a;12511392369399;-8.996384;-3.8941956;1.892395
a;12511412511001;-8.990204;-3.8738556;1.918747
a;12511432652602;-8.988068;-3.8613434;1.9262543
a;12511452794204;-8.974686;-3.866806;1.9212036
a;12511472935805;-8.973206;-3.8983154;1.8758545
a;12511493077407;-9.024475;-3.9147491;1.8616943
a;12511513219008;-8.97937;-3.9078522;1.9106445
a;12511533360610;-9.014496;-3.9372253;1.8851471
a;12511553502212;-9.052643;-3.9320526;1.8858185
a;12511573643813;-8.986694;-3.9187012;1.9291229
a;12511593785415;-8.998398;-3.919403;1.9070892
a;12511613927016;-8.99173;-3.947281;1.9243011
a;12511634068618;-8.972427;-3.962616;1.9276886
a;12511654210219;-8.987152;-3.9778442;1.914566
a;12511674351821;-8.985062;-3.9670105;1.894043
a;12511694493422;-8.986282;-3.902481;1.9224854
a;12511714635024;-8.95842;-3.923111;1.931366
a;12511734776626;-8.943329;-3.9386292;1.8606567
a;12511754918227;-8.990952;-3.9505615;1.8526154
a;12511775059829;-8.979767;-3.9409637;1.8426666
a;12511795201430;-9.004486;-3.9273224;1.838623
a;12511815343032;-9.014877;-3.9371033;1.8014221
a;12511835484633;-8.994446;-3.9336243;1.8344727
a;12511855626235;-8.981354;-3.902298;1.7933502
a;12511875767837;-9.008362;-3.8856964;1.7963257
a;12511895909438;-8.991684;-3.85318;1.8061981
a;12511916051040;-8.982803;-3.8535614;1.805481
a;12511936192641;-8.975784;-3.855301;1.8023682
a;12511956334243;-8.989792;-3.8501587;1.8176575
a;12511976475844;-9.00444;-3.8406677;1.8092041
a;12511996617446;-9.018311;-3.827591;1.8082733
a;12512016759047;-9.041458;-3.8269958;1.8342896
a;12512036900649;-9.038712;-3.8370514;1.8607635
a;12512057042251;-9.013458;-3.844696;1.8287506
a;12512077183852;-9.022934;-3.8712158;1.8220978
a;12512097325454;-9.000305;-3.8668518;1.8930817
a;12512117467055;-8.960297;-3.8346252;1.8977203
a;12512137608657;-9.02652;-3.8453064;1.8998871
a;12512157750258;-9.0177765;-3.8632355;1.9161377
a;12512177891860;-9.021469;-3.8597565;1.9389801
a;12512198033462;-9.052948;-3.879776;1.9327545
a;12512218175063;-9.030212;-3.8934326;1.86969
a;12512238316665;-9.005692;-3.9188538;1.8490143
a;12512258458266;-8.962494;-3.91391;1.8404083
a;12512278599868;-8.974258;-3.895172;1.8651733
a;12512298741469;-9.000565;-3.9078064;1.833786
a;12512318883071;-9.073486;-3.9830475;1.8550873
a;12512339024672;-9.22142;-4.0193176;1.8808594
a;12512359166274;-9.143875;-3.9497375;1.9391327
a;12512379307876;-9.036285;-3.9475708;1.9439087
a;12512399449477;-8.920013;-3.977356;1.9548035
a;12512419591079;-8.847992;-3.947586;1.9004669
a;12512439732680;-8.908005;-3.9550629;1.9363861
a;12512459874282;-8.949127;-3.921051;1.9409027
a;12512480015883;-8.999084;-3.926773;1.8934479
a;12512500157485;-9.011917;-3.9573822;1.830658
a;12512520299087;-8.954056;-3.9743652;1.8754883
a;12512540440688;-8.925659;-3.9278717;1.8328705
a;12512560582290;-8.948868;-3.8822021;1.7971954
a;12512580723891;-8.938858;-3.876175;1.7685547
a;12512600865493;-8.963257;-3.8829956;1.750824
a;12512621029907;-8.984375;-3.8936462;1.7803192
a;12512641171509;-8.9934845;-3.8875732;1.7392426
a;12512661313110;-8.968124;-3.894867;1.7754364
a;12512681454712;-8.99588;-3.8794098;1.7754974
a;12512701596314;-8.967087;-3.8508606;1.7844849
a;12512721737915;-8.964706;-3.8652802;1.7906036
a;12512741879517;-8.975235;-3.8476563;1.8386536
a;12512762021118;-9.009537;-3.8560944;1.8680573
a;12512782162720;-9.02919;-3.8917084;1.835556
a;12512802304321;-9.012375;-3.8788147;1.8493347
a;12512822445923;-9.027908;-3.884369;1.8933258
a;12512842587525;-9.0303955;-3.895111;1.8793945
a;12512862729126;-9.020157;-3.8796082;1.9117737
a;12512882870728;-9.031525;-3.8503113;1.9339142
a;12512903012329;-8.991623;-3.8766937;1.8939514
a;12512923153931;-9.036545;-3.9336243;1.928482
a;12512943295532;-9.017151;-3.9078674;1.9659576
a;12512963437134;-8.966568;-3.9076233;1.9295654
a;12512983578735;-9.022736;-3.938507;1.8872375
a;12513003720337;-8.968582;-3.9281616;1.9187775
a;12513023861939;-8.987289;-3.9257355;1.9039307
a;12513044003540;-9.013596;-3.9487457;1.87117
a;12513064145142;-9.016922;-3.960617;1.8616333
a;12513084286743;-9.007385;-3.9619293;1.8446808
a;12513104428345;-8.972916;-3.9472961;1.8227692
a;12513124569946;-8.966873;-3.9629211;1.8298492
a;12513144711548;-8.981049;-3.9703217;1.8359833
a;12513164853150;-8.993195;-3.9861603;1.8473663
a;12513184994751;-9.02916;-3.9865417;1.8353882
a;12513205136353;-8.966629;-3.930359;1.8194733
a;12513225277954;-8.995361;-3.971878;1.8017883
a;12513245419556;-8.996597;-3.9725952;1.8478546
a;12513265561157;-9.00354;-3.929016;1.817215
a;12513285702759;-9.01651;-3.9192047;1.839798
a;12513305844360;-8.987701;-3.890625;1.8615417
a;12513325985962;-8.966858;-3.914978;1.8084412
a;12513346127564;-8.991165;-3.9028473;1.8209839
a;12513366269165;-8.99295;-3.8838196;1.8501892
a;12513386410767;-9.001221;-3.8947144;1.8467407
a;12513406552368;-8.99556;-3.8649902;1.8523254
a;12513426693970;-8.98613;-3.854599;1.8527222
a;12513446835571;-8.982925;-3.8547363;1.8821259
a;12513466977173;-9.009476;-3.875595;1.8604584
a;12513487118775;-9.014694;-3.8873444;1.8551788
a;12513507260376;-9.025116;-3.877945;1.8664551
a;12513527401978;-9.003799;-3.8665771;1.8579712
a;12513547543579;-8.962601;-3.8766785;1.8436279
a;12513567685181;-8.97171;-3.8905182;1.8318329
a;12513587826782;-8.999817;-3.9095764;1.8550262
a;12513607968384;-9.016998;-3.9154968;1.867157
a;12513628109985;-9.02063;-3.9154968;1.8426971
a;12513648251587;-8.990616;-3.9296112;1.8291168
a;12513668393189;-8.980789;-3.9276123;1.8246155
a;12513688534790;-8.968857;-3.935669;1.8452301
a;12513708676392;-8.988312;-3.9164581;1.8320618
a;12513728817993;-8.998474;-3.9320831;1.8008881
a;12513748959595;-8.991501;-3.9599152;1.8431702
a;12513769101196;-8.948105;-3.9872131;1.8541107
a;12513789242798;-8.941223;-3.9504852;1.8667297
a;12513809384400;-8.997101;-3.9338837;1.8798676
a;12513829526001;-9.008835;-3.9250488;1.8738861
a;12513849667603;-8.995148;-3.9094849;1.9589844
a;12513869809204;-8.971619;-3.9332886;1.9084778
a;12513889950806;-8.974976;-3.949356;1.8657379
a;12513910092407;-9.001617;-3.9445496;1.8780518
a;12513930234009;-9.003387;-3.9095917;1.8788605
a;12513950375610;-8.998047;-3.9212341;1.8760986
a;12513970517212;-8.981781;-3.9325714;1.8483887
a;12513990658814;-8.977509;-3.9437103;1.8613281
a;12514010800415;-9.004166;-3.9326935;1.8813171
a;12514030942017;-9.010971;-3.9281769;1.8590698
a;12514051083618;-8.952972;-3.9323425;1.8831329
a;12514071225220;-8.972748;-3.965042;1.8880005
a;12514091366821;-8.979004;-3.9302826;1.8759155
a;12514111508423;-8.969162;-3.935501;1.884018
a;12514131650025;-9.013779;-3.9362793;1.9115753
a;12514151791626;-9.0065;-3.948944;1.8920593
a;12514171933228;-8.992142;-3.9538116;1.8878937
a;12514192074829;-8.976318;-3.9318237;1.8758087
a;12514212216431;-8.94632;-3.923935;1.8781128
a;12514232358032;-8.939301;-3.8996124;1.8622742
a;12514247464234;-8.92514;-3.9102478;1.8785248
a;12514267605835;-8.945557;-3.927597;1.8606567
a;12514287747437;-8.965729;-3.926834;1.8720856
a;12514307889038;-8.954178;-3.954193;1.8705597
a;12514328030640;-8.98201;-3.9692993;1.8601685
a;12514348172241;-8.988327;-3.9818115;1.8670044
a;12514368313843;-8.966293;-3.9802399;1.8684998
a;12514388455444;-8.955582;-3.9993591;1.8417816
a;12514408597046;-8.954071;-3.992813;1.8389282
a;12514428738648;-8.963898;-4.023773;1.8707275
a;12514448880249;-8.94455;-3.995453;1.8439484
a;12514469021851;-8.950714;-3.9563293;1.8829651
a;12514489163452;-8.944183;-3.966095;1.8243561
a;12514509305054;-8.94455;-3.9909363;1.8548279
a;12514529446655;-8.961304;-3.9888306;1.8570251
a;12514549588257;-8.979004;-3.9466553;1.8421783
a;12514569729859;-8.967346;-3.952423;1.8590393
a;12514589871460;-8.9978485;-3.9923859;1.8636017
a;12514610013062;-8.989639;-3.955902;1.8451385
a;12514630154663;-8.942841;-3.9251556;1.8591309
a;12514650296265;-8.958435;-3.952835;1.8600616
a;12514670437866;-8.9826355;-3.9520264;1.8980408
a;12514690579468;-8.989014;-3.9255524;1.8967438
a;12514710721069;-9.012329;-3.9674072;1.8999634
a;12514730862671;-8.983139;-4.009369;1.8813934
a;12514751004273;-8.973419;-4.020767;1.8878937
a;12514771145874;-8.965546;-4.0010834;1.8989105
a;12514791287476;-8.927231;-3.9850922;1.9151459
a;12514811429077;-8.870163;-3.972641;1.9405518
a;12514831570679;-8.899673;-4.0162506;1.936264
a;12514851712280;-9.05513;-4.0367737;1.861206
a;12514871853882;-9.021896;-4.076767;1.9315948
a;12514891995484;-8.956406;-4.1794586;1.9245453
a;12514912137085;-9.103119;-4.334839;2.0766144
a;12514932278687;-9.100342;-4.285309;2.1373444
a;12514952420288;-9.131775;-4.4374847;2.2050018
a;12514972561890;-9.179382;-4.4798584;2.6661224
a;12514992703491;-9.329895;-4.782074;2.9027405
a;12515012845093;-9.475693;-5.5798187;2.7224731
a;12515032986694;-9.285278;-6.600891;2.42305
a;12515053128296;-9.146347;-7.425766;2.1584167
a;12515073269898;-9.115875;-7.824417;2.145752
a;12515093411499;-9.10379;-8.060165;2.0894928
a;12515113553101;-8.970551;-8.109161;2.0962524
a;12515133694702;-8.919662;-8.198364;1.8635254
a;12515153836304;-8.752289;-8.281143;1.8148804
a;12515173977905;-8.2617035;-8.320648;1.8356171
a;12515194119507;-7.783493;-8.226852;2.0286102
a;12515214261109;-7.1983337;-7.781845;1.9017639
a;12515234402710;-6.5409393;-7.431656;1.8446198
a;12515254544312;-6.0986633;-7.4408417;2.1197815
a;12515274685913;-5.9378204;-7.4170074;2.6833344
a;12515294827515;-6.065338;-7.765518;2.6495514
a;12515314969116;-5.9534607;-8.599945;2.220337
a;12515335110718;-5.50737;-9.117294;2.5259247
a;12515355252319;-5.4101105;-9.44603;3.5716248
a;12515375393921;-5.9648285;-10.646973;3.3865204
a;12515395535523;-5.787277;-11.4796295;2.3154297
a;12515415677124;-5.014435;-11.942688;1.4371033
a;12515435818726;-4.393387;-13.235672;2.3264313
a;12515455960327;-3.709015;-12.876694;3.435135
a;12515476101929;-2.787857;-11.444321;3.0556183
a;12515496243530;-1.3561554;-10.045563;2.479187
a;12515516385132;-0.4628296;-10.330933;2.2479858
a;12515536526734;-0.38711548;-10.743546;1.9995575
a;12515556668335;0.2704773;-8.579956;2.0559998
a;12515576809937;1.4338837;-6.771942;2.1730804
a;12515596951538;2.084488;-6.2634735;2.4694672
a;12515617093140;2.3882294;-5.7893677;2.7615051
a;12515637234741;2.7879639;-5.1704254;2.4067688
a;12515657376343;3.5404968;-5.0280457;1.8996582
a;12515677517944;4.118469;-5.0644684;2.2231598
a;12515697659546;4.021942;-4.7682343;3.1683655
a;12515717801148;3.646515;-5.245041;4.1907806
a;12515737942749;3.8984528;-5.3065186;4.328171
a;12515758084351;4.4757233;-5.064804;4.3709564
a;12515778225952;4.619919;-4.713211;5.1972504
a;12515798367554;4.3655243;-4.495514;6.0408325
a;12515818509155;4.037506;-4.5435333;6.115631
a;12515838650757;4.0113983;-4.8337708;6.4841156
a;12515858792359;3.9548798;-5.4999695;7.234268
a;12515878933960;3.9708252;-5.706665;7.716049
a;12515899075562;4.200989;-5.3899536;7.6828766
a;12515919217163;4.311493;-5.0680084;7.5665436
a;12515939358765;3.9953918;-5.6010437;7.8384094
a;12515959500366;3.9602203;-6.170761;7.8443756
a;12515979641968;4.231125;-6.1638184;7.530945
a;12515999783569;4.410385;-5.697006;7.4735107
a;12516019925171;4.2365265;-5.2773743;7.7360077
a;12516040066773;4.1904907;-5.249115;7.840515
a;12516060208374;4.438553;-5.221161;7.5388794
a;12516080349976;4.533142;-5.2652893;7.5141296
a;12516100491577;4.4665375;-5.5467987;7.7335663
a;12516120633179;4.4828644;-5.7574005;7.836731
a;12516140774780;4.403473;-5.721878;7.597931
a;12516160916382;4.4956512;-5.785568;7.363968
a;12516181057984;4.513855;-5.6243286;7.4147186
a;12516201199585;4.3795776;-5.4739532;7.6598053
a;12516221341187;4.3352814;-5.301117;7.570389
a;12516241482788;4.311325;-5.101761;7.464905
a;12516261624390;4.1765594;-5.1571655;7.5753784
a;12516281765991;4.280014;-5.398346;7.613571
a;12516301907593;4.3187866;-5.587982;7.513077
a;12516322049194;4.2827606;-5.4430847;7.4771576
a;12516342190796;4.2791595;-5.1511993;7.535324
a;12516362332398;4.368286;-4.956665;8.038025
a;12516382473999;4.1593323;-5.002121;8.054306
a;12516402615601;4.142456;-5.4190063;7.5490265
a;12516422757202;4.0858154;-5.153946;8.045319
a;12516442898804;3.9193726;-4.164734;8.9691925
a;12516463040405;3.6715698;-3.961563;8.714325
a;12516483182007;3.9779968;-4.114502;8.592743
a;12516503323609;3.8821564;-3.938263;8.774796
a;12516523465210;3.8934479;-4.0868225;8.7556
a;12516543606812;4.0056305;-4.430435;8.082962
a;12516563748413;4.2578125;-4.3951874;7.520523
a;12516583890015;4.368744;-4.115631;7.3176727
a;12516604031616;4.352371;-4.1010895;7.4749603
a;12516624173218;4.3059235;-4.5319214;7.258667
a;12516644314819;4.6855927;-4.986328;6.5597687
a;12516664456421;4.870453;-5.637497;6.2192535
a;12516684598023;4.9060974;-6.368927;5.8726654
a;12516704739624;4.731003;-6.7339478;5.612488
a;12516724881226;4.235794;-6.8055115;6.323761
a;12516745022827;3.6464539;-7.112274;7.3207855
a;12516765164429;3.3641663;-6.830719;7.5473175
a;12516785306030;3.1006165;-6.215683;8.066315
a;12516805447632;3.2136536;-5.4914856;8.732468
a;12516825589234;3.5050507;-4.8313293;9.128677
a;12516845730835;3.33638;-4.5022125;9.037613
a;12516865872437;2.574173;-4.834076;9.076614
a;12516886014038;2.010147;-5.1491394;9.169174
a;12516906155640;1.8013;-4.243622;9.718857
a;12516926297241;1.462677;-2.6723938;10.259079
a;12516946438843;0.9350891;-1.884903;10.544525
a;12516966580444;0.7800598;-2.1127014;10.345062
a;12516986722046;0.7891388;-2.4969177;10.201218
a;12517006863648;0.77783203;-2.1693573;10.26384
a;12517027005249;0.678772;-1.1737366;10.054199
a;12517047146851;0.57870483;-0.34077454;9.954041
a;12517067288452;0.62202454;-0.11941528;10.070328
a;12517087430054;0.67575073;-0.62690735;10.1640625
a;12517107571655;0.95454407;-1.0026245;10.002304
a;12517127713257;0.99580383;-0.63601685;9.876968
a;12517147854859;0.94955444;-0.29701233;9.706375
a;12517167996460;0.6242218;0.65156555;9.335663
a;12517188138062;1.8779297;-0.5721588;9.667831
a;12517208279663;1.2808838;-0.9691162;9.825043
a;12517228421265;1.2124939;-1.113617;9.735962
a;12517248562866;1.2623596;-0.6815796;9.570663
a;12517268704468;1.4024811;-0.46051025;9.600647
a;12517288846069;1.4164734;-0.3370819;9.804459
a;12517308987671;1.2569122;-0.38676453;9.902084
a;12517329129273;1.1501007;-0.46066284;9.867844
a;12517349270874;1.2554169;-0.3085327;9.848465
