a;84983689777808;-0.15249634;1.5850372;9.73024
a;84983709919409;-0.2827301;1.6904907;9.766434
a;84983730061011;-0.41285706;2.2114258;9.77536
a;84983750202613;0.1300354;2.759964;9.881714
a;84983770344214;-0.118896484;3.555832;9.802353
a;84983790485816;-1.3687286;5.912262;9.275665
a;84983810627417;-0.86335754;6.597763;9.859238
a;84983830769019;0.31825256;6.0147095;10.098602
a;84983850910620;0.35758972;3.6221924;10.1067505
a;84983871052222;-0.6381073;1.7829895;10.449844
a;84983891193823;-1.1193542;1.4553986;11.355118
a;84983911335425;-1.1222534;1.2542267;12.201157
a;84983931477027;-0.7674866;-0.694458;11.597809
a;84983951618628;0.1211853;-3.0556488;11.209412
a;84983971760230;1.7747498;-4.916382;10.740143
a;84983991901831;2.3822784;-5.041519;10.351639
a;84984012043433;2.8187256;-4.9082794;9.830627
a;84984032185034;2.910202;-5.1090393;8.855347
a;84984052326636;2.8894958;-4.938095;7.1203613
a;84984072468238;3.230194;-5.4776917;5.259323
a;84984092609839;3.161789;-5.46904;5.4083405
a;84984112751441;2.7955627;-3.6593323;6.8214264
a;84984132893042;2.4725342;-2.219345;7.0699005
a;84984153034644;2.7339172;-1.3362122;7.295105
a;84984173176245;2.7836761;-1.3061371;7.7046967
a;84984193317847;2.482376;-1.608841;8.0711975
a;84984213459448;2.418518;-1.5728455;8.238983
a;84984233601050;2.4891815;-1.6692352;7.9200134
a;84984253742652;2.4842224;-2.0232391;7.1791687
a;84984273884253;2.3539276;-1.700592;8.050446
a;84984294025855;2.110138;-0.9017029;10.286011
a;84984314167456;2.1690216;-0.35127258;11.208878
a;84984334309058;2.1331177;-1.2899323;10.78952
a;84984354450659;2.3028564;-3.032364;10.261093
a;84984374592261;2.3957367;-2.7398682;10.909058
a;84984394733863;2.6883698;-2.9407196;10.59964
a;84984414875464;2.5632172;-3.890625;9.471237
a;84984435017066;2.2693634;-3.6832275;9.024994
a;84984455158667;2.1571045;-3.262741;9.381073
a;84984475300269;2.1092224;-3.4584808;9.291214
a;84984495441870;2.1252594;-3.0456543;9.368164
a;84984515583472;2.037613;-2.44458;10.099075
a;84984535725073;1.9752197;-2.7286987;10.03598
a;84984555866675;1.8474121;-3.3295593;9.732391
a;84984576008277;1.6310425;-3.8850098;9.321625
a;84984596149878;1.796875;-3.7706757;9.1414795
a;84984616291480;2.3426056;-2.9934845;9.779648
a;84984636433081;2.3610535;-3.1702576;9.577255
a;84984656574683;2.0018158;-3.8863373;8.890686
a;84984676716284;1.881546;-3.6902618;8.573578
a;84984696857886;2.0655823;-3.4735413;8.720779
a;84984716999488;2.1758575;-3.3136444;9.398621
a;84984737141089;1.9375305;-3.1760101;9.935822
a;84984757282691;2.0284424;-3.5122528;9.559067
a;84984777424292;2.02388;-3.3851929;9.282639
a;84984797565894;1.9851685;-3.3051147;9.407867
a;84984817707495;1.9890747;-3.168518;9.14064
a;84984837849097;2.0909576;-2.8352814;9.110199
a;84984857990698;2.1942596;-2.8177185;9.249802
a;84984878132300;2.1304474;-3.0792084;9.431061
a;84984898273902;1.82547;-2.9894714;9.641083
a;84984918415503;1.7947845;-2.699463;9.751663
a;84984938557105;1.7285767;-2.8785706;9.61554
a;84984958698706;1.7318878;-2.9082031;9.13916
a;84984978840308;1.84198;-2.362503;9.633347
a;84984998981909;1.8287354;-2.1843414;10.07515
a;84985019123511;1.6201324;-2.2599335;9.935577
a;84985039265113;1.6576538;-2.623764;9.060165
a;84985059406714;1.64151;-3.5504303;8.450851
a;84985079548316;1.2661285;-3.5526886;8.505661
a;84985099689917;1.011734;-3.1342926;8.699188
a;84985119831519;1.0828857;-2.808426;8.653595
a;84985139973120;1.01651;-2.585144;8.34346
a;84985160114722;0.92778015;-2.4546356;7.574173
a;84985180256323;1.0686493;-2.8683472;7.210663
a;84985200397925;1.3473511;-3.57724;7.0271454
a;84985220539527;1.5227509;-4.4990997;6.644272
a;84985240681128;1.5063324;-4.8438263;6.1360626
a;84985260822730;1.4461517;-4.4822083;5.867859
a;84985280964331;1.4278564;-4.114105;5.6281586
a;84985301105933;1.128891;-3.3871155;6.2075806
a;84985321247534;0.91389465;-4.118408;6.4969788
a;84985341389136;0.38368225;-5.252594;5.6966553
a;84985361530738;-0.2705536;-5.1969147;4.865509
a;84985381672339;-0.56292725;-4.958252;4.0480804
a;84985401813941;-0.7765198;-5.1678314;3.524063
a;84985421955542;-1.5300598;-5.4221954;3.2843475
a;84985442097144;-2.5175781;-6.1150208;3.339035
a;84985462238745;-3.3755188;-6.963806;3.0557098
a;84985482380347;-4.717453;-8.519608;3.469986
a;84985502521948;-6.387726;-9.888367;3.436554
a;84985522663550;-7.606827;-9.862244;2.7856598
a;84985542805152;-8.019089;-9.661728;2.9518127
a;84985562946753;-8.996384;-9.830734;3.200882
a;84985583088355;-9.8676605;-9.646042;2.776062
a;84985603229956;-9.931915;-9.195007;2.1664581
a;84985623371558;-9.668594;-8.943024;1.5736084
a;84985643513159;-9.408356;-8.842239;0.99845886
a;84985663654761;-9.125412;-8.99086;0.48718262
a;84985683796363;-9.407852;-9.42218;-0.54751587
a;84985703937964;-10.099625;-9.523941;-1.4204712
a;84985724079566;-10.368576;-8.62178;-1.4053802
a;84985744221167;-10.452164;-7.802826;-0.88778687
a;84985764362769;-10.941254;-7.452484;-0.6875458
a;84985784504370;-11.420578;-7.309311;-0.8575287
a;84985804645972;-11.366028;-7.236145;-1.0512238
a;84985824787573;-11.019379;-6.956833;-1.141037
a;84985844929175;-10.635681;-6.3978577;-1.3710632
a;84985865070777;-10.294373;-5.6885376;-1.5593872
a;84985885212378;-9.881393;-5.2758484;-1.568634
a;84985905353980;-9.4418335;-5.1091766;-1.7731934
a;84985925495581;-9.115112;-4.9343567;-1.3938141
a;84985945637183;-8.887207;-4.8699646;-1.0571289
a;84985965778784;-8.791809;-5.0261536;-1.0861816
a;84985985920386;-8.864212;-4.5900116;-1.1368408
a;84986006061988;-8.908463;-3.3561707;-0.86335754
a;84986026203589;-9.091385;-2.5965881;-0.45661926
a;84986046345191;-9.294785;-2.8982239;-0.5356903
a;84986066486792;-9.212692;-3.3014984;-0.91796875
a;84986086628394;-9.267838;-3.2055206;-0.8193512
a;84986106769995;-9.341003;-2.9485626;-0.569458
a;84986126911597;-9.383484;-2.9029236;-0.44303894
a;84986147053198;-9.517609;-3.0907898;-0.41334534
a;84986167194800;-9.514526;-3.3027344;-0.494339
a;84986187336402;-9.453186;-3.2035675;-0.5177765
a;84986207478003;-9.403763;-2.5924377;-0.34657288
a;84986227619605;-9.416183;-2.251892;0.03479004
a;84986247761206;-9.4088745;-2.4115295;-0.021865845
a;84986267902808;-9.415665;-2.6462402;-0.4180298
a;84986288044409;-9.420898;-2.620926;-0.5842285
a;84986308186011;-9.294876;-2.7080536;-0.5325928
a;84986328327613;-9.2552185;-2.890625;-0.5666504
a;84986348469214;-9.323898;-3.0979462;-0.88583374
a;84986368610816;-9.390869;-3.232315;-1.1558075
a;84986388752417;-9.276627;-3.0725098;-1.0895996
a;84986408894019;-9.210724;-3.020996;-1.0215607
a;84986429035620;-9.234436;-3.1352234;-1.048523
a;84986449177222;-9.361465;-3.4336853;-1.0639648
a;84986469318823;-9.415726;-3.6315613;-1.0886536
a;84986489460425;-9.426147;-3.6361542;-1.0406342
a;84986509602027;-9.387512;-3.5375366;-0.8631897
a;84986529743628;-9.358261;-3.430252;-0.73332214
a;84986549885230;-9.548248;-3.438675;-0.77752686
a;84986570026831;-9.559418;-3.4607391;-0.8673401
a;84986590168433;-9.276093;-3.226593;-0.7066345
a;84986610310034;-9.187164;-3.0319214;-0.5195923
a;84986630451636;-9.232147;-2.9857483;-0.5289154
a;84986650593238;-9.307663;-3.1331177;-0.7172394
a;84986670734839;-9.329239;-3.2831573;-0.7586212
a;84986690876441;-9.37793;-3.3809052;-0.8594055
a;84986711018042;-9.284454;-3.2415771;-0.76426697
a;84986731159644;-9.2929535;-3.1902618;-0.5629883
a;84986751301245;-9.351364;-3.2693634;-0.6535034
a;84986771442847;-9.377396;-3.4533386;-0.6321869
a;84986791584448;-9.426498;-3.4832916;-0.5678406
a;84986811726050;-9.450989;-3.4838562;-0.56611633
a;84986831867652;-9.387161;-3.4611511;-0.68434143
a;84986852009253;-9.2825775;-3.4867706;-0.70292664
a;84986872150855;-9.189026;-3.4553528;-0.6980133
a;84986892292456;-9.146576;-3.377304;-0.75019836
a;84986912434058;-9.106812;-3.2203217;-0.70762634
a;84986932575659;-9.078033;-3.1484833;-0.69026184
a;84986952717261;-9.147278;-3.1730652;-0.69317627
a;84986972858863;-9.143723;-3.2651215;-0.7789917
a;84986993000464;-9.132553;-3.3723755;-0.7846832
a;84987013142066;-9.137375;-3.4035492;-0.73895264
a;84987033283667;-9.130417;-3.486435;-0.69425964
a;84987053425269;-9.16626;-3.52005;-0.7093353
a;84987073566870;-9.185364;-3.556366;-0.67071533
a;84987093708472;-9.181946;-3.578354;-0.69880676
a;84987113850073;-9.138229;-3.591156;-0.6396332
a;84987133991675;-9.129456;-3.668579;-0.6562958
a;84987154133277;-9.150284;-3.7214203;-0.7552643
a;84987174274878;-9.136978;-3.7422028;-0.8209686
a;84987194416480;-9.15152;-3.7933807;-0.8174286
a;84987214558081;-9.227661;-3.7947845;-0.7250824
a;84987234699683;-9.226669;-3.74057;-0.7072296
a;84987254841284;-9.294907;-3.7441864;-0.68263245
a;84987274982886;-9.237808;-3.790268;-0.7133484
a;84987295124488;-9.208572;-3.7976532;-0.6374512
a;84987315266089;-9.138245;-3.7771301;-0.69866943
a;84987335407691;-9.1801605;-3.7019348;-0.75775146
a;84987355549292;-9.203796;-3.6187897;-0.79603577
a;84987375690894;-9.172806;-3.657074;-0.79159546
a;84987395832495;-9.096252;-3.6439667;-0.7550049
a;84987415974097;-9.016983;-3.5702667;-0.76412964
a;84987436115698;-9.073334;-3.5531769;-0.8607178
a;84987456257300;-9.203857;-3.6309967;-0.86505127
a;84987476398902;-9.217407;-3.7502594;-0.8657532
a;84987496540503;-9.261078;-3.8285828;-0.9512634
a;84987516682105;-9.278564;-3.8037872;-0.8755188
a;84987536823706;-9.26857;-3.6845093;-0.785141
a;84987556965308;-9.252319;-3.525711;-0.70961
a;84987577106909;-9.245712;-3.4421387;-0.64675903
a;84987597248511;-9.237396;-3.401245;-0.722702
a;84987617390113;-9.213974;-3.4667053;-0.769989
a;84987637531714;-9.184418;-3.6294556;-0.6636658
a;84987657673316;-9.2148285;-3.6543121;-0.65309143
a;84987677814917;-9.264969;-3.6355286;-0.7718353
a;84987697956519;-9.370316;-3.8691711;-0.5576935
a;84987718098120;-10.131531;-4.842743;0.18171692
a;84987738239722;-10.315216;-6.053131;0.5393982
a;84987758381323;-10.235886;-6.531021;0.4826355
a;84987778522925;-11.118225;-6.0243225;0.96347046
a;84987798664527;-11.015335;-7.768219;2.2337646
a;84987818806128;-10.174774;-9.847122;2.3741455
a;84987838947730;-10.266281;-10.307495;1.3001404
a;84987859089331;-10.055054;-10.846436;-0.048294067
a;84987879230933;-9.658035;-11.301346;0.064819336
a;84987899372534;-9.503174;-10.959686;0.85220337
a;84987919514136;-9.372116;-10.686096;0.68151855
a;84987939655738;-9.152451;-10.550903;-0.29045105
a;84987959797339;-8.424011;-10.780914;-0.062286377
a;84987979938941;-7.6148834;-10.723465;0.72753906
a;84988000080542;-7.129593;-10.603409;0.79859924
a;84988020222144;-6.2085876;-10.696487;0.38108826
a;84988040363745;-5.2731476;-10.7695465;0.62768555
a;84988060505347;-4.565048;-10.471405;1.2953339
a;84988080646948;-4.0286713;-10.288666;1.4894562
a;84988100788550;-3.5010986;-10.1532135;0.97969055
a;84988120930152;-2.8374023;-10.222885;1.1079102
a;84988141071753;-2.0634613;-10.159439;1.4981537
a;84988161213355;-1.3976746;-10.159317;1.6558533
a;84988181354956;-0.756546;-10.073807;1.9937439
a;84988201496558;-0.074920654;-9.70018;2.2172241
a;84988221638159;0.75057983;-9.223572;2.0576935
a;84988241779761;1.5352783;-8.958313;1.5980377
a;84988261921363;2.374771;-8.052414;2.1617432
a;84988282062964;2.9852448;-7.190811;2.8921356
a;84988302204566;3.402176;-6.3198853;2.9457397
a;84988322346167;3.9474487;-5.979431;2.5875397
a;84988342487769;4.658951;-6.4498444;2.074112
a;84988362629370;4.7813873;-5.7186737;2.3172607
a;84988382770972;4.568039;-4.6860657;3.1634521
a;84988402912573;4.0555267;-5.486786;3.364029
a;84988423054175;3.931366;-5.940689;3.0285492
a;84988443195777;3.9405212;-5.237274;3.6618042
a;84988463337378;3.857895;-4.712433;3.878662
a;84988483478980;3.4113617;-5.6658783;3.4331055
a;84988503620581;3.3237915;-6.13266;3.194931
a;84988523762183;3.357956;-5.06546;4.153839
a;84988543903784;3.1234894;-5.0005646;4.363556
a;84988564045386;3.3167572;-5.157181;4.654541
a;84988584186988;3.8886414;-5.8145294;5.207016
a;84988604328589;4.802536;-5.9224854;5.3078003
a;84988624470191;5.2365723;-4.4444733;5.6259766
a;84988644611792;5.6030426;-4.585083;5.867752
a;84988664753394;5.5878754;-5.07959;5.197296
a;84988684894995;5.819809;-4.7810516;5.0756073
a;84988705036597;6.1150208;-5.3900757;5.296051
a;84988725178198;6.29274;-6.1511383;4.967453
a;84988745319800;6.340927;-6.4855194;4.465103
a;84988765461402;6.576065;-6.502945;4.398712
a;84988785603003;6.7040405;-6.4019165;4.391983
a;84988805744605;6.2501373;-6.313751;4.4241943
a;84988825886206;6.1211395;-7.087372;3.6123047
a;84988846027808;6.0639954;-7.8087006;3.0687408
a;84988866169409;6.1091766;-7.471176;3.3550415
a;84988886311011;6.3812256;-6.343048;4.417267
a;84988906452613;6.4223175;-6.307831;4.797867
a;84988926594214;6.221344;-6.9798584;4.302643
a;84988946735816;6.225357;-7.103195;3.3430939
a;84988966877417;6.8655396;-7.4748383;3.2754364
a;84988987019019;7.0348053;-7.0157623;4.534683
a;84989007160620;7.6042786;-6.096039;5.0803223
a;84989027302222;8.356003;-5.8956604;4.1819
a;84989047443823;8.379379;-6.4414215;3.8629913
a;84989067585425;8.667694;-8.761246;3.975937
a;84989087727027;8.194305;-8.915314;3.6716766
a;84989107868628;8.0401;-7.0107574;4.5606995
a;84989128010230;8.250229;-5.5117645;4.295059
a;84989148151831;7.4095306;-6.663574;3.4178467
a;84989168293433;7.0882416;-8.2509;2.801361
a;84989188435034;7.2592773;-8.160675;2.9439392
a;84989208576636;7.4437714;-7.075424;2.8708954
a;84989228718238;7.6264496;-6.473587;2.6928406
a;84989248859839;7.9541016;-6.411743;2.2495575
a;84989269001441;8.117889;-6.6877594;2.2580414
a;84989289143042;8.2845;-6.855942;2.3980713
a;84989309284644;7.7349854;-6.5119476;2.2419128
a;84989329426245;7.2812195;-6.367996;2.117691
a;84989349567847;7.733444;-7.0963287;2.4700928
a;84989369709448;7.9472656;-7.6547546;2.4230194
a;84989389851050;7.7754974;-7.807266;2.224228
a;84989409992652;7.967331;-6.987488;2.3784943
a;84989430134253;8.2655945;-6.1822815;2.637497
a;84989450275855;8.292801;-6.136551;2.834259
a;84989470417456;7.982193;-6.2239075;2.982071
a;84989490559058;7.8574524;-6.34256;2.6736755
a;84989510700659;7.932007;-6.692093;2.3040314
a;84989530842261;8.009079;-6.5247498;2.250183
a;84989550983863;7.85141;-5.8577576;2.6264954
a;84989571125464;7.792511;-5.3234406;2.8513794
a;84989591267066;7.7799225;-5.5730743;2.7169647
a;84989611408667;7.7513733;-5.622101;2.5378418
a;84989631550269;7.472748;-5.2894745;2.6207733
a;84989651691870;7.127121;-4.985733;2.7224884
a;84989671833472;7.0017242;-4.8909607;3.0166779
a;84989691975073;6.7428284;-5.099716;2.5370789
a;84989712116675;6.462509;-5.1804657;1.9111938
a;84989732258277;6.8585663;-5.790558;2.098236
a;84989752399878;6.452667;-6.5467987;2.0009308
a;84989772541480;6.08902;-6.0785675;2.0084229
a;84989792683081;5.6106567;-5.69487;1.8834839
a;84989812824683;5.136261;-5.7638245;1.6861877
a;84989832966284;5.5174255;-5.554657;1.6027985
a;84989853107886;6.0612946;-5.152481;1.9466248
a;84989873249488;5.252655;-5.1753845;2.3306732
a;84989893391089;5.144104;-5.3389435;2.271698
a;84989913532691;5.775299;-5.3501587;2.1242523
a;84989933674292;6.15271;-5.5920258;1.9217377
a;84989953815894;5.9822235;-5.8772736;1.947998
a;84989973957495;5.3801575;-5.821701;1.8940277
a;84989994099097;5.4479218;-5.4009094;1.9360962
a;84990014240698;6.2269897;-5.057617;1.6470337
a;84990034382300;7.2730865;-5.5337067;1.2862396
a;84990054523902;7.0569305;-6.7782135;1.3366241
a;84990074665503;6.3431396;-7.2026825;2.047943
a;84990094807105;7.147415;-6.158142;2.0367737
a;84990114975275;8.352463;-5.588745;2.1931152
a;84990135116877;8.210617;-6.395401;2.2345428
a;84990155258478;7.7131042;-7.5091095;1.8674774
a;84990175400080;7.2478027;-7.564209;1.6001129
a;84990195541682;7.6139984;-7.2319946;1.753128
a;84990215683283;8.056839;-7.57489;2.3961945
a;84990235824885;7.849579;-7.7775574;2.2049408
a;84990255966486;7.6279144;-7.3131104;1.9485931
a;84990276108088;7.932083;-7.4549866;1.9308014
a;84990296249689;8.111511;-8.01709;2.2071686
a;84990316391291;8.169479;-8.415649;2.3891907
a;84990336532892;8.072784;-8.602234;2.1567078
a;84990356674494;8.334;-8.754898;2.9595795
a;84990376816096;7.948349;-9.171997;2.7577972
a;84990396957697;7.923065;-10.428787;2.4805298
a;84990417099299;8.114807;-9.784027;2.0137024
a;84990437240900;8.991562;-9.111542;1.9239807
a;84990457382502;9.099426;-8.978409;1.479065
a;84990477524103;9.625214;-8.941223;1.7215271
a;84990497665705;9.823135;-7.919052;1.6009369
a;84990517807307;10.438873;-7.428894;1.4593353
a;84990537948908;10.939087;-8.324844;0.822525
a;84990558090510;9.886063;-9.121155;0.3580017
a;84990578232111;8.683212;-8.631714;0.8633423
a;84990598373713;8.356415;-7.473114;0.9894867
a;84990618515314;8.857101;-6.973114;0.51960754
a;84990638656916;8.21167;-6.644348;0.8076782
a;84990658798517;7.120575;-6.657303;2.1092377
a;84990678940119;7.3813477;-6.7784576;1.428299
a;84990699081721;7.934952;-6.8389587;0.45333862
a;84990719223322;7.872818;-6.2703094;0.7722473
a;84990739364924;7.7773895;-5.626007;1.0641937
a;84990759506525;7.4314575;-5.814682;0.8980255
a;84990779648127;7.0569916;-6.020508;0.71139526
a;84990799789728;7.0733185;-6.217331;0.4795227
a;84990819931330;7.370407;-6.3915863;0.2570343
a;84990840072932;7.46756;-6.0014954;0.21795654
a;84990860214533;7.3467865;-5.1623077;0.8851776
a;84990880356135;7.2141113;-5.0072784;1.2387848
a;84990900497736;7.0135193;-5.170212;1.2861633
a;84990920639338;7.029648;-5.458954;0.9190979
a;84990940780939;7.181595;-5.5822754;0.89749146
a;84990960922541;6.84404;-5.1253967;1.1753082
a;84990981064142;6.817795;-4.880966;1.8169556
a;84991001205744;6.634796;-4.818405;2.101944
a;84991021347346;5.863983;-4.8083496;2.0489197
a;84991041488947;4.951828;-5.0940247;2.2131348
a;84991061630549;4.2485046;-5.06723;1.9067993
a;84991081772150;3.7115173;-4.78891;1.5677795
a;84991101913752;3.0999298;-4.759369;1.5774536
a;84991122055353;2.9210815;-4.5134277;1.7145996
a;84991142196955;4.1450653;-4.133484;1.3637695
a;84991162338557;5.6566315;-4.223358;0.7108612
a;84991182480158;5.96167;-5.03273;-0.05064392
a;84991202621760;5.55986;-5.092209;-0.28945923
a;84991222763361;6.3187256;-4.6884003;0.78038025
a;84991242904963;7.7191467;-4.3695984;1.4429474
a;84991263046564;9.795685;-6.5734406;1.8323364
a;84991283188166;9.689896;-7.448761;0.7378998
a;84991303329767;9.460678;-8.296387;-0.645874
a;84991323471369;10.933472;-7.4376373;0.46313477
a;84991343612971;11.791809;-6.9867096;1.6442719
a;84991363754572;9.835037;-8.399216;1.2412567
a;84991383896174;8.156082;-9.634705;0.40379333
a;84991404037775;9.023453;-9.43689;0.1285553
a;84991424179377;9.540924;-8.558228;0.4854126
a;84991444320978;9.077301;-8.255951;0.69174194
a;84991464462580;7.647812;-8.4808655;0.7669678
a;84991484604182;7.4640503;-8.459457;0.566803
a;84991504745783;7.407852;-8.373016;0.52926636
a;84991524887385;7.1749725;-8.353912;0.2741089
a;84991545028986;7.4388275;-8.347;0.8243561
a;84991565170588;8.115768;-8.864624;0.21951294
a;84991585312189;8.764435;-9.45459;0.47357178
a;84991605453791;9.2695465;-9.6175995;0.3439026
a;84991625595392;9.47467;-9.112549;-0.3645172
a;84991645736994;8.981033;-8.790436;0.30249023
a;84991665878596;8.474106;-8.288742;0.85391235
a;84991686020197;8.67952;-8.219864;0.99642944
a;84991706161799;8.807297;-8.848633;-0.21525574
a;84991726303400;8.712845;-9.065323;-1.181076
a;84991746445002;8.499176;-8.083878;-0.83665466
a;84991766586603;8.460327;-7.0542145;-0.13876343
a;84991786728205;7.9379425;-6.8261414;0.30966187
a;84991806869807;7.63208;-7.0578613;0.28201294
a;84991827011408;7.8095245;-7.013321;-0.14607239
a;84991847153010;7.965561;-6.713974;-0.26164246
a;84991867294611;8.003677;-6.3084564;0.16499329
a;84991887436213;8.136627;-6.046341;0.30717468
a;84991907577814;8.471268;-5.917145;0.68170166
a;84991927719416;8.931427;-5.8332367;0.6865082
a;84991947861017;9.2256775;-5.4415436;0.39926147
a;84991968002619;9.209106;-5.3132477;0.46095276
a;84991988144221;8.993515;-5.5675964;0.6444702
a;84992008285822;8.447296;-5.585556;0.71546936
a;84992028427424;8.128754;-5.1374664;0.9144745
a;84992048569025;8.169586;-4.83902;1.3614502
a;84992068710627;7.798126;-5.29718;1.2541504
a;84992088852228;7.6023407;-5.813858;1.0386505
a;84992108993830;7.7407684;-5.597946;1.5838776
a;84992129135432;7.639572;-4.805191;2.0542297
a;84992149277033;7.7278595;-4.3328094;2.2165222
a;84992169418635;7.927353;-4.2605133;2.5849915
a;84992189560236;7.6726227;-4.39386;2.6160583
a;84992209701838;7.50325;-4.607376;2.3022919
a;84992229843439;7.237274;-4.631851;2.1096344
a;84992249985041;6.6648254;-4.2862396;1.9936066
a;84992270126642;6.290329;-4.07959;1.8813019
a;84992290268244;5.965454;-3.8069763;1.9876556
a;84992310409846;5.6219177;-3.4630585;2.0753784
a;84992330551447;5.5006714;-3.1474304;1.9182739
a;84992350693049;5.4314117;-2.9001007;1.7032776
a;84992370834650;5.408539;-2.6607208;1.7269135
a;84992390976252;5.61351;-2.598755;1.9803162
a;84992411117853;6.5713196;-3.330597;2.6953278
a;84992431259455;6.8694;-4.7163544;2.2127533
a;84992451401057;6.0459137;-6.2213593;1.3713226
a;84992471542658;5.072632;-5.8404083;1.4005585
a;84992491684260;4.6767273;-4.2967377;1.7316589
a;84992511825861;5.213745;-3.4361877;1.3014374
a;84992531967463;6.981949;-3.7688446;0.14595032
a;84992552109064;8.091415;-5.549011;0.04876709
a;84992572250666;8.179337;-6.7566986;0.31843567
a;84992592392267;7.7678223;-6.129822;1.4540405
a;84992612533869;9.288452;-4.4010925;2.8660278
a;84992632675471;11.349716;-6.0133514;4.415497
a;84992652817072;10.030136;-8.527344;0.15693665
a;84992672958674;10.127838;-9.558014;-1.7579956
a;84992693100275;10.577408;-6.181366;-0.61221313
a;84992713241877;11.8272705;-4.39592;1.2376709
a;84992733383478;11.457794;-3.9967346;2.281189
a;84992753525080;8.648407;-6.28743;1.7566986
a;84992773666682;7.463562;-8.017883;-0.61701965
a;84992793808283;9.282944;-7.1080627;-1.293396
a;84992813949885;9.224686;-5.224716;0.1386261
a;84992834091486;7.923416;-5.5065002;1.362793
a;84992854233088;7.4585114;-6.656967;0.66456604
a;84992874374689;8.327744;-7.10347;-0.36790466
a;84992894516291;8.652954;-6.707489;0.014831543
a;84992914657892;8.231308;-6.593521;1.0473938
a;84992934799494;8.871689;-6.7790375;1.3908386
a;84992954941096;9.993942;-6.834381;1.0770264
a;84992975082697;10.430588;-6.657028;0.46507263
a;84992995224299;11.243576;-6.957718;0.15187073
a;84993015365900;11.814575;-8.525558;0.50135803
a;84993035507502;11.021912;-8.971954;0.47427368
a;84993055649103;10.095245;-7.9351044;0.5339813
a;84993075790705;10.084045;-6.790161;-0.03366089
a;84993095932307;10.043045;-6.1925354;-0.08546448
a;84993116073908;9.455811;-6.971039;0.04206848
a;84993136215510;8.823044;-7.7582855;-0.1418457
a;84993156357111;8.841843;-7.1532745;-0.19541931
a;84993176498713;9.23085;-6.192871;0.17250061
a;84993196640314;9.060059;-4.6463165;0.60466003
a;84993216781916;8.939529;-4.3689575;1.07547
a;84993236923517;9.023834;-5.28627;0.091415405
a;84993257065119;9.086426;-6.486618;-0.6115265
a;84993277206721;8.446289;-6.850464;-0.037002563
a;84993297348322;8.286133;-5.8343506;0.5755768
a;84993317489924;8.813324;-5.0904236;0.6941986
a;84993337631525;9.065002;-5.2543945;0.272583
a;84993357773127;8.8497925;-5.8157196;-0.070495605
a;84993377914728;8.647263;-6.3211823;0.2626953
a;84993398056330;8.605057;-6.1622467;0.6148071
a;84993418197932;8.081131;-5.5770874;0.8582306
a;84993438339533;7.999008;-5.103653;1.2389832
a;84993458481135;8.216827;-5.083023;1.2932892
a;84993478622736;7.8993683;-5.444992;1.1671448
a;84993498764338;7.453415;-5.444107;1.3698425
a;84993518905939;7.4607544;-4.7511444;1.7227936
a;84993539047541;7.675827;-4.4005127;1.7156067
a;84993559189142;7.563797;-4.7528687;1.7671967
a;84993579330744;7.501892;-5.342697;1.6157684
a;84993599472346;7.1095276;-5.6298065;1.6069946
a;84993619613947;7.1071167;-5.171036;1.7866058
a;84993639755549;7.2654724;-4.824463;2.1200104
a;84993659897150;7.334961;-4.44545;2.1130524
a;84993680038752;7.2250214;-4.5477753;2.4008179
a;84993700180353;6.9495087;-4.809723;2.1966248
a;84993720321955;6.323044;-4.670227;2.0202332
a;84993740463557;5.9262085;-4.1189575;2.1898499
a;84993760605158;6.304016;-3.4133148;2.2030334
a;84993780746760;5.983124;-3.203003;2.3748322
a;84993800888361;5.0485077;-3.3865204;2.0994568
a;84993821029963;4.6347504;-3.2602997;1.8656006
a;84993841171564;5.738098;-3.327774;2.051239
a;84993861313166;6.235626;-3.5821838;1.9119568
a;84993881454767;5.573166;-3.9735413;1.7206726
a;84993901596369;5.3877106;-3.97406;1.375946
a;84993921737971;6.7066345;-3.9116974;1.1058655
a;84993941879572;7.7625427;-4.26062;1.1162415
a;84993962021174;7.2273865;-4.9050293;1.4416199
a;84993982162775;6.63385;-4.8801727;1.3943787
a;84994002304377;7.972702;-4.4820557;1.2775726
a;84994022445978;9.410004;-5.3618317;0.91893005
a;84994042587580;9.520462;-6.7204437;0.6858063
a;84994062729182;9.75354;-6.5860596;1.5599365
a;84994082870783;10.514587;-5.5555267;3.1549072
a;84994103012385;10.291092;-5.617813;3.828827
a;84994123153986;9.367035;-7.1089478;2.7794037
a;84994143295588;9.230713;-8.015991;1.4588165
a;84994163437189;9.352341;-7.3912354;2.1851654
a;84994183578791;8.886063;-6.493103;3.398697
a;84994203720392;8.236694;-6.2368164;3.2036896
a;84994223861994;7.702545;-6.7824097;2.3545685
a;84994244003596;7.948654;-7.2426147;1.7726593
a;84994264145197;9.055588;-7.3681335;2.0736694
a;84994284286799;9.239716;-7.864456;2.8193512
a;84994304428400;8.568481;-7.957062;3.0362244
a;84994324570002;8.903748;-7.753418;3.1015778
a;84994344711603;9.784714;-7.8462677;3.268982
a;84994364853205;10.031052;-8.845551;3.6295624
a;84994384994807;9.424561;-9.5217285;3.6488647
a;84994405136408;9.027893;-9.21904;3.782257
a;84994425278010;8.832794;-8.672882;2.8744507
a;84994445419611;8.905197;-8.6418;2.1228638
a;84994465561213;8.797638;-8.224121;2.2357178
a;84994485702814;8.76149;-7.86409;2.5269623
a;84994505844416;8.704605;-8.002747;2.7170868
a;84994525986017;8.411957;-7.861679;2.3233795
a;84994546127619;8.698929;-7.712967;1.9279327
a;84994566269221;9.167267;-7.3569794;1.5678253
a;84994586410822;9.218002;-6.742569;1.532486
a;84994606552424;9.110565;-5.987976;1.2429504
a;84994626694025;9.13208;-5.415024;0.8622589
a;84994646835627;9.1073;-5.281433;0.9623413
a;84994666977228;8.77771;-5.425598;0.99746704
a;84994687118830;8.6888275;-5.382965;0.65063477
a;84994707260432;8.694168;-4.9240417;0.25117493
a;84994727402033;8.696442;-4.7314606;0.2710266
a;84994747543635;8.5408325;-5.1841125;0.6795044
a;84994767685236;7.9628754;-5.5203857;1.3592987
a;84994787826838;7.6726074;-5.276291;1.4549408
a;84994807968439;7.8724823;-5.1997375;1.0774994
a;84994828110041;7.7446136;-5.720215;1.1187439
a;84994848251642;7.386688;-5.9334717;1.5995178
a;84994868393244;7.4522552;-5.328171;2.1168976
a;84994888534846;7.6269684;-4.7584076;2.3539581
a;84994908676447;7.45047;-4.913437;1.7864532
a;84994928818049;7.4881897;-5.4006195;1.3686523
a;84994948959650;7.6380157;-5.0228577;1.045578
a;84994969101252;7.5995026;-4.598236;1.4478607
a;84994989242853;7.3025513;-4.567047;1.8302307
a;84995009384455;6.9001007;-4.716919;1.6862793
a;84995029526057;6.338196;-4.535614;1.348526
a;84995049667658;6.481827;-4.397888;1.296814
a;84995069809260;6.865921;-4.2438965;1.5422211
a;84995089950861;6.7679596;-3.727295;1.8961487
a;84995110092463;6.449051;-3.5968628;1.7695313
a;84995130234064;6.1503296;-4.1667023;1.677887
a;84995150375666;5.9524384;-4.408905;1.5623169
a;84995170517267;6.741165;-4.3799286;1.7893982
a;84995190658869;7.4934387;-4.387665;1.7402802
a;84995210800471;7.2832336;-4.4873505;1.9807129
a;84995230942072;6.2703247;-4.3432617;1.8068237
a;84995251083674;5.5481415;-4.5295258;1.1252136
a;84995271225275;5.6216125;-4.6490326;0.86750793
a;84995291366877;6.318878;-4.25473;0.9176636
a;84995311508478;6.8923798;-4.231842;0.6332855
a;84995331650080;6.787277;-4.873001;0.3204956
a;84995351791682;6.813629;-5.294403;0.87210083
a;84995371933283;7.5078125;-5.0217743;1.6908417
a;84995392074885;8.300751;-4.660492;2.3407135
a;84995412216486;8.362091;-4.8397827;1.6044006
a;84995432358088;8.620178;-5.510681;1.16922
a;84995452499689;8.934525;-5.8964844;1.0140381
a;84995472641291;9.188339;-5.6271667;1.4875793
a;84995492782892;9.654999;-5.3906555;2.0321808
a;84995512924494;9.10202;-5.317734;1.9888
a;84995533066096;8.955978;-5.865341;1.7150726
a;84995553207697;9.188904;-6.5245514;1.6000824
a;84995573349299;9.052933;-6.65007;1.1295013
a;84995593490900;8.579041;-6.430771;1.4207611
a;84995613632502;7.7702637;-6.4494324;1.8540802
a;84995633774103;8.520554;-6.2821503;1.5031433
a;84995653915705;10.055252;-6.2655487;1.0311584
a;84995674057307;9.562042;-6.8400574;1.4923248
a;84995694198908;8.8467865;-7.2078705;1.7997131
a;84995714340510;9.322922;-7.4907074;2.1749878
a;84995734482111;9.315292;-7.3563843;2.2166443
a;84995754623713;9.368195;-7.622879;2.1741638
a;84995774765314;9.735901;-8.22406;1.9165802
a;84995794906916;9.848206;-8.8129425;1.7309113
a;84995815048517;9.290146;-8.8524475;1.7936096
a;84995835190119;9.369156;-8.858124;2.288971
a;84995855331721;9.338409;-8.697464;1.835434
a;84995875473322;9.141083;-8.446442;1.4156952
a;84995895614924;9.241562;-7.6546173;1.2367706
a;84995915756525;9.343842;-7.3767242;1.4934998
a;84995935898127;8.978134;-7.2198944;1.5633392
a;84995956039728;8.69873;-7.300873;1.5091858
a;84995976181330;8.625839;-7.3224945;0.6548767
a;84995996322932;8.787781;-7.2317047;-0.06539917
a;84996016464533;8.969925;-6.4656525;-0.030593872
a;84996036606135;9.212662;-5.57547;0.22904968
a;84996056747736;9.100372;-5.4569397;-0.11361694
a;84996076889338;8.680527;-6.2224884;-0.40242004
a;84996097030939;8.482468;-6.8202972;-0.72839355
a;84996117172541;8.751236;-6.5214844;-0.54971313
a;84996137314142;9.007736;-5.89859;-0.14552307
a;84996157455744;8.923767;-6.0250397;-0.1574707
a;84996177597346;8.713028;-6.696686;-0.31985474
a;84996197738947;8.380722;-6.6872253;-0.10812378
a;84996217880549;8.209595;-5.9453735;0.16638184
a;84996238022150;8.275894;-5.5735474;0.82289124
a;84996258163752;8.246704;-5.5158386;1.175766
a;84996278305353;8.068588;-5.8401184;0.4360199
a;84996298446955;8.114212;-6.164398;0.19799805
a;84996318588557;7.985504;-5.323395;0.89346313
a;84996338730158;7.92395;-4.245758;0.8475647
a;84996358871760;8.121857;-4.3663483;0.828125
a;84996379013361;7.576645;-5.2593384;0.6925812
a;84996399154963;6.843033;-5.647873;0.5635834
a;84996419296564;6.9287415;-5.2886047;1.0561676
a;84996439438166;7.1947784;-4.8327637;1.2806549
a;84996459579767;6.9915924;-4.962082;1.4518433
a;84996479721369;6.426651;-5.0967712;1.2739868
a;84996499862971;6.590561;-4.9748077;1.3208008
a;84996520004572;7.057785;-4.5970154;1.4489594
a;84996540146174;6.812027;-4.275879;1.5876617
a;84996560287775;6.2863007;-4.185318;1.461441
a;84996580429377;6.192749;-4.2530212;1.3816528
a;84996600570978;6.469528;-4.105606;0.9046631
a;84996620712580;6.649109;-3.9251099;0.97398376
a;84996640854182;6.500122;-3.8173828;1.5081024
a;84996660995783;6.389633;-3.8074188;1.437027
a;84996681137385;6.4757996;-4.010025;1.2305756
a;84996701278986;5.8703156;-4.015625;0.9091644
a;84996721420588;5.0138397;-4.0454254;0.761261
a;84996741562189;5.0002594;-4.33696;0.9104004
a;84996761703791;5.7485657;-4.815918;0.67951965
a;84996781845392;6.1006317;-4.9039;0.142807
a;84996801986994;6.0055084;-4.5871887;0.05355835
a;84996822128596;6.397812;-4.872574;0.8253937
a;84996842270197;7.1778717;-5.301117;0.9726715
a;84996862411799;8.81102;-5.4078064;0.6127472
a;84996882553400;9.241364;-5.505951;0.84539795
a;84996902695002;8.107162;-5.909851;1.2953644
a;84996922836603;8.792511;-6.166992;0.9012146
a;84996942978205;10.57579;-6.1246033;-0.016921997
a;84996963119807;10.383163;-6.3202057;0.14892578
a;84996983261408;8.4804535;-7.085678;1.3698273
a;84997003403010;7.296356;-7.5815125;1.8704071
a;84997023544611;8.322174;-6.8805237;1.068512
a;84997043686213;10.490677;-5.967697;0.55229187
a;84997063827814;10.085907;-6.4469147;0.7955322
a;84997083969416;7.7094574;-8.202347;0.9420471
a;84997104111017;7.9681244;-8.535934;0.54577637
a;84997124252619;9.817825;-7.538803;0.8857727
a;84997144394221;9.582443;-7.2046204;1.1587524
a;84997164535822;7.942383;-8.371567;1.2533417
a;84997184677424;7.591614;-9.364853;0.9104614
a;84997204819025;9.379211;-9.465012;0.4835968
a;84997224960627;10.371887;-9.421356;0.76509094
a;84997245102228;10.170334;-10.323502;1.2078552
a;84997265243830;10.071503;-11.780975;1.0020447
a;84997285385432;9.599915;-11.111801;0.8229828
a;84997305527033;9.26001;-9.429153;1.021164
a;84997325668635;9.275299;-8.17984;0.8888092
a;84997345810236;9.22496;-8.197952;0.9293823
a;84997365951838;8.6436615;-8.962036;0.6790161
a;84997386093439;8.407761;-9.059998;0.4907837
a;84997406235041;8.598679;-8.296738;0.7650757
a;84997426376642;8.691132;-7.1410675;0.7098541
a;84997446518244;8.895065;-6.3743134;0.7622833
a;84997466659846;8.882202;-6.1869507;0.81900024
a;84997486801447;8.707611;-6.4274597;0.57225037
a;84997506943049;8.541458;-6.390518;0.30360413
a;84997527084650;8.387466;-6.0141907;0.6469116
a;84997547226252;8.375107;-5.551956;0.96791077
a;84997567367853;8.493988;-5.252701;0.9777069
a;84997587509455;8.520279;-5.4806824;1.179245
a;84997607651057;7.9466248;-5.921295;0.9810028
a;84997627792658;7.8591766;-5.8997345;1.04393
a;84997647934260;8.254898;-5.2852936;1.1386261
a;84997668075861;8.045639;-4.6532288;1.2438354
a;84997688217463;8.060562;-4.8556213;1.4936371
a;84997708359064;8.174377;-5.31752;1.372406
a;84997728500666;7.9899445;-5.1086884;1.2809143
a;84997748642267;7.641571;-4.488098;1.2772522
a;84997768783869;7.4295807;-4.445923;1.5741577
a;84997788925471;7.278427;-4.667343;1.6028442
a;84997809067072;7.424408;-4.5830994;1.6626282
a;84997829208674;7.284897;-4.3070984;1.4701233
a;84997849350275;7.14563;-4.4233856;1.7410431
a;84997869491877;6.8412323;-4.506027;1.3242798
a;84997889633478;6.9653473;-4.2763367;1.6390533
a;84997909775080;6.640991;-3.70076;2.0073242
a;84997929916682;6.7021027;-3.3738098;1.977478
a;84997950058283;6.8341827;-3.2318726;1.6838379
a;84997970199885;6.3245697;-3.6100006;1.5861206
a;84997990341486;5.6607513;-3.476059;0.8171387
a;84998010483088;6.477646;-3.0699158;1.2974701
a;84998030624689;6.9667664;-2.6734924;1.7105408
a;84998050766291;6.272415;-3.3140717;1.9998779
a;84998070907892;6.15744;-3.9887238;1.8965912
a;84998091049494;6.945938;-4.6212006;1.8720245
a;84998111191096;7.2371216;-5.05954;1.4396973
a;84998131332697;7.303726;-6.025223;2.0756378
a;84998151474299;6.835495;-6.2014008;1.8208771
a;84998171615900;6.711075;-5.264908;1.6202698
a;84998191757502;7.3176575;-4.53096;1.8855743
a;84998211899103;7.802124;-5.254608;2.1425934
a;84998232040705;7.122055;-5.959854;1.7650452
a;84998252182307;5.9796753;-5.625763;1.3274994
a;84998272323908;5.715271;-4.538437;1.895752
a;84998292465510;7.9967804;-3.9057312;3.3508148
a;84998312607111;11.569122;-5.339508;3.28833
a;84998332748713;9.320999;-4.8921814;1.258667
a;84998352890314;8.000061;-6.9231415;0.98127747
a;84998373031916;9.592087;-7.0904846;0.47798157
a;84998393173517;11.293976;-6.0745697;1.6636658
a;84998413315119;10.28952;-5.6347656;1.4886627
a;84998433456721;7.0367737;-6.922226;0.1914978
a;84998453598322;5.946579;-7.9333496;-0.6261139
a;84998473739924;8.30098;-6.7725067;-0.79763794
a;84998493881525;9.327316;-5.9126434;0.18634033
a;84998514023127;7.407501;-6.570511;1.0966492
a;84998534164728;6.8910217;-8.029907;1.4301758
a;84998554306330;8.972107;-7.9286194;0.7039795
a;84998574447932;9.330261;-7.160614;1.0211029
a;84998594589533;8.390244;-7.03804;1.3819427
a;84998614731135;8.397186;-8.072571;1.8970642
a;84998634872736;9.234024;-8.950439;1.7700958
a;84998655014338;9.560699;-9.361664;1.9998474
a;84998675155939;9.64061;-9.797501;2.4080048
a;84998695297541;9.879074;-10.262772;1.8798676
a;84998715439142;9.7574005;-10.326218;1.6019592
a;84998735580744;9.51973;-10.517624;0.60258484
a;84998755722346;9.702774;-10.212463;0.51634216
a;84998775863947;9.484726;-9.518616;1.7155304
a;84998796005549;9.301178;-9.09613;1.8467102
a;84998816147150;9.197983;-8.960236;1.1274109
a;84998836288752;8.890411;-9.447388;0.31814575
a;84998856430353;8.30481;-9.23291;0.2050476
a;84998876571955;8.257324;-7.5221252;1.0221863
a;84998896713557;8.40683;-6.24469;1.5172424
a;84998916855158;8.505142;-5.727478;1.4725342
a;84998936996760;8.492355;-5.768799;0.9270935
a;84998957138361;8.417389;-5.765442;0.8648071
a;84998977279963;8.064117;-5.4377594;0.85606384
a;84998997421564;7.7834015;-5.2528534;0.7255554
a;84999017563166;7.8111267;-5.4070587;0.621048
a;84999037704767;7.8924713;-5.409195;0.47172546
a;84999057846369;7.7220154;-5.3986053;0.6739044
a;84999077987971;7.548538;-5.2497406;0.46749878
a;84999098129572;7.6769104;-5.5155334;0.46650696
a;84999118271174;7.603943;-5.854889;0.34599304
a;84999138412775;7.256439;-5.6716614;0.5018921
a;84999158554377;7.099289;-5.0427094;0.79248047
a;84999178695978;7.5870514;-4.4501953;1.4138489
a;84999198837580;8.168732;-4.1320496;1.676178
a;84999218979182;8.06662;-4.2889404;1.3523407
a;84999239120783;7.8097076;-4.6682587;1.1322021
a;84999259262385;7.9663544;-4.626114;1.0588226
a;84999279403986;8.105545;-4.4431458;1.5686035
a;84999299545588;7.909622;-4.669281;1.8331909
a;84999319687189;7.7807007;-4.866623;1.4223175
a;84999339828791;7.887909;-4.8441467;1.3131104
a;84999359970392;7.8481293;-4.795929;1.3926697
a;84999380111994;7.665222;-4.9128265;1.4660645
a;84999400253596;7.170624;-5.029541;1.5753632
a;84999420395197;6.5948334;-4.9618835;1.4511566
a;84999440536799;6.9068756;-4.6715393;1.455368
a;84999460678400;7.7209625;-4.570709;1.59198
a;84999480820002;7.7185516;-4.602112;1.6547089
a;84999500961603;7.270157;-4.6121674;1.7129364
a;84999521103205;7.3136597;-4.7140656;1.6181946
a;84999541244807;7.7517242;-4.3722534;1.5461273
a;84999561386408;7.8293915;-3.9475708;1.8718109
a;84999581528010;7.485031;-3.7336426;1.8394775
a;84999601669611;7.058975;-3.599228;1.1538391
a;84999621811213;7.1627045;-3.8893433;1.0988464
a;84999641952814;7.3316803;-4.2263947;1.2844849
a;84999662094416;7.053955;-4.9356537;1.6060944
a;84999682236017;6.5257874;-5.450165;1.0694275
a;84999702377619;6.412155;-5.838333;0.94703674
a;84999722519221;6.781296;-5.5353546;0.6792755
a;84999742660822;6.959076;-5.0845795;0.71139526
a;84999762802424;6.1785736;-4.9158173;1.1490326
a;84999782944025;5.609726;-4.83461;1.5323639
a;84999803085627;6.074295;-4.351883;1.2432556
a;84999823227228;7.21286;-3.8738708;1.0625458
a;84999843368830;7.34993;-3.8400269;1.4311676
a;84999863510432;7.1935425;-4.2547455;1.532196
a;84999883652033;7.6832733;-4.794998;1.3553009
a;84999903793635;8.696136;-4.552658;0.877594
a;84999923935236;9.310913;-3.9960785;0.8105316
a;84999944076838;9.124176;-4.8338776;1.8291473
a;84999964218439;8.939972;-6.3517914;1.8534393
a;84999984360041;9.748444;-6.60495;0.89738464
a;85000004501642;9.504837;-5.754959;-0.0076293945
a;85000024643244;9.133682;-5.6650696;0.2930603
a;85000044784846;8.923248;-6.4029694;0.68136597
a;85000064926447;9.343613;-7.0148926;0.45465088
a;85000085068049;9.2786255;-6.9655304;0.16998291
a;85000105209650;8.807053;-7.272522;0.97813416
a;85000125309154;8.833298;-7.7217865;0.8450928
a;85000145450755;9.7864685;-7.794342;0.28799438
a;85000165592357;10.139709;-7.8932953;0.63612366
a;85000185733959;9.032288;-8.063934;1.2799377
a;85000205875560;7.502289;-8.925568;1.5372009
a;85000226017162;7.2118835;-9.053177;0.9080658
a;85000246158763;7.7029724;-8.22171;0.2230072
a;85000266300365;8.32872;-7.830658;-0.06506348
a;85000286441966;8.50708;-9.0612335;1.242981
a;85000306583568;7.8569183;-10.193527;0.071762085
a;85000326725169;8.491852;-10.144104;-0.39959717
a;85000346866771;9.123917;-9.226898;-0.23474121
a;85000367008373;8.778381;-8.919739;0.031555176
a;85000387149974;8.600342;-8.721985;1.026886
a;85000407291576;8.357025;-8.269821;1.181015
a;85000427433177;8.37352;-7.851959;0.71435547
a;85000447574779;8.621567;-8.056152;0.13223267
a;85000467716380;8.627502;-8.2664795;-0.17634583
a;85000487857982;8.579056;-8.364334;-0.34892273
a;85000507999584;8.56131;-8.138626;-0.19210815
a;85000528141185;8.302032;-7.344589;0.17700195
a;85000548282787;8.212982;-6.6297913;0.34155273
a;85000568424388;8.397034;-6.662674;0.04852295
a;85000588565990;8.56517;-7.042465;-0.22982788
a;85000608707591;8.140259;-6.932678;-0.2671051
a;85000628849193;8.052765;-6.2521667;0.2618866
a;85000648990794;8.552612;-5.6520386;0.41419983
a;85000669132396;8.854309;-5.281891;0.38404846
a;85000689273998;8.582855;-5.361969;0.49465942
a;85000709415599;7.858017;-5.3704224;0.47608948
a;85000729557201;7.670349;-4.802063;0.39237976
a;85000749698802;8.381317;-4.7779083;0.92108154
a;85000769840404;8.573395;-5.5951385;1.0588684
a;85000789982005;7.118561;-6.0183716;-0.38764954
a;85000810123607;6.344345;-6.5484314;0.0619812
a;85000830265209;7.4862823;-5.8101807;0.49909973
a;85000850406810;8.224548;-4.862488;0.94132996
a;85000870548412;7.8070374;-5.071823;1.1111145
a;85000890690013;7.206711;-5.6698456;0.8674011
a;85000910831615;7.0334167;-5.7315063;0.91238403
a;85000930973216;6.8427124;-4.947708;0.9514923
a;85000951114818;7.0200806;-4.0698395;0.98791504
a;85000971256419;6.895752;-4.466339;1.1865845
a;85000991398021;6.3310547;-5.509369;1.1012268
a;85001011539623;5.9929504;-5.56514;0.91630554
a;85001031681224;6.55188;-4.9203796;1.2820587
a;85001051822826;7.1968536;-4.6595764;1.615097
a;85001071964427;7.267578;-4.845886;1.4309998
a;85001092106029;7.2535553;-5.086319;1.355133
a;85001112247630;7.41539;-5.155777;1.4498596
a;85001132389232;7.928299;-5.016983;1.4761047
a;85001152530834;8.247894;-5.084915;1.6379395
a;85001172672435;7.857971;-5.3640594;1.8313599
a;85001192814037;7.928192;-5.545944;1.7719269
a;85001212955638;8.533279;-5.3030243;1.7234039
a;85001233097240;8.788071;-4.9193726;1.8113556
a;85001253238841;8.774918;-5.4514313;1.9648743
a;85001273380443;8.588715;-5.885086;1.8028412
a;85001293522044;8.634903;-5.74144;1.8406525
a;85001313663646;8.74202;-5.384857;2.0389557
a;85001333805248;8.54776;-5.61174;2.0281982
a;85001353946849;8.492676;-6.0795135;1.6747284
a;85001374088451;8.535187;-6.0921783;1.3583374
a;85001394230052;8.550674;-5.8272552;1.2452393
a;85001414371654;8.153748;-5.9679565;1.7678223
a;85001434513255;7.626877;-6.1656494;1.6755676
a;85001454654857;7.792801;-6.089035;1.5776062
a;85001474796459;8.270981;-5.634964;1.4788666
a;85001494938060;8.231079;-5.576416;1.3522186
a;85001515079662;8.137283;-6.0050354;1.8663177
a;85001535221263;8.386276;-6.2145844;2.0994568
a;85001555362865;8.453415;-5.9259644;1.7419586
a;85001575504466;8.391708;-6.016678;1.5410156
a;85001595646068;8.159927;-6.3475494;1.5424652
a;85001615787669;8.020157;-6.3339233;1.4949951
a;85001635929271;7.8981934;-6.0802;1.8563843
a;85001656070873;7.382141;-5.771881;1.6053314
a;85001676212474;6.918442;-6.155243;1.9178925
a;85001696354076;6.0503845;-6.68277;2.0804138
a;85001716495677;5.161209;-6.676956;1.6443939
a;85001736637279;4.827881;-5.926697;1.3546295
a;85001756778880;5.681717;-5.5259247;2.1780396
a;85001776920482;5.9973297;-4.699051;3.0903015
a;85001797062084;5.5676727;-3.8196564;3.271515
a;85001817203685;5.34906;-4.0701904;2.8055115
a;85001837345287;5.656845;-4.644226;1.2444305
a;85001857486888;6.312744;-4.6154175;0.50253296
a;85001877628490;6.214508;-3.7165222;0.93992615
a;85001897770091;5.6097107;-2.8727112;1.7074738
a;85001917911693;4.8953705;-2.724121;2.1564636
a;85001938053294;4.801071;-3.6221313;2.2542114
a;85001958194896;5.0253143;-4.639984;1.6942291
a;85001978336498;4.714905;-5.153595;1.0515594
a;85001998478099;4.3547363;-5.186676;0.8457947
a;85002018619701;4.6697235;-4.7395935;0.2763672
a;85002038761302;4.8173065;-4.875061;-0.039382935
a;85002058902904;3.3379364;-6.7096863;-0.03363037
a;85002079044505;1.4930267;-8.284683;4.8828125E-4
a;85002099186107;1.0752563;-8.782196;0.24221802
a;85002119327709;1.6402588;-9.078125;0.51698303
a;85002139469310;1.2958679;-10.26329;0.31600952
a;85002159610912;-0.36361694;-12.734146;0.7047119
a;85002179752513;-2.4398499;-16.358902;2.2034912
a;85002199894115;-3.4047546;-16.433395;2.6464233
a;85002220035716;-1.8303528;-12.541504;3.5081024
a;85002240177318;-1.0376434;-10.239822;3.062439
a;85002260318919;-1.3862457;-8.032547;1.3423615
a;85002280460521;-4.1650085;-7.821045;0.41897583
a;85002300602123;-7.913803;-11.176041;0.21792603
a;85002320743724;-10.8385315;-12.811676;0.2353363
a;85002340885326;-12.138962;-11.988007;0.7664795
a;85002361026927;-11.313751;-10.341537;0.714859
a;85002381168529;-10.294861;-9.294922;0.5005646
a;85002401310130;-9.606018;-8.807129;0.06788635
a;85002421451732;-9.848404;-8.806168;-1.2403412
a;85002441593334;-10.740662;-8.985672;-1.8776245
a;85002461734935;-11.818451;-8.513916;-2.642929
a;85002481876537;-12.198105;-7.6403503;-2.1332855
a;85002502018138;-12.814575;-8.126724;-0.09866333
a;85002522159740;-11.77533;-8.915222;-2.054535
a;85002542301341;-8.975159;-8.156387;-3.0560913
a;85002562442943;-7.994507;-7.0129395;-2.4514618
a;85002582584544;-8.881241;-6.2596436;-2.3714294
a;85002602726146;-9.385071;-5.912857;-2.7686768
a;85002622867748;-9.114456;-5.41185;-3.0215607
a;85002643009349;-8.221817;-4.7628784;-2.4669037
a;85002663150951;-7.3660583;-4.013092;-1.8895569
a;85002683292552;-7.1269073;-3.2568665;-1.817688
a;85002703434154;-7.640442;-3.0069885;-2.1391907
a;85002723575755;-8.622467;-3.0652924;-2.495407
a;85002743717357;-9.515854;-3.4379883;-2.7107544
a;85002763858959;-9.526276;-3.7166748;-2.8976746
a;85002784000560;-8.68454;-3.6639404;-2.613556
a;85002804142162;-8.92598;-3.505127;-2.5541077
a;85002824283763;-9.213089;-3.5810852;-2.405014
a;85002844425365;-9.178513;-3.723297;-2.3023224
a;85002864566966;-9.098923;-3.7560272;-2.2064514
a;85002884708568;-9.088303;-3.8858032;-2.1959076
a;85002904850169;-9.024139;-4.008667;-2.2194214
a;85002924991771;-9.002228;-4.144287;-2.1804504
a;85002945133373;-8.989029;-4.182144;-2.0735016
a;85002965274974;-8.873383;-4.156616;-1.9747467
a;85002985416576;-8.796249;-4.148697;-1.9217072
a;85003005558177;-8.764969;-4.1001587;-1.9143524
a;85003025699779;-8.674667;-4.069992;-1.8928375
a;85003045841380;-8.58226;-4.1001434;-1.8969574
a;85003065982982;-8.534927;-4.1269226;-1.8997498
a;85003086124584;-8.44754;-4.173279;-1.9185944
a;85003106266185;-8.433441;-4.2319794;-1.930954
a;85003126407787;-8.395615;-4.298889;-1.9193878
a;85003146549388;-8.418747;-4.312195;-1.95607
a;85003166690990;-8.473846;-4.3185577;-1.9512787
a;85003186832591;-8.5538025;-4.3432617;-1.9711914
a;85003206974193;-8.64151;-4.3963013;-1.9610596
a;85003227115794;-8.699738;-4.4388123;-1.9902039
a;85003247257396;-8.684799;-4.4935455;-1.9952698
a;85003267398998;-8.668671;-4.505661;-2.010498
a;85003287540599;-8.670715;-4.537506;-2.034027
a;85003307682201;-8.65123;-4.5674133;-2.0488434
a;85003327823802;-8.647339;-4.5840454;-2.0631409
a;85003347965404;-8.6392975;-4.576706;-2.0549927
a;85003368107005;-8.563217;-4.5692444;-2.0733032
a;85003388248607;-8.547058;-4.598343;-2.0509186
a;85003408390209;-8.56282;-4.5834503;-2.0803375
a;85003428531810;-8.623871;-4.597275;-2.0806122
a;85003448673412;-8.650681;-4.632263;-2.095169
a;85003468815013;-8.655304;-4.6455536;-2.115982
a;85003488956615;-8.613892;-4.635666;-2.1060638
a;85003509098216;-8.632858;-4.646698;-2.1414185
a;85003529239818;-8.625961;-4.6460266;-2.15773
a;85003549381419;-8.587265;-4.6321564;-2.1504364
a;85003569523021;-8.611404;-4.619293;-2.1493225
a;85003589664623;-8.598038;-4.5865326;-2.1340027
a;85003609806224;-8.612564;-4.549515;-2.0907745
a;85003629947826;-8.596725;-4.5071106;-2.1013641
a;85003650089427;-8.571564;-4.4987335;-2.0525818
a;85003670231029;-8.586746;-4.5370636;-2.0410767
a;85003690372630;-8.636551;-4.5571747;-2.0348206
a;85003710514232;-8.7100525;-4.5380707;-2.099945
a;85003730655834;-8.717209;-4.501053;-2.1433258
a;85003750797435;-8.721527;-4.508957;-2.0700989
a;85003770939037;-8.740326;-4.475754;-2.0278473
a;85003791080638;-8.700348;-4.463669;-2.0848083
a;85003811222240;-8.682419;-4.363632;-2.0771484
a;85003831363841;-8.654816;-4.341507;-1.9786072
a;85003851505443;-8.601166;-4.312683;-1.9555206
a;85003871647044;-8.564636;-4.303253;-2.017273
a;85003891788646;-8.600708;-4.293396;-1.99086
a;85003911930248;-8.633789;-4.3363037;-1.9802246
a;85003932071849;-8.6548;-4.3979034;-2.0424042
a;85003952213451;-8.670975;-4.431839;-2.0289917
a;85003972355052;-8.684494;-4.489731;-1.9884186
a;85003992496654;-8.67453;-4.495743;-1.9609528
a;85004012638255;-8.678192;-4.5088196;-1.9382782
a;85004032779857;-8.633347;-4.5562134;-1.9109955
a;85004052921459;-8.601028;-4.6082153;-1.9315796
a;85004073063060;-8.6397705;-4.640152;-1.9792023
a;85004093204662;-8.692963;-4.691025;-1.9921722
a;85004113346263;-8.720444;-4.7362823;-1.9895172
a;85004133487865;-8.75444;-4.8321075;-1.9760742
a;85004153629466;-8.771072;-4.853485;-1.998352
a;85004173771068;-8.795151;-4.8470306;-2.0483704
a;85004193912669;-8.774002;-4.8058167;-2.0704803
a;85004214054271;-8.718079;-4.783249;-2.0370178
a;85004234195873;-8.652832;-4.6507874;-2.0084076
a;85004254337474;-8.570343;-4.56546;-1.9729309
a;85004274479076;-8.589584;-4.5899963;-1.9301147
a;85004294620677;-8.648163;-4.803543;-2.0305023
a;85004314762279;-8.676895;-4.8731384;-2.055252
a;85004334903880;-8.757843;-5.373703;-1.5444031
a;85004355045482;-8.873566;-5.8526306;-1.5853271
a;85004375187084;-8.923523;-6.3073883;-2.0980988
a;85004395328685;-8.999878;-6.5855103;-2.2375946
a;85004415470287;-8.978729;-7.3240814;-2.4849243
a;85004435611888;-8.807404;-8.072174;-2.5957336
a;85004455753490;-8.595581;-8.002777;-2.5050507
a;85004475895091;-8.422897;-7.432251;-2.1984558
a;85004496036693;-8.230972;-7.302368;-1.9710236
a;85004516178294;-8.067673;-7.3395844;-1.9072876
a;85004536319896;-8.1138;-7.198715;-1.7638245
a;85004556461498;-8.128433;-7.49646;-2.1457825
a;85004576603099;-8.195557;-8.276733;-2.4179688
a;85004596744701;-8.189072;-8.272995;-1.9727173
a;85004616886302;-7.98584;-7.6154633;-1.4826965
a;85004637027904;-7.6444855;-7.5714264;-1.0143433
a;85004657169505;-7.2998962;-8.632614;-1.56987
a;85004677311107;-7.0013733;-9.84317;-1.3432007
a;85004697452709;-6.977127;-9.384857;-0.43789673
a;85004717594310;-6.981247;-8.583145;0.6021271
a;85004737735912;-6.5583496;-8.688248;0.97254944
a;85004757877513;-6.072983;-10.2178955;0.26467896
a;85004778019115;-6.095001;-11.134506;0.21992493
a;85004798160716;-6.3177643;-9.296051;1.6870422
a;85004818302318;-6.2260284;-8.13855;3.1756592
a;85004838443919;-5.623413;-7.960083;3.5227966
a;85004858585521;-5.4913025;-7.206497;4.4209595
a;85004878727123;-5.64769;-6.1121674;5.23909
a;85004898868724;-5.56662;-4.286728;5.749405
a;85004919010326;-4.903305;-2.7626953;6.6281586
a;85004939151927;-4.279907;-2.5387115;7.1364136
a;85004959293529;-4.2662354;-2.9628448;7.517929
a;85004979435130;-4.3858795;-1.8153534;7.857971
a;85004999576732;-3.6520538;-1.2473297;7.671707
a;85005019718334;-3.0975647;-0.6691742;8.089966
a;85005039859935;-2.7232056;-0.33348083;8.093582
a;85005060001537;-2.2971497;-0.48439026;8.574814
a;85005080143138;-2.3028564;-0.3882141;8.7417755
a;85005100284740;-2.0126038;0.28625488;8.39296
a;85005120426341;-0.98835754;0.7219238;8.034882
a;85005140567943;-0.5340271;0.55189514;8.412781
a;85005160709544;-0.6628876;0.12528992;8.336914
a;85005180851146;-0.81463623;0.397995;8.448059
a;85005200992748;-0.42871094;0.5731201;8.450897
a;85005221134349;-0.07711792;0.7930603;8.273727
a;85005241275951;-0.059646606;0.72021484;8.165314
a;85005261417552;-0.36227417;0.54537964;8.318253
a;85005281559154;-0.48960876;0.4184265;8.587341
a;85005301700755;-0.5930481;-0.094070435;9.107727
a;85005321842357;-1.0061188;-0.22462463;9.649689
a;85005341983959;-1.2662201;0.28526306;10.055069
a;85005362125560;-1.0230255;0.13606262;10.115814
a;85005382267162;-0.91996765;-0.21868896;9.982132
a;85005402408763;-1.0639648;0.27116394;9.781021
a;85005422550365;-1.6204071;1.444931;9.820358
a;85005442691966;-0.86839294;0.30992126;9.271713
a;85005462833568;-0.52223206;0.7224579;9.718674
a;85005482975169;-0.5430298;0.6648865;9.993973
a;85005503116771;-0.56082153;0.5215149;9.816818
a;85005523258373;-0.7407379;-0.110946655;9.662155
a;85005543399974;-0.8574066;-0.037582397;9.794479
a;85005563541576;-0.6409302;0.33631897;10.014542
a;85005583683177;-0.53678894;0.45932007;9.967361
a;85005603824779;-0.50694275;0.014022827;8.755508
a;85005623966380;-1.1670685;0.18232727;9.773819
