a;1650500926813;1.9225616;1.3184814;9.441879
a;1650521068415;1.8608704;1.4158478;9.400604
a;1650541210016;1.464798;1.3593292;9.369949
a;1650561351618;1.706543;1.386734;9.497421
a;1650581493219;1.8016357;1.2759094;9.522018
a;1650601634821;1.6930847;1.1220703;9.488693
a;1650621776422;1.7417755;1.1273804;9.490768
a;1650641918024;1.7434082;1.1691742;9.510498
a;1650662059626;1.6833344;1.1986847;9.444183
a;1650682201227;1.6860046;1.1940002;9.437195
a;1650702342829;1.7736053;1.208786;9.504715
a;1650722484430;1.7646484;1.21521;9.458389
a;1650742626032;1.7613983;1.3491974;9.414795
a;1650762767633;1.7363586;1.312088;9.392548
a;1650782909235;1.7113342;1.2673798;9.400818
a;1650803050836;1.7672424;1.2368774;9.427475
a;1650823192438;1.8050385;1.2817993;9.44899
a;1650843334040;1.7627869;1.2910919;9.494156
a;1650863475641;1.7814484;1.2364655;9.446457
a;1650883617243;1.7815857;1.3132324;9.455109
a;1650903758844;1.874054;1.4758453;9.335693
a;1650923900446;1.9493408;1.8332977;9.314865
a;1650944042047;1.9837646;2.4577637;9.6324005
a;1650964183649;2.0625916;3.1076355;10.0338745
a;1650984325251;2.0974426;3.4683533;10.467834
a;1651004466852;2.0641937;3.8767242;10.999252
a;1651024608454;2.3095093;3.9464722;11.520508
a;1651044750055;2.5718994;3.3182678;12.222992
a;1651064891657;2.5327606;2.854721;12.724731
a;1651085033258;2.367096;2.028885;12.891602
a;1651105174860;2.104477;0.48799133;13.061508
a;1651125316461;1.5584564;-0.8440094;12.750153
a;1651145458063;0.57099915;-2.103714;11.843964
a;1651165599665;-0.329422;-3.1066895;10.908264
a;1651185741266;-0.9910431;-3.9815063;10.07753
a;1651205882868;-1.4142151;-4.5981293;9.181595
a;1651226024469;-1.7197876;-4.69368;8.386246
a;1651246166071;-2.1717377;-4.7423706;7.8625946
a;1651266307672;-2.702591;-4.7999573;7.7857513
a;1651286449274;-3.1961365;-4.4465485;7.9464264
a;1651306590876;-3.7806244;-4.3582;7.85701
a;1651326732477;-4.2828827;-4.0601807;7.4225616
a;1651346874079;-4.624527;-3.9051056;7.782654
a;1651367015680;-4.694229;-3.8632202;8.173981
a;1651387157282;-4.94133;-3.8144836;8.452087
a;1651407298883;-5.704071;-3.531601;8.479843
a;1651427440485;-6.1974335;-3.3869019;7.923752
a;1651447582086;-6.3572845;-3.4040985;7.59523
a;1651467723688;-6.4592133;-3.0368652;7.5600586
a;1651487865290;-6.5479584;-2.383255;7.173691
a;1651508006891;-6.334793;-1.9052124;6.7378693
a;1651528148493;-6.4073944;-1.3674164;6.8813324
a;1651548290094;-6.4093323;-0.79000854;6.9219513
a;1651568431696;-5.898575;-0.80111694;6.456558
a;1651588573297;-5.6926575;-0.5085449;5.9667816
a;1651608714899;-5.631439;-0.0393219;6.2009735
a;1651628856501;-5.2494965;0.091812134;6.4853973
a;1651648998102;-5.2253876;-0.17932129;6.2724
a;1651669139704;-5.1420746;-0.26693726;6.140396
a;1651689281305;-4.9172363;-0.20985413;6.1824493
a;1651709422907;-4.9518127;-0.59991455;6.2990723
a;1651729564508;-5.284073;-1.1594849;6.480728
a;1651749706110;-5.2023926;-0.8904114;6.79216
a;1651769847711;-5.044983;-0.86161804;7.0200653
a;1651789989313;-5.324295;-0.8743744;7.0144043
a;1651810130915;-5.79451;-0.6604309;7.058075
a;1651830272516;-6.003708;-1.2236328;6.8760834
a;1651850414118;-6.4152527;-1.4602661;6.7107544
a;1651870555719;-6.944519;-1.545578;6.7904205
a;1651890697321;-7.3118896;-1.6316681;6.828842
a;1651910838922;-7.258896;-0.7902374;7.3629303
a;1651930980524;-7.2241516;-0.95526123;7.5399475
a;1651951122126;-7.30925;-1.9661865;7.1559296
a;1651971263727;-6.9390106;-1.5496368;7.318039
a;1651991405329;-6.905197;-1.6466064;7.35466
a;1652011546930;-6.7261353;-1.9410553;7.133621
a;1652031688532;-6.504196;-2.4677277;6.3208923
a;1652051830133;-6.7350006;-2.4499207;5.964035
a;1652071971735;-6.666687;-2.2032928;6.1369476
a;1652092113336;-6.1281586;-2.0733795;6.050888
a;1652112254938;-5.933853;-1.9142761;5.7199554
a;1652132396540;-5.4612885;-1.8732605;5.731125
a;1652152538141;-5.6201477;-1.7021637;6.0169373
a;1652172679743;-5.970566;-1.6926727;6.295868
a;1652192821344;-6.550461;-1.45401;6.7379913
a;1652212962946;-7.2055664;-1.4945068;6.712784
a;1652233104547;-7.6927032;-1.712616;6.681137
a;1652253246149;-8.087296;-1.2656555;7.032547
a;1652273387751;-8.293045;-0.9465332;7.2088165
a;1652293529352;-8.173599;-0.85461426;7.5940247
a;1652313670954;-8.315704;-1.1407471;7.355438
a;1652333812555;-8.188187;-1.4115448;7.3832703
a;1652353954157;-7.8104706;-1.4216461;7.4542084
a;1652374095758;-7.8793945;-1.3911743;7.4421387
a;1652394237360;-7.6722565;-1.8582001;7.6266174
a;1652414378961;-7.7599335;-1.9821625;7.659622
a;1652434520563;-7.9655457;-2.1416016;7.311432
a;1652454662165;-7.8720856;-2.1387177;7.485321
a;1652474803766;-7.9188843;-2.8789063;7.4251556
a;1652494945368;-7.9957733;-3.881256;6.7039795
a;1652515086969;-7.074051;-3.7895966;6.446808
a;1652535228571;-5.972183;-3.6525116;5.7338867
a;1652555370172;-5.131073;-3.711563;4.882904
a;1652575511774;-4.7459106;-4.091629;3.622589
a;1652595653376;-4.543762;-4.4606323;1.979065
a;1652615794977;-4.671814;-3.756607;1.059906
a;1652635936579;-4.8070374;-3.4948578;0.9220886
a;1652656078180;-2.738556;-4.6254425;0.14727783
a;1652676219782;-3.5977478;-4.453232;4.3117065
a;1652696361383;-5.2730103;-3.1708527;7.224472
a;1652716502985;-5.065048;-4.956024;6.004059
a;1652736644586;-5.7122345;-4.374359;4.6638336
a;1652756786188;-5.498993;-4.2335052;5.553177
a;1652776927790;-5.503723;-5.5440216;5.42836
a;1652797069391;-6.1027985;-4.4767456;5.2776337
a;1652817210993;-5.8753357;-3.7903595;4.888565
a;1652837352594;-5.9605713;-4.061737;4.5907593
a;1652857494196;-5.512253;-3.657013;4.589569
a;1652877635797;-6.717163;-4.1569366;5.8659515
a;1652897777399;-6.6349792;-4.334366;7.227051
a;1652917919001;-5.457489;-4.268326;7.6511993
a;1652938060602;-5.1965485;-5.224243;7.2255096
a;1652958202204;-6.0128174;-5.4447174;5.9475403
a;1652978343805;-6.9597473;-4.064453;5.375168
a;1652998485407;-6.8458405;-3.1510773;5.354431
a;1653018627008;-6.311783;-3.2389069;5.3614197
a;1653038768610;-6.4609833;-3.4071045;6.556793
a;1653058910211;-6.388092;-3.8353424;7.3979645
a;1653079051813;-6.8822327;-4.572998;7.8158417
a;1653099193415;-5.7554474;-4.1033173;6.8335724
a;1653119335016;-5.9140778;-3.9766235;6.1239624
a;1653139476618;-5.665985;-4.310272;5.5508423
a;1653159618219;-5.1523438;-3.9044495;5.9395294
a;1653179759821;-4.7505035;-3.956955;6.044739
a;1653199901422;-4.4907074;-4.3429565;7.1578064
a;1653220043024;-4.69928;-5.2317047;8.176117
a;1653240184626;-4.284439;-5.633255;8.7335205
a;1653260326227;-4.038269;-6.0948486;9.619858
a;1653280467829;-3.599289;-7.388321;11.661682
a;1653300609430;-3.7051697;-8.885803;11.975449
a;1653320751032;-4.941025;-8.982941;11.961273
a;1653340892633;-5.630081;-7.992874;11.820236
a;1653361034235;-6.4766083;-8.622925;11.481003
a;1653381175836;-6.8283844;-8.469406;12.735855
a;1653401317438;-8.535263;-8.54512;11.769409
a;1653421459040;-9.543884;-8.296341;10.60878
a;1653441600641;-9.338745;-7.739609;10.001816
a;1653461742243;-8.921402;-6.7253265;9.277863
a;1653481883844;-9.769501;-6.2812347;7.661728
a;1653502025446;-9.179184;-5.722107;7.5227814
a;1653522167047;-8.712616;-4.1938934;7.304489
a;1653542308649;-8.485687;-3.5000916;6.4293213
a;1653562450251;-7.733032;-2.9551544;6.185501
a;1653582591852;-7.298355;-2.6972198;4.4391174
a;1653602733454;-6.5502777;-0.4921112;6.8384857
a;1653622875055;-6.831558;0.034713745;4.9446106
a;1653643016657;-6.466797;-2.5661316;2.546585
a;1653663158258;-5.960724;-3.0319824;1.7813416
a;1653683299860;-5.906006;-0.82489014;3.8573456
a;1653703441461;-5.5370636;0.08944702;4.6213226
a;1653723583063;-4.9967957;-2.096817;4.85878
a;1653743724665;-5.223404;-3.6633453;4.9397583
a;1653763866266;-4.8595123;-3.5137482;5.2520447
a;1653784007868;-4.735321;-2.5699005;4.195236
a;1653804149469;-4.88414;-2.8968048;2.9839325
a;1653824291071;-4.3526764;-3.7476044;3.5984497
a;1653844432672;-4.406906;-2.9765167;4.087631
a;1653864574274;-4.461258;-2.7223053;3.152649
a;1653884715876;-4.5770874;-2.7546692;2.1334686
a;1653904857477;-4.274994;-1.8973389;1.8404388
a;1653924999079;-3.1240845;-0.5326538;1.7308807
a;1653945140680;-2.6315613;-1.1980438;0.7018585
a;1653965282282;-4.484024;-2.3976746;0.64212036
a;1653985423883;-4.650131;-5.7103424;3.5265656
a;1654005565485;-4.289734;-7.6391296;7.3529205
a;1654025707086;-5.166687;-7.7955627;7.691742
a;1654045848688;-5.300308;-7.643799;6.77211
a;1654065990290;-6.220978;-6.975418;4.7753296
a;1654086131891;-5.9390106;-5.8548126;3.7371979
a;1654106273493;-6.380249;-4.0784607;3.964798
a;1654126415094;-7.154175;-4.221451;4.9201202
a;1654146556696;-8.466507;-4.4118347;5.0533905
a;1654166698297;-8.798889;-3.7881012;5.5933228
a;1654186839899;-7.8990936;-3.5586853;5.450485
a;1654206981501;-6.3919983;-3.84552;5.2482452
a;1654227123102;-6.1347656;-3.51326;4.499069
a;1654247264704;-7.175171;-3.193512;4.197174
a;1654267406305;-6.835907;-2.8949127;5.748108
a;1654287547907;-6.439377;-3.1307678;6.020691
a;1654307689508;-6.124588;-3.3079987;8.259842
a;1654327831110;-5.6917267;-3.7057648;8.952011
a;1654347972711;-5.6125946;-3.8878326;7.4102936
a;1654368114313;-5.43985;-4.9290314;7.388977
a;1654388255915;-4.5010834;-5.015045;7.6362762
a;1654408397516;-4.398361;-4.164978;7.7753143
a;1654428539118;-3.8835602;-4.4187164;8.690842
a;1654448680719;-3.9014282;-4.8507233;8.841064
a;1654468822321;-3.2926636;-6.120941;9.296616
a;1654488963922;-2.8777008;-7.816147;12.211105
a;1654509105524;-3.7852325;-8.38942;12.540405
a;1654529247126;-5.727661;-7.792862;11.673965
a;1654549388727;-5.8934174;-5.037689;11.190613
a;1654569530329;-6.165756;-3.937317;12.611511
a;1654589671930;-8.107483;-6.0734406;14.5395355
a;1654609813532;-9.458862;-4.654068;14.257629
a;1654629955133;-8.830246;-2.521637;13.166153
a;1654650096735;-8.896484;-2.6938324;11.108154
a;1654670238336;-8.761566;-3.9788666;9.456406
a;1654690379938;-8.495865;-3.7097626;8.0286255
a;1654710521540;-8.517426;-3.257248;6.6755066
a;1654730663141;-8.521332;-3.370041;5.902527
a;1654750804743;-8.072159;-3.1322327;5.6129
a;1654770946344;-7.2998657;-2.542511;6.044693
a;1654791087946;-7.25264;-1.4080505;5.1556854
a;1654811229547;-6.8618927;-1.6905975;5.445694
a;1654831371149;-5.6071625;-2.3753662;6.6376038
a;1654851512751;-5.1586;-1.6628723;6.471588
a;1654871654352;-5.3406067;-2.3802185;5.822815
a;1654891795954;-5.5177765;-3.384903;5.657196
a;1654911937555;-5.045273;-3.791092;4.8890076
a;1654932079157;-5.1771393;-4.432205;4.878601
a;1654952220758;-4.8681946;-4.0023346;4.8217926
a;1654972362360;-5.4313354;-3.6640625;5.4739532
a;1654992503961;-4.9272156;-3.429779;4.476639
a;1655012645563;-4.410309;-3.2850647;2.4456635
a;1655032787165;-4.2368317;-2.98938;2.402771
a;1655052928766;-3.9385529;-2.2863464;1.1192169
a;1655073070368;-3.9582825;-2.335434;1.0399475
a;1655093211969;-4.0950165;-1.3707428;0.35372925
a;1655113353571;-2.288971;-0.6130371;1.1564484
a;1655133495172;-2.0495453;-1.022171;2.6128387
a;1655153636774;-6.523697;-3.8279572;1.3899841
a;1655173778376;-6.0362244;-7.4551544;4.4673615
a;1655193919977;-4.607025;-7.9931946;7.9080963
a;1655214061579;-4.814453;-7.2244873;6.8773956
a;1655234203180;-6.1275635;-7.128601;6.6038055
a;1655254344782;-7.392395;-6.646652;6.372284
a;1655274486383;-6.9228973;-5.396881;4.77565
a;1655294627985;-5.942642;-3.9386902;4.4670715
a;1655314769586;-6.475937;-2.7970886;6.1026154
a;1655334911188;-7.2399445;-3.0795288;8.57048
a;1655355052790;-7.2342987;-4.0031433;9.729523
a;1655375194391;-6.2811737;-4.427414;8.98024
a;1655395335993;-6.058975;-5.007324;6.6886444
a;1655415477594;-5.9769287;-5.2270966;5.971695
a;1655435619196;-6.1744995;-4.449585;7.966736
a;1655455760797;-5.7717896;-3.4132233;8.303665
a;1655475887448;-5.8362274;-3.3123932;7.8137207
a;1655496029050;-5.8041687;-3.4958801;7.376709
a;1655516170651;-5.7810974;-3.4701233;7.294403
a;1655536312253;-5.6955566;-2.6883545;7.4692383
a;1655556453854;-5.2324677;-3.0699005;6.8934784
a;1655576595456;-4.916214;-4.06662;7.018982
a;1655596737057;-4.4078217;-4.805374;8.742264
a;1655616878659;-4.2709045;-5.263321;8.852203
a;1655637020260;-4.1716003;-5.1501007;8.080124
a;1655657161862;-3.9408417;-4.756439;7.4605103
a;1655677303464;-3.5786133;-4.4698486;7.2727966
a;1655697445065;-3.6569214;-3.5336914;8.155838
a;1655717586667;-3.259369;-3.4539185;8.520447
a;1655737728268;-2.9124146;-3.8031769;8.498199
a;1655757869870;-2.7373505;-3.9894562;8.773636
a;1655778011471;-2.983902;-4.7373962;9.423126
a;1655798153073;-2.8257294;-5.981659;10.083298
a;1655818294675;-2.2242432;-6.326782;12.160767
a;1655838436276;-1.7289429;-6.2045593;10.830383
a;1655858577878;-4.598877;-5.421463;8.745285
a;1655878719479;-6.159424;-5.3388824;9.6710205
a;1655898861081;-5.600952;-5.879135;12.878799
a;1655919002682;-5.97493;-5.3726044;14.83873
a;1655939144284;-6.962433;-6.483963;12.403641
a;1655959285885;-6.9697266;-7.6747437;10.855469
a;1655979427487;-6.049637;-5.1433105;10.459152
a;1655999569089;-6.518997;-4.627411;7.7695923
a;1656019710690;-6.3928986;-3.2875824;4.261627
a;1656039852292;-3.7451324;5.5924683;6.219467
a;1656059993893;-7.2899475;-2.4971924;7.6080933
a;1656080135495;-8.470062;-18.81314;2.3009949
a;1656100277096;-5.870987;-4.4828796;7.066742
a;1656120418698;-6.560837;2.5580292;9.186096
a;1656140560300;-6.882553;-5.0621643;7.025421
a;1656160701901;-6.995407;-6.269104;6.629883
a;1656180843503;-7.320404;-2.6932678;6.5499268
a;1656200985104;-7.865402;-3.2830048;4.614929
a;1656221126706;-7.063141;-2.6828308;5.539688
a;1656241268307;-6.8476257;-1.7675018;6.2932434
a;1656261409909;-7.0451355;-3.1528625;5.2005463
a;1656281551510;-6.227066;-0.67404175;5.3882294
a;1656301693112;-5.2085876;1.56073;7.471695
a;1656321834714;-4.902115;-1.1066437;8.208145
a;1656341976315;-5.0600433;-1.473114;7.179367
a;1656362117917;-4.822174;-0.07611084;6.9378204
a;1656382259518;-4.788803;-0.70088196;5.983307
a;1656402401120;-4.6176605;-1.4064026;4.443802
a;1656422542721;-4.3160706;0.5105438;3.1135254
a;1656442684323;-3.9443817;0.35098267;0.9421692
a;1656462825925;-3.8257294;-4.2828217;-0.71817017
a;1656482967526;-3.5738678;-3.2009888;2.2570343
a;1656503109128;-3.8955688;-1.9607391;3.6218414
a;1656523250729;-5.200882;-5.786255;3.4649963
a;1656543392331;-5.637512;-6.3604736;5.4009094
a;1656563533932;-6.418167;-7.3896484;6.814926
a;1656583675534;-6.5072174;-7.5090027;7.015091
a;1656603817135;-5.9741974;-6.011154;7.090149
a;1656623958737;-6.065933;-5.5190277;5.937378
a;1656644100339;-6.053482;-3.570877;5.8699646
a;1656664241940;-6.2187347;-2.558014;5.76091
a;1656684383542;-6.572708;-2.5956726;6.764511
a;1656704525143;-6.573303;-2.0009766;6.9073944
a;1656724666745;-6.2635345;-2.4398956;6.470871
a;1656744808346;-5.603958;-2.3097382;5.1831207
a;1656764949948;-5.5610046;-2.2533875;5.1879425
a;1656785091550;-5.9969025;-1.3501434;7.1771393
a;1656805233151;-5.5975647;-0.6170349;8.255997
a;1656825374753;-5.4377136;-1.0363922;7.2671204
a;1656845516354;-5.22464;-1.2741394;7.6001434
a;1656865657956;-5.253433;-0.7568817;7.563736
a;1656885799557;-5.487625;-0.8155823;7.9331055
a;1656905941159;-5.4003906;-1.0741272;8.304596
a;1656926082760;-5.2880096;-1.751297;8.949295
a;1656946224362;-5.1819;-2.5086212;9.061356
a;1656966365964;-4.9964447;-3.1267242;9.341064
a;1656986507565;-4.8911743;-5.209198;9.673477
a;1657006649167;-4.7042694;-4.904999;9.782333
a;1657026790768;-4.5972595;-4.7105865;9.071213
a;1657046932370;-4.415146;-4.6549683;8.794693
a;1657067073971;-4.388565;-4.1362762;8.820999
a;1657087215573;-4.5538177;-3.5552673;8.991837
a;1657107357175;-4.5690613;-2.99411;9.067291
a;1657127498776;-4.4010925;-2.8767242;8.635834
a;1657147640378;-4.367508;-3.2829742;8.878143
a;1657167781979;-4.1136017;-2.2142334;8.768021
a;1657187923581;-4.016266;-1.7265015;8.843353
a;1657208065182;-3.3109741;-2.3199768;8.3137665
a;1657228206784;-3.4216614;-2.0542755;9.135391
a;1657248348385;-2.8271027;-2.8418884;9.521927
a;1657268489987;-2.3803864;-4.5550385;10.051041
a;1657288631589;-3.0401459;-4.7112274;11.47493
a;1657308773190;-3.2221527;-3.7411194;12.222717
a;1657328914792;-4.1851044;-3.5683136;10.350189
a;1657349056393;-5.018341;-3.9713593;10.309219
a;1657369197995;-5.2571106;-5.14093;11.9574585
a;1657389339596;-5.424225;-5.5311127;12.753967
a;1657409481198;-6.1177216;-4.931656;12.809708
a;1657429622800;-6.6465454;-2.4024506;11.863525
a;1657449764401;-6.403076;-2.6213837;10.874725
a;1657469906003;-6.320221;-4.4884033;9.658768
a;1657490047604;-6.4841614;-4.326126;9.385025
a;1657510189206;-6.845871;-3.6842499;7.7660065
a;1657530330807;-6.13649;-1.5533752;7.8884277
a;1657550472409;-7.870285;-3.9249725;5.803955
a;1657570614010;-8.078384;-6.037369;4.912018
a;1657590755612;-7.1649017;-3.583252;4.6499023
a;1657610897214;-6.8204956;-1.3054199;5.390381
a;1657631038815;-6.7332916;-2.050293;5.830612
a;1657651180417;-6.288727;-3.210907;5.649475
a;1657671322018;-6.498749;-2.7980652;4.8894043
a;1657691463620;-6.690384;-3.0975647;4.7902985
a;1657711605221;-6.4493713;-2.3569794;4.775284
a;1657731746823;-6.0414124;-1.7506256;4.6299744
a;1657751888425;-6.0485687;-1.0156097;5.4120636
a;1657772030026;-5.9684143;-1.0805054;5.910095
a;1657792171628;-5.7772827;-1.1343536;6.43869
a;1657812313229;-5.830124;-0.67456055;6.6332397
a;1657832454831;-5.665863;-0.4497528;7.507263
a;1657852596432;-5.5584106;-0.6008148;7.852249
a;1657872738034;-6.056259;-1.0703888;6.5308228
a;1657892879635;-5.729004;-2.6923828;6.1241455
a;1657913021237;-5.25795;-3.4082947;6.7908325
a;1657933162839;-5.1791534;-3.384842;6.198395
a;1657953304440;-4.5378876;-2.8797302;5.146576
a;1657973446042;-4.3216705;-2.031372;4.952133
a;1657993587643;-4.209915;-2.8022156;3.5392914
a;1658013729245;-4.298584;-4.5206146;2.019638
a;1658033870846;-4.3172455;-4.083908;4.4762115
a;1658054012448;-4.7599335;-2.8833618;5.6651306
a;1658074154050;-5.137192;-3.6256409;4.548935
a;1658094295651;-5.509903;-1.5335388;4.995575
a;1658114437253;-5.0745087;-0.73703;5.6911774
a;1658134578854;-5.0127716;-0.81625366;6.3274384
a;1658154720456;-4.934845;-1.0908661;6.717636
a;1658174862057;-4.9930115;-0.46244812;6.6517487
a;1658195003659;-5.7499695;-0.657959;6.1295624
a;1658215145260;-5.750122;0.8659973;6.632416
a;1658235286862;-5.569504;2.3115387;7.117584
a;1658255428464;-6.0660553;3.7758484;7.560547
a;1658275570065;-6.394455;5.5232086;7.9012756
a;1658295711667;-6.4602814;6.1297607;7.224823
a;1658315853268;-6.8670197;5.533722;6.358963
a;1658335994870;-7.416931;5.478943;5.616974
a;1658356136471;-6.681656;5.1737976;5.1371613
a;1658376278073;-5.9404297;3.3868103;5.732361
a;1658396419675;-6.0797577;4.7814484;7.0060425
a;1658416561276;-5.803299;7.3160706;9.062744
a;1658436702878;-5.0511627;7.002472;9.076645
a;1658456844479;-5.769867;5.983673;8.942642
a;1658476986081;-5.4973907;4.5703735;8.993011
a;1658497127682;-5.2960052;3.8496857;8.843994
a;1658517269284;-5.2874756;3.3398132;8.797028
a;1658537410885;-5.4776764;4.337967;9.256287
a;1658557552487;-5.0306396;4.318344;9.158539
a;1658577694089;-5.451065;3.9796143;8.741516
a;1658597835690;-5.4034576;3.679596;8.346359
a;1658617977292;-5.019623;3.5095825;7.9180756
a;1658638118893;-5.0197296;3.8780975;7.304077
a;1658658260495;-4.638321;4.2177734;7.3358154
a;1658678402096;-4.363312;4.029068;7.4543915
a;1658698543698;-4.218811;3.8032074;7.4832306
a;1658718685300;-4.199356;3.724945;7.424759
a;1658738826901;-4.2899933;4.054291;7.360977
a;1658758968503;-4.1423492;4.0144806;7.4181213
a;1658779110104;-4.0831757;3.6308289;7.6452637
a;1658799251706;-4.2320404;3.4420166;7.8544617
a;1658819393307;-4.402252;3.58461;7.873749
a;1658839534909;-4.3294525;3.8211212;7.70813
a;1658859676510;-4.422577;4.1607666;7.6823883
a;1658879818112;-4.39447;4.2712097;7.581772
a;1658899959714;-4.4096985;4.1198273;7.2092896
a;1658920101315;-4.520233;4.00618;7.011093
a;1658940242917;-4.369217;4.1407776;7.4561615
a;1658960384518;-4.498047;3.9272919;8.365875
a;1658980526120;-4.274872;3.437561;8.786102
a;1659000667721;-4.030319;3.5664673;8.326187
a;1659020809323;-4.1006775;4.265152;7.8702545
a;1659040950925;-3.940979;4.5052185;7.145935
a;1659061092526;-3.9322662;5.4409943;6.3170166
a;1659081234128;-3.5506134;6.4266663;7.010315
a;1659101375729;-3.117218;5.6432495;8.402435
a;1659121517331;-3.3692474;4.217392;9.159042
a;1659141658932;-4.1749725;3.6599884;9.279282
a;1659161800534;-4.869156;3.8271484;9.699554
a;1659181942135;-4.986145;3.5542908;9.245132
a;1659202083737;-5.4935455;2.6929626;8.43074
a;1659222225339;-5.8130646;1.9680939;8.041443
a;1659242366940;-6.2388916;1.6734924;7.6517334
a;1659262508542;-6.644516;1.9838562;7.4375
a;1659282650143;-6.6421356;1.5375214;7.1484833
a;1659302791745;-6.8493347;0.9581909;6.9394226
a;1659322933346;-7.0822144;0.57543945;7.079315
a;1659343074948;-6.8119354;0.61657715;7.5539093
a;1659363216550;-6.297714;-0.29632568;7.2221375
a;1659383358151;-6.4748383;-1.2627106;6.6698
a;1659403499753;-6.2856293;-1.2713013;6.7513123
a;1659423641354;-5.9105835;-1.5259705;6.501602
a;1659443782956;-5.843384;-2.295807;6.0320435
a;1659463924557;-5.722183;-2.6009521;5.8832855
a;1659484066159;-5.459854;-2.7709656;5.9817047
a;1659504207760;-5.254471;-1.6829834;6.4837646
a;1659524349362;-5.6448975;-1.3583374;6.6379547
a;1659544490964;-6.1025085;-2.478424;6.580719
a;1659564632565;-6.125168;-2.4905548;6.827072
a;1659584774167;-6.3885956;-1.5004425;6.600754
a;1659604915768;-6.4686127;-0.13896179;6.8034973
a;1659625057370;-6.064804;-0.40603638;6.676071
a;1659645198971;-6.675064;0.42720032;7.312668
a;1659665340573;-6.717682;-0.27256775;7.7005615
a;1659685482175;-7.033493;0.004119873;8.09848
a;1659705623776;-7.1344604;-0.74432373;7.6562195
a;1659725765378;-7.4753723;-0.30567932;7.7025146
a;1659745906979;-7.4142456;-0.44111633;7.306381
a;1659766048581;-7.2648926;0.03265381;6.6385956
a;1659786190182;-6.9361877;-0.7843933;6.207016
a;1659806331784;-6.689575;-1.6678925;6.209015
a;1659826473385;-5.859436;-2.7262878;7.2508087
a;1659846614987;-5.942978;-0.1530304;6.6484528
a;1659866756589;-5.769104;-0.53904724;7.539612
a;1659886898190;-5.6778717;-0.44328308;7.0747375
a;1659907039792;-5.9409485;0.6445465;7.396515
a;1659927181393;-5.7195435;0.2999878;7.832947
a;1659947322995;-5.737152;1.3398285;7.3529205
a;1659967464596;-5.762619;2.4005737;7.596878
a;1659987606198;-5.6633453;2.0690613;7.5591583
a;1660007747800;-5.916565;1.7354431;7.3916626
a;1660027889401;-6.137909;2.0535583;7.238907
a;1660048031003;-6.4208527;2.1526031;7.039139
a;1660068172604;-6.6246033;2.6249847;6.559662
a;1660088314206;-6.67572;3.1015015;6.525223
a;1660108455807;-6.669754;3.083191;6.7598114
a;1660128597409;-6.5801697;3.5494537;6.937958
a;1660148739010;-6.2787323;3.767746;6.945465
a;1660168880612;-6.2912292;3.7210999;6.508621
a;1660189022214;-6.3350983;3.955307;6.373291
a;1660209163815;-6.107727;4.123657;6.5124817
a;1660229305417;-5.9825134;4.0262604;6.4043884
a;1660249447018;-5.9762726;4.193985;6.418503
a;1660269588620;-5.859253;4.069931;6.376343
a;1660289730221;-5.8923492;4.1970367;6.332962
a;1660309871823;-5.8191986;4.077133;6.189911
a;1660330013425;-5.7796173;4.1752167;6.0704193
a;1660350155026;-5.847992;4.1786957;5.952774
a;1660370296628;-5.9925537;4.220825;5.944702
a;1660390438229;-5.9909363;4.421875;5.949463
a;1660410579831;-6.041641;4.434387;5.9829254
a;1660430721432;-6.0190735;4.2439575;5.9132385
a;1660450863034;-5.961853;4.393814;5.9317627
a;1660471004635;-5.8460236;4.917221;5.876007
a;1660491146237;-5.9512024;4.327652;5.703064
a;1660511287839;-6.0743866;4.6854553;5.811264
a;1660531429440;-5.7881775;4.4124146;5.862564
a;1660551571042;-5.8469696;4.4731293;5.8330536
a;1660571712643;-5.87796;4.48114;5.8642273
a;1660591854245;-5.92334;4.487549;6.0470276
a;1660611995846;-5.872528;4.272293;6.0815887
a;1660632137448;-6.0206757;4.33197;6.1475677
a;1660652279050;-5.997513;4.3326416;6.153076
a;1660672420651;-5.930298;4.456421;6.0933685
a;1660692562253;-6.0504456;4.509857;5.897476
a;1660712703854;-6.0165253;4.519989;6.0481873
a;1660732845456;-5.7724915;4.3065643;6.0310974
a;1660752987057;-5.902115;4.4552307;5.9563446
a;1660773128659;-5.9149323;4.629059;5.9326935
a;1660793270260;-5.90271;4.690796;5.7261047
a;1660813411862;-6.1470337;4.114792;5.1967163
a;1660833553464;-6.214813;4.417694;5.0793
a;1660853695065;-5.355728;4.9664;6.261368
a;1660873836667;-5.611023;4.3239136;6.0434875
a;1660893978268;-6.0470886;4.718689;6.545746
a;1660914119870;-5.747055;4.843445;6.6817017
a;1660934261471;-5.912018;4.3846436;6.698517
a;1660954403073;-5.554535;4.0138702;6.3983
