52 26 20
50 26 21
51 24 21
51 27 22
49 25 21
51 25 21
51 24 20
51 27 22
51 26 21
52 26 21
51 25 20
50 26 22
53 25 19
50 26 20
52 26 20
50 26 21
52 28 21
49 27 21
50 26 20
50 27 21
50 26 22
50 27 20
50 25 22
50 24 21
52 23 24
53 24 23
54 23 24
49 25 18
50 27 16
55 29 12
53 30 21
52 25 18
51 25 20
50 24 20
50 22 18
49 16 22
46 13 22
43 15 22
43 15 23
42 11 24
43 11 26
45 11 28
47 12 27
45 12 28
41 11 29
39 09 28
43 00 26
38 00 31
34 00 30
34 08 34
31 14 33
28 14 35
29 15 36
30 15 36
27 20 29
34 14 35
35 14 35
33 14 35
36 11 33
37 10 34
36 12 34
37 09 34
35 12 35
36 13 33
37 13 34
38 14 33
38 14 33
38 13 35
38 12 34
37 10 33
39 09 34
40 11 35
35 06 27
41 05 28
50 05 29
43 07 31
40 10 34
39 11 34
37 13 33
36 11 32
36 11 31
37 07 31
36 09 30
36 09 31