60 50 21
60 50 21
60 50 21
60 50 21
52 23 23
50 22 23
50 24 23
51 21 22
51 21 23
50 22 23
52 21 23
52 22 21
52 21 22
50 22 23
49 22 23
50 21 23
51 23 22
49 25 22
49 26 24
50 24 23
49 23 23
49 21 23
50 19 24
52 17 24
54 17 26
54 19 25
51 23 23
49 23 21
51 26 20
55 24 17
54 24 22
50 24 28
53 20 24
55 20 27
53 20 23
49 18 21
41 16 21
42 16 21
45 18 22
50 10 28
50 13 28
46 09 30
46 08 31
41 03 33
43 02 33
41 02 31
36 03 28
35 04 27
35 05 28
36 09 27
33 12 29
32 13 30
30 14 32
31 15 33
32 14 32
36 15 32
36 13 32
35 14 34
34 13 32
36 13 35
36 12 34
35 12 34
35 13 34
34 12 35
35 12 34
35 11 33
36 09 34
37 10 34
37 10 34
38 10 35
39 10 30
35 07 25
36 06 29
40 06 33
40 10 32
37 10 31
35 11 33
34 10 30
32 09 31
35 09 31
35 08 31
36 09 31
35 09 32
35 09 32