a;81345685316559;0.723938;-0.36540222;9.746643
a;81345705458161;1.118988;-0.60317993;9.883453
a;81345725599763;1.0228119;-0.6885834;10.062759
a;81345745741364;-0.61294556;-0.4878235;8.827408
a;81345765882966;1.2081909;0.06410217;9.774445
a;81345786024567;1.3604889;0.37271118;9.79805
a;81345806166169;1.1232452;-0.4196167;9.582291
a;81345826307770;1.1977844;-0.32411194;9.595535
a;81345846449372;1.3746643;-0.27119446;9.706848
a;81345866590973;0.7618408;-0.49716187;9.945572
a;81345886732575;0.75476074;-0.39283752;9.914886
a;81345906874177;1.476593;-0.42167664;10.159775
a;81345927015778;1.4740906;-0.73524475;10.559509
a;81345947157380;1.0002441;-0.6765137;10.415054
a;81345967298981;1.7552185;-0.20414734;11.11557
a;81345987440583;2.0857544;-1.6519012;11.565399
a;81346007582184;1.3356018;-1.3979492;11.891449
a;81346027723786;0.39788818;-1.4817352;11.030029
a;81346047865388;-0.46955872;-1.8713379;10.390503
a;81346068006989;-0.99461365;-2.5266418;10.409271
a;81346088148591;-2.1482544;-2.5014343;8.200104
a;81346108290192;-2.3864746;-3.3184052;7.320816
a;81346128431794;-3.4065247;-3.7090912;8.713181
a;81346148573395;-2.937851;-3.903183;8.919907
a;81346168714997;-2.1853333;-3.1250916;7.3352966
a;81346188856598;-1.8306122;-2.1840668;8.127701
a;81346208998200;-2.469818;-1.7550354;8.547684
a;81346229139802;-2.0120087;-1.838623;8.738037
a;81346249281403;-1.1197205;-1.0623779;8.301254
a;81346269423005;-1.2747498;-0.59762573;6.499893
a;81346289564606;-1.1951904;-1.5604095;7.16597
a;81346309706208;-0.6927948;-1.5482941;9.522217
a;81346329847809;-0.56625366;-1.7457123;10.270508
a;81346349989411;-0.9042816;-2.3486023;10.202225
a;81346370131013;-1.2234802;-3.193634;10.45697
a;81346390272614;-1.4255219;-3.1553345;10.475906
a;81346410414216;-1.3540344;-3.069931;10.826355
a;81346430555817;-1.3796692;-3.645813;10.470276
a;81346450697419;-1.60289;-3.242508;9.557663
a;81346470839020;-1.399353;-2.9942932;8.977646
a;81346490980622;-1.3614197;-2.9610748;8.638184
a;81346511122223;-1.1064606;-3.0509033;9.084473
a;81346531263825;-1.1687622;-3.2120972;9.220428
a;81346551405427;-1.3067932;-3.4210815;8.96463
a;81346571547028;-1.2554779;-3.6693573;8.970795
a;81346591688630;-1.1810913;-3.8401031;9.459793
a;81346611830231;-1.3465118;-3.7456055;9.650818
a;81346631971833;-1.3143921;-3.468811;9.518326
a;81346652113434;-1.182251;-3.2828674;9.250381
a;81346672255036;-1.1146393;-3.2552948;9.216568
a;81346692396638;-1.1552277;-3.144455;9.227142
a;81346712538239;-1.223465;-3.0737305;9.137756
a;81346732679841;-1.1990204;-3.2432861;9.06044
a;81346752821442;-1.1168518;-3.2524261;9.20607
a;81346772963044;-0.9798889;-3.3347626;9.325607
a;81346793104645;-0.9392853;-3.4786835;9.4231415
a;81346813246247;-1.1287537;-3.1446228;9.751587
a;81346833387848;-1.1934052;-3.346756;9.443359
a;81346853529450;-1.3025513;-3.2857056;9.3020935
a;81346873671052;-1.2620239;-3.345169;9.138245
a;81346893812653;-1.1365967;-3.1858826;8.903915
a;81346913954255;-0.96336365;-3.267273;8.587631
a;81346934095856;-0.46888733;-3.254715;8.781448
a;81346954237458;-0.66070557;-3.1082458;9.590073
a;81346974379059;-0.9159088;-2.8582458;9.665604
a;81346994520661;-0.83018494;-2.23143;9.343063
a;81347014662263;-0.86824036;-2.254074;9.22641
a;81347034803864;-0.68013;-3.015915;9.488525
a;81347054945466;-0.64271545;-2.8660126;9.442444
a;81347075087067;-0.5024414;-2.6991882;9.169144
a;81347095228669;-0.63797;-2.6075897;8.824646
a;81347115370270;-0.46777344;-2.78508;8.615997
a;81347135511872;-0.4425354;-2.978592;9.028793
a;81347155653473;-0.43751526;-3.0247803;9.255524
a;81347175795075;-0.53282166;-3.238449;9.16423
a;81347195936677;-0.65226746;-2.8168945;8.567032
a;81347216078278;-0.6677246;-2.728897;8.04364
a;81347236219880;-0.6805725;-2.4274597;7.538986
a;81347256361481;-0.6663513;-1.8401337;7.1602936
a;81347276503083;-0.6560211;-1.5589905;6.9272156
a;81347296644684;-0.3622284;-1.4468536;6.6601105
a;81347316786286;-0.2043457;-0.771225;6.6023865
a;81347336927888;0.48519897;-1.6582489;6.7460938
a;81347357069489;0.587265;-2.7940521;7.0609283
a;81347377211091;0.86061096;-3.6595001;7.85112
a;81347397352692;1.1843109;-4.775345;8.888916
a;81347417494294;1.9385071;-6.377548;10.483475
a;81347437635895;1.2618256;-5.4698486;9.155701
a;81347457777497;1.2322083;-6.1752014;8.561722
a;81347477919098;2.3123932;-6.659622;8.929398
a;81347498060700;3.0721436;-7.7409363;8.747742
a;81347518202302;3.0581818;-6.619049;8.652618
a;81347538343903;3.2909088;-5.3457184;7.632965
a;81347558485505;3.2519226;-4.387085;6.519043
a;81347578627106;3.7142181;-4.072983;6.6421814
a;81347598768708;4.810089;-4.5857697;6.2427826
a;81347618910309;5.2271423;-5.1645966;5.831894
a;81347639051911;5.8710175;-5.7642517;6.0920715
a;81347659193513;6.5789795;-5.331665;6.1072845
a;81347679335114;7.0182343;-4.715637;5.5571747
a;81347699476716;8.089813;-5.2402954;4.7076874
a;81347719618317;8.9448395;-6.1479034;4.243225
a;81347739759919;8.926956;-5.7354736;4.2799225
a;81347759901520;9.004593;-4.665497;4.544632
a;81347780043122;9.347916;-4.139496;4.5654755
a;81347800184723;9.764252;-4.095215;4.7559204
a;81347820326325;10.104401;-3.8983307;5.137497
a;81347840467927;9.950272;-3.8043518;5.1217957
a;81347860609528;9.649063;-4.2818604;4.7204895
a;81347880751130;9.189316;-4.1660767;4.8384094
a;81347900892731;9.109604;-3.458664;5.1967926
a;81347921034333;9.103821;-3.6654205;5.232712
a;81347941175934;9.0759735;-4.4735107;4.819214
a;81347961317536;8.803543;-4.402237;4.4721527
a;81347981459138;8.581406;-3.527359;4.73291
a;81348001600739;8.3089905;-3.7390137;4.862198
a;81348021742341;7.9621124;-4.176285;4.5468597
a;81348041883942;8.109009;-3.7318115;4.315933
a;81348062025544;9.080505;-3.9984283;4.8546906
a;81348082167145;9.174805;-3.9629364;5.041275
a;81348102308747;8.891342;-4.728134;4.2102203
a;81348122450348;9.153229;-4.3097687;3.9569092
a;81348142591950;10.314621;-4.561676;4.9264526
a;81348162733552;10.921524;-5.6172943;5.47908
a;81348182875153;10.688248;-5.883209;5.6729584
a;81348203016755;10.7341;-6.124832;5.048813
a;81348223158356;10.860931;-6.4072266;4.891403
a;81348243299958;11.232391;-7.4304504;4.993759
a;81348263441559;11.387619;-7.7520447;4.6114044
a;81348283583161;10.300613;-7.4726715;3.3509216
a;81348303724763;9.218811;-7.5510406;3.1707
a;81348323866364;8.299896;-7.826767;3.2134552
a;81348344007966;7.640274;-7.7152557;3.2906494
a;81348364149567;6.8220215;-8.108612;2.7786865
a;81348384291169;5.9737244;-8.069;2.254303
a;81348404432770;5.315201;-8.355621;2.2226257
a;81348424574372;4.5113373;-8.389038;1.9071198
a;81348444715973;3.7780914;-7.8752136;2.1595917
a;81348464857575;3.604248;-7.665558;1.9762878
a;81348484999177;2.9465942;-7.696747;1.268692
a;81348505140778;2.5180664;-7.164154;2.2916412
a;81348525282380;2.2930756;-7.4151764;2.6046448
a;81348545423981;1.7081451;-7.149719;2.1036377
a;81348565565583;1.3005371;-6.8670197;2.3347778
a;81348585707184;1.4539185;-6.7666473;2.8110962
a;81348605848786;1.706543;-7.078842;3.9802856
a;81348625990388;2.047165;-6.2200317;3.8057404
a;81348646131989;1.7743073;-7.166107;3.3954163
a;81348666273591;1.7697144;-8.447571;3.5377197
a;81348686415192;1.6848755;-9.617203;1.370575
a;81348706556794;1.0146637;-8.970718;0.44200134
a;81348726698395;0.44985962;-9.793198;0.23097229
a;81348746839997;0.44302368;-9.151382;0.711853
a;81348766981598;0.46507263;-9.200562;0.83044434
a;81348787123200;0.8596649;-10.26268;1.2221985
a;81348807264802;0.7861786;-9.489426;1.333664
a;81348827406403;0.5128784;-9.445602;2.303482
a;81348847548005;0.6781769;-8.778427;2.7850494
a;81348867689606;0.7073822;-8.904282;2.9686127
a;81348887831208;1.1600189;-10.120148;1.9434204
a;81348907972809;1.2884674;-10.207092;1.3760529
a;81348928114411;1.4411469;-10.512482;2.2779846
a;81348948256013;2.423645;-11.21492;4.0504456
a;81348968397614;1.187851;-10.575394;2.8879547
a;81348988539216;1.0480194;-11.256119;3.6051788
a;81349008680817;0.4306183;-11.391769;5.783203
a;81349028822419;0.8618164;-12.548553;8.161713
a;81349048964020;1.0402832;-16.092743;6.939926
a;81349069105622;1.1744232;-19.830627;5.606262
a;81349089247223;2.7409515;-20.051971;3.7312317
a;81349109388825;3.4299164;-20.051971;1.5480499
a;81349129530427;2.4876404;-17.54393;0.27033997
a;81349149672028;2.7507782;-10.606079;-1.1689911
a;81349169813630;4.13739;-1.3746185;-3.9965515
a;81349189955231;5.8967896;10.984848;-3.4187164
a;81349210096833;3.7410583;18.757706;-8.315796
a;81349230238434;-0.871109;18.947433;-10.641434
a;81349250380036;-0.77264404;18.947433;-5.7375336
a;81349270521638;1.8371582;14.800476;-1.7219543
a;81349290663239;8.353302;-9.151825;3.7805328
a;81349310804841;17.736206;-20.051971;-5.6343536
a;81349330946442;19.392487;-20.051971;-6.467209
a;81349351088044;12.69191;-20.051971;1.7219391
a;81349371229645;7.0751495;-19.275406;-1.5149384
a;81349391371247;6.013687;1.0818024;-0.46202087
a;81349411512848;4.084915;18.335312;-1.7077789
a;81349431654450;-3.6924133;18.947433;-10.112595
a;81349451796052;-6.765152;18.947433;-7.7935944
a;81349471937653;-3.9386444;18.947433;-2.6934967
a;81349492079255;4.4339294;7.6571655;0.26483154
a;81349512220856;16.45227;-20.051971;9.833389
a;81349532362458;19.392487;-20.051971;-6.135025
a;81349552504059;16.44632;-20.051971;3.383438
a;81349572645661;10.505508;-20.051971;-0.40104675
a;81349592787263;9.519455;-14.37204;-3.6010284
a;81349612928864;10.222488;12.669632;-2.1555939
a;81349633070466;5.949692;18.947433;-6.1318054
a;81349653212067;-3.9397125;18.947433;-14.488373
a;81349673353669;-1.7740936;18.947433;-9.59433
a;81349693495270;1.7973785;18.947433;-5.4685364
a;81349713636872;16.396164;-12.498199;6.917633
a;81349733778473;19.392487;-20.051971;-0.6018982
a;81349753920075;18.34166;-20.051971;8.541153
a;81349774061677;12.175568;-20.051971;8.940002
a;81349794203278;4.2483826;-19.701736;2.671402
a;81349814344880;2.7924957;-10.036987;0.820755
a;81349834486481;7.6531067;9.926407;-0.5126953
a;81349854628083;10.187134;18.947433;-11.717239
a;81349874769684;5.1862793;18.947433;-18.618118
a;81349894911286;-0.023757935;18.947433;-8.785233
a;81349915052888;3.473343;18.947433;-5.184677
a;81349935194489;14.935379;-7.375122;4.2845
a;81349955336091;19.392487;-20.051971;-4.415146
a;81349975477692;14.881393;-20.051971;4.0179443
a;81349995619294;3.4031982;-20.051971;1.9867096
a;81350015760895;7.0499725;-20.051971;0.26689148
a;81350035902497;10.684937;-12.679565;-3.0366821
a;81350056044098;15.259537;8.873062;-6.837387
a;81350076185700;18.154999;18.546265;-15.536743
a;81350096327302;7.638275;18.947433;-17.970749
a;81350116468903;4.459259;18.947433;-13.442657
a;81350136610505;7.0202484;18.947433;-6.280319
a;81350156752106;15.980347;-0.07374573;-6.040848
a;81350176893708;19.378891;-20.051971;2.048462
a;81350197035309;18.903015;-20.051971;11.970886
a;81350217176911;16.386353;-20.051971;9.50061
a;81350237318513;10.365723;-20.051971;6.0039215
a;81350257460114;2.4382782;-18.456024;4.6521454
a;81350277601716;-5.22908;-11.66806;3.553131
a;81350297743317;-7.2630615;-8.4655;3.1681824
a;81350317884919;-1.1334686;-9.074036;2.6405945
a;81350338026520;2.1690216;-10.946289;1.5220795
a;81350358168122;3.2611084;-11.906921;1.4031067
a;81350378309723;4.585785;-12.738998;1.920166
a;81350398451325;4.985138;-13.458908;2.0892792
a;81350418592927;4.2338104;-12.185577;2.2563934
a;81350438734528;2.6579895;-10.327927;2.4196777
a;81350458876130;1.8144989;-8.979095;2.392807
a;81350479017731;1.7180328;-7.5421906;2.2709045
a;81350499159333;1.4378052;-6.607727;2.3725128
a;81350519300934;1.120163;-6.3526764;2.1058655
a;81350539442536;1.1544952;-6.7102356;1.8202057
a;81350559584138;1.4495239;-7.350937;1.7546387
a;81350579725739;1.5210724;-7.6080933;2.1354523
a;81350599867341;1.4086456;-8.051453;2.7104187
a;81350620008942;1.5280457;-8.454971;2.685196
a;81350640150544;1.4278717;-9.384491;2.4224243
a;81350660292145;1.0946808;-9.807861;2.4677277
a;81350680433747;0.78163147;-9.565277;2.9288788
a;81350700575348;0.70080566;-9.713959;3.0698242
a;81350720716950;0.5735626;-9.97995;2.876175
a;81350740858552;0.38587952;-10.1008;2.804779
a;81350761000153;0.28910828;-10.317688;2.6186981
a;81350781141755;0.3085327;-10.393967;2.7327728
a;81350801283356;0.38642883;-10.2534485;2.849533
a;81350821424958;0.4947052;-10.000244;2.7559967
a;81350841566559;0.64141846;-10.20108;2.3899384
a;81350861708161;0.7095337;-10.222961;2.5831146
a;81350881849763;0.5483246;-9.848511;2.7210846
a;81350901991364;0.4655609;-9.727554;2.7734222
a;81350922132966;0.56863403;-9.850967;2.5859375
a;81350942274567;0.8112488;-10.014374;2.5868225
a;81350962416169;0.97839355;-10.035049;2.4300537
a;81350982557770;0.9124603;-9.934265;2.504547
a;81351002699372;0.63549805;-9.799225;2.6472778
a;81351022840973;0.65538025;-9.806259;2.6414337
a;81351042982575;0.7424927;-9.782181;2.612793
a;81351063124177;0.74705505;-9.718643;2.741272
a;81351083265778;0.7786255;-9.686111;2.8866577
a;81351103407380;0.7785034;-9.796631;2.861496
a;81351123548981;0.83073425;-9.83905;2.7853394
a;81351143690583;0.87457275;-9.79216;2.7580872
a;81351163832184;0.8564148;-9.832413;2.8177185
a;81351183973786;0.83961487;-9.928207;2.821167
a;81351204115388;0.78570557;-9.882202;2.6931
a;81351224256989;0.7119751;-9.800827;2.6650848
a;81351244398591;0.6600189;-9.748093;2.734604
a;81351264540192;0.65083313;-9.745468;2.8104553
a;81351284681794;0.6773529;-9.755142;2.7615204
a;81351304823395;0.543396;-9.763809;2.471878
a;81351324964997;0.6502228;-9.779221;2.5592499
a;81351345106598;0.70617676;-9.856476;2.782196
a;81351365248200;0.7001648;-9.895615;2.6910706
a;81351385389802;0.68226624;-9.98381;2.4837189
a;81351405531403;0.7398834;-9.946259;2.6051178
a;81351425673005;0.7933197;-9.933548;2.8095398
a;81351445814606;0.818161;-10.024033;2.765213
a;81351465956208;0.89408875;-10.030151;2.6936646
a;81351486097809;0.89541626;-10.035706;2.6395721
a;81351506239411;0.80882263;-9.903946;2.7510223
a;81351526381013;0.7556;-9.740173;2.8956757
a;81351546522614;0.7707977;-9.697098;2.911438
a;81351566664216;0.8165741;-9.780838;2.7879486
a;81351586805817;0.84565735;-9.803406;2.7602844
a;81351606947419;0.84632874;-9.7296295;2.8609467
a;81351627089020;0.83413696;-9.679398;2.853836
a;81351647230622;0.8498993;-9.784943;2.7432404
a;81351667372223;0.86634827;-9.866653;2.6812134
a;81351687513825;0.9437103;-9.893906;2.7453766
a;81351707655427;0.98869324;-9.8268585;2.785431
a;81351727797028;0.9028168;-9.702866;2.742447
a;81351747938630;0.8207855;-9.7276;2.5877228
a;81351768080231;0.84832764;-9.775375;2.5164337
a;81351788221833;0.86553955;-9.737183;2.6028137
a;81351808363434;0.85289;-9.606827;2.6200562
a;81351828505036;0.8488312;-9.573654;2.6302032
a;81351848646638;0.8076782;-9.645645;2.5516663
a;81351868788239;0.7969818;-9.660065;2.580841
a;81351888929841;0.7085266;-9.507355;2.6292725
a;81351909071442;0.6845856;-9.472336;2.5847473
a;81351929213044;0.91355896;-9.880951;2.5501404
a;81351949354645;0.8313751;-9.899368;2.4690704
a;81351969496247;0.58992004;-9.562241;2.4165344
a;81351989637848;0.6081238;-9.622192;2.343155
a;81352009779450;0.68162537;-9.567184;2.3999023
a;81352029921052;0.6434784;-9.624298;2.3519592
a;81352050062653;0.6420288;-9.629517;2.2508087
a;81352070204255;0.9017334;-9.780518;2.3818207
a;81352090345856;0.9917145;-9.839981;2.3303528
a;81352110487458;0.75997925;-9.625916;2.0888214
a;81352130629059;0.6735077;-9.53743;1.8161621
a;81352150770661;0.8832855;-9.791611;1.9359741
a;81352170912263;0.9923401;-9.778305;2.0972595
a;81352191053864;0.9003601;-9.587448;1.8409119
a;81352211195466;1.0516663;-9.798279;1.410614
a;81352231337067;1.1868744;-9.935287;1.4811554
a;81352251478669;1.1853943;-9.871994;1.6574097
a;81352271620270;1.1311798;-9.973907;1.556961
a;81352291761872;1.2509766;-10.24086;1.4491425
a;81352311903473;1.3066559;-10.421158;1.6025391
a;81352332045075;1.15979;-10.478836;1.8999786
a;81352352186677;1.2641296;-10.406555;1.9949646
a;81352372328278;1.532959;-10.531631;2.0843964
a;81352392469880;1.5271606;-10.47731;2.0899506
a;81352412611481;1.5702667;-10.010941;2.1122131
a;81352432753083;1.7208252;-9.866379;2.32695
a;81352452894684;1.9961853;-9.761749;2.655899
a;81352473036286;2.1924133;-9.496124;2.3803558
a;81352493177888;2.275055;-9.757553;2.4182281
a;81352513319489;2.5512238;-9.20578;2.5272217
a;81352533461091;2.7982788;-9.497101;2.2394104
a;81352553602692;3.3894653;-10.196564;2.4537964
a;81352573744294;3.56221;-9.399872;2.6487122
a;81352593885895;3.879425;-9.7439575;2.342514
a;81352614027497;4.393814;-10.076462;2.2387085
a;81352634169098;3.778534;-9.878052;2.0771027
a;81352654310700;4.143112;-9.579208;2.1747131
a;81352674452302;4.2932434;-10.163757;2.1012726
a;81352694593903;4.1861725;-9.797058;2.2412872
a;81352714735505;3.9311829;-9.830383;1.9518585
a;81352734877106;3.783371;-9.729706;1.8804169
a;81352755018708;3.4264374;-9.716797;1.7825165
a;81352775160309;3.144699;-9.444916;1.7736359
a;81352795301911;3.2342224;-9.410706;1.9560089
a;81352815443513;3.2490387;-9.582352;2.0963898
a;81352835585114;3.202011;-9.703018;1.9604187
a;81352855726716;3.4534302;-9.924194;1.8735352
a;81352875868317;3.3561401;-9.910675;1.7052155
a;81352896009919;3.164505;-9.708603;1.6764069
a;81352916151520;3.0679932;-9.392563;1.5320435
a;81352936293122;3.267807;-9.442017;1.5958405
a;81352956434723;3.4518433;-9.445358;1.7427979
a;81352976579000;3.5272522;-9.630722;1.6798553
a;81352996720602;3.4049988;-9.668243;1.4585876
a;81353016862203;3.3626556;-9.703506;1.3123627
a;81353037003805;3.4366302;-9.813934;1.1675415
a;81353057145406;3.335312;-9.854477;0.97787476
a;81353077287008;3.1877747;-9.907013;0.9347687
a;81353097428609;3.027069;-9.755157;0.839859
a;81353117570211;2.9211273;-9.60614;0.85691833
a;81353137711813;2.8627625;-9.584427;0.93647766
a;81353157853414;2.777771;-9.476166;0.84828186
a;81353177995016;2.814865;-9.406677;0.7911835
a;81353198136617;2.8398895;-9.28244;0.769104
a;81353218278219;2.9252167;-9.326019;0.64489746
a;81353238419820;2.9575958;-9.489365;0.46357727
a;81353258561422;2.9159546;-9.5625;0.44625854
a;81353278703023;2.8968658;-9.558746;0.36410522
a;81353298844625;2.8800201;-9.656662;0.3917389
a;81353318986227;3.0514984;-9.9384;0.58761597
a;81353339127828;2.9780731;-10.123444;0.55067444
a;81353359269430;2.6527863;-10.078659;0.35006714
a;81353379411031;2.373413;-9.996399;0.25315857
a;81353399552633;2.416977;-9.849655;0.54000854
a;81353419694234;2.6424713;-9.958084;0.79577637
a;81353439835836;2.7527618;-9.840485;0.5935364
a;81353459977438;2.8014069;-9.6501465;0.8283539
a;81353480119039;2.843338;-9.506836;1.0539703
a;81353500260641;2.9519043;-9.74765;1.1144867
a;81353520402242;2.9381256;-9.712433;0.81993103
a;81353540543844;2.8528137;-9.969788;0.60440063
a;81353560685445;2.7459717;-9.82016;0.72647095
a;81353580827047;2.6712646;-10.028763;0.50994873
a;81353600968648;2.1850586;-9.623718;0.15498352
a;81353621110250;2.0460968;-9.312546;0.44630432
a;81353641251852;2.2305298;-9.850174;0.16464233
a;81353661393453;2.5075226;-9.908035;0.42619324
a;81353681535055;2.8546448;-10.428009;0.37950134
a;81353701676656;2.991562;-10.265518;0.44831848
a;81353721818258;3.2867126;-9.995972;0.72395325
a;81353741959859;3.1637878;-10.076569;0.6009064
a;81353762101461;2.8878784;-9.841736;0.49891663
a;81353782243063;2.7121582;-9.890503;0.39630127
a;81353802384664;2.5740204;-9.656754;0.50665283
a;81353822526266;2.564499;-9.825699;0.5757904
a;81353842667867;2.6129913;-9.996063;0.74176025
a;81353862809469;2.7317963;-9.878143;0.5663452
a;81353882951070;2.8767242;-9.882233;0.51631165
a;81353903092672;2.8970947;-9.823975;0.56181335
a;81353923234273;2.860672;-9.803864;0.5469208
a;81353943375875;2.848938;-9.913727;0.4059143
a;81353963517477;2.8612823;-9.856888;0.42468262
a;81353983659078;2.9135742;-10.051849;0.6604767
a;81354003800680;2.8959045;-9.661362;0.7788696
a;81354023942281;2.8804169;-9.928223;0.6536255
a;81354044083883;2.8115234;-9.608856;0.71780396
a;81354064225484;2.8643188;-9.848419;0.611557
a;81354084367086;2.7834015;-9.801346;0.7181244
a;81354104508688;2.8212738;-9.909073;0.6893158
a;81354124650289;2.837677;-9.920471;0.5550842
a;81354144791891;2.7509155;-9.997757;0.49986267
a;81354164933492;2.6869965;-9.929352;0.46949768
a;81354185075094;2.7238312;-9.998657;0.67674255
a;81354205216695;2.642685;-9.824112;0.6871643
a;81354225358297;2.6631165;-9.800217;0.578949
a;81354245499898;2.7476654;-9.727722;0.5977478
a;81354265641500;2.8291473;-9.747787;0.6782074
a;81354285783102;2.889206;-9.798859;0.83135986
a;81354305924703;2.871994;-9.710648;0.76542664
a;81354326066305;2.9131775;-9.880402;0.66612244
a;81354346207906;2.8578491;-9.79216;0.701355
a;81354366349508;2.8633575;-9.840454;0.75105286
a;81354386491109;2.868332;-9.874817;0.6014252
a;81354406632711;2.769043;-9.853928;0.506897
a;81354426774313;2.785553;-9.771194;0.55836487
a;81354446915914;2.7746735;-9.853729;0.6122284
a;81354467057516;2.7153778;-9.884964;0.47924805
a;81354487199117;2.7223358;-9.8984375;0.40260315
a;81354507340719;2.7492676;-9.959808;0.64131165
a;81354527482320;2.7466583;-9.779877;0.64437866
a;81354547623922;2.7416687;-9.756683;0.7174072
a;81354567765523;2.8070984;-9.851135;0.7384949
a;81354587907125;2.8678741;-9.8572235;0.75917053
a;81354608048727;2.8712616;-9.697891;0.6683655
a;81354628190328;2.9555817;-9.685471;0.7321625
a;81354648331930;3.0015259;-9.727753;0.6355896
a;81354668473531;2.870575;-9.815704;0.6864929
a;81354688615133;2.8073273;-9.870712;0.4838562
a;81354708756734;2.8404846;-9.890915;0.4221344
a;81354728898336;2.7933655;-10.047272;0.55178833
a;81354749039938;2.6587372;-10.016037;0.53045654
a;81354769181539;2.6077728;-9.905563;0.5931244
a;81354789323141;2.672104;-9.889343;0.6397705
a;81354809464742;2.6967163;-9.94899;0.7416229
a;81354829606344;2.6941986;-9.869247;0.68981934
a;81354849747945;2.6960144;-9.980484;0.7002716
a;81354869889547;2.720459;-9.843536;0.6832428
a;81354890031148;2.7544708;-9.835037;0.6582031
a;81354910172750;2.782898;-9.789154;0.6336365
a;81354930314352;2.7604523;-9.817917;0.5919647
a;81354950455953;2.7253418;-9.749481;0.55337524
a;81354970597555;2.779892;-9.79361;0.5984192
a;81354990739156;2.7398071;-9.804962;0.6240387
a;81355010880758;2.7973022;-9.69812;0.5541992
a;81355031022359;2.8263092;-9.7499695;0.55345154
a;81355051163961;2.808731;-9.765808;0.7435913
a;81355071305563;2.8372345;-9.778976;0.78338623
a;81355091447164;2.7717896;-9.75148;0.6776886
a;81355111588766;2.7833862;-9.805832;0.5733795
a;81355131730367;2.848526;-9.807587;0.6687317
a;81355151871969;2.8843231;-9.854797;0.72180176
a;81355172013570;2.7913818;-9.776672;0.54655457
a;81355192155172;2.7036743;-9.734467;0.5076294
a;81355212296773;2.738266;-9.848846;0.6083374
a;81355232438375;2.7837982;-9.831589;0.68544006
a;81355252579977;2.7480316;-9.766434;0.5708618
a;81355272721578;2.7122955;-9.877106;0.57977295
a;81355292863180;2.765564;-9.987579;0.64172363
a;81355313004781;2.8055573;-9.906708;0.61790466
a;81355333146383;2.8049774;-9.761871;0.58062744
a;81355353287984;2.8062744;-9.955429;0.60835266
a;81355373429586;2.8295288;-9.9483795;0.5949707
a;81355393571188;2.8561249;-9.855377;0.6482544
a;81355413712789;2.893158;-9.943237;0.7145233
a;81355433854391;2.8234406;-9.960144;0.65289307
a;81355453995992;2.728897;-9.790329;0.5125122
a;81355474137594;2.7996368;-9.823593;0.6456299
a;81355494279195;2.8099976;-9.802887;0.5390625
a;81355514420797;2.9256592;-10.024063;0.58184814
a;81355534562398;2.8027954;-9.711853;0.85598755
a;81355554704000;2.8526459;-9.855148;0.70895386
a;81355574845602;2.815979;-9.774155;0.6138153
a;81355594987203;2.8162384;-9.75238;0.66181946
a;81355615128805;2.842514;-9.828308;0.7413025
a;81355635270406;2.8297882;-9.890869;0.59928894
a;81355655412008;2.7895966;-9.711426;0.61042786
a;81355675553609;2.77211;-9.773666;0.6674957
a;81355695695211;2.8070526;-9.78331;0.6457367
a;81355715836813;2.897995;-9.851318;0.63734436
a;81355735978414;2.938507;-9.818405;0.54382324
a;81355756120016;2.8676758;-9.83876;0.4584961
a;81355776261617;2.8166046;-9.848221;0.514328
a;81355796403219;2.7930145;-9.854721;0.57850647
a;81355816544820;2.6886902;-9.848633;0.61016846
a;81355836686422;2.6006165;-9.761215;0.65512085
a;81355856828023;2.7479706;-9.869202;0.7598572
a;81355876969625;2.6946564;-9.884048;0.6259155
a;81355897111227;2.7598724;-9.965912;0.62350464
a;81355917252828;2.6706543;-9.847549;0.68696594
a;81355937394430;2.6403809;-9.641769;0.6658478
a;81355957536031;2.6130981;-9.721817;0.6329651
a;81355977677633;2.6263428;-9.83046;0.69155884
a;81355997819234;2.801056;-9.871338;0.83174133
a;81356017960836;2.8337097;-9.769119;0.76924133
a;81356038102438;2.9040222;-9.868393;0.7559662
a;81356058244039;2.9851532;-9.907715;0.78134155
a;81356078385641;3.0433655;-9.826218;0.8630066
a;81356098527242;3.0079956;-9.857208;0.8369293
a;81356118668844;2.9234009;-9.953171;0.7909088
a;81356138810445;2.8969727;-9.905457;0.9213257
a;81356158952047;2.829483;-9.794022;0.8650665
a;81356179093648;2.8404083;-9.887787;0.80703735
a;81356199235250;2.8068695;-9.837051;0.7196808
a;81356219376852;2.8575134;-9.884506;0.90734863
a;81356239518453;2.7911682;-9.922546;0.87060547
a;81356259660055;2.6412354;-9.797272;0.67555237
a;81356279801656;2.700119;-9.72966;0.70462036
a;81356299943258;2.6943665;-9.784882;0.68540955
a;81356320084859;2.7657776;-9.89006;0.82151794
a;81356340226461;2.7800293;-9.808014;0.6501007
a;81356360368063;2.7070465;-9.803131;0.5615845
a;81356380509664;2.7163239;-9.751343;0.6830139
a;81356400651266;2.8036804;-9.868591;0.7961731
a;81356420792867;2.862152;-9.84845;0.63664246
a;81356440934469;2.9099884;-9.802841;0.70129395
a;81356461076070;2.9526367;-9.895996;0.70921326
a;81356481217672;2.990509;-9.857498;0.8272705
a;81356501359273;2.9756317;-9.83078;0.86724854
a;81356521500875;2.9452057;-9.691437;0.76371765
a;81356541642477;2.8764648;-9.698532;0.7335968
a;81356561784078;2.774002;-9.626938;0.75431824
a;81356581925680;2.7097015;-9.636673;0.8162689
a;81356602067281;2.7298126;-9.679642;0.72099304
a;81356622208883;2.8245697;-9.600922;0.7486572
a;81356642350484;2.9711761;-9.724411;0.7940674
a;81356662492086;3.0269165;-9.784058;0.8992157
a;81356682633688;2.9494324;-9.794891;0.7581177
a;81356702775289;2.824524;-9.853973;0.7679291
a;81356722916891;2.619156;-9.768097;0.730484
a;81356743058492;2.7204742;-9.801514;0.8442383
a;81356763200094;2.805832;-9.770111;0.76412964
a;81356783341695;2.750183;-9.836472;0.7528076
a;81356803483297;2.6598663;-9.878067;0.68388367
a;81356823624898;2.6482391;-9.810089;0.79011536
a;81356843766500;2.8101654;-9.90094;0.6014252
a;81356863908102;2.8085632;-9.893982;0.68281555
a;81356884049703;2.7216797;-9.904022;0.60214233
a;81356904191305;2.812439;-10.026199;0.65348816
a;81356924332906;2.8264923;-9.991608;0.54963684
a;81356944474508;2.967682;-10.406342;0.91638184
a;81356964616109;2.6464233;-10.198746;0.5459442
a;81356984757711;2.360855;-9.070175;0.96614075
a;81357004899313;2.8737793;-9.905426;0.66238403
a;81357025040914;2.8281097;-9.949768;0.78430176
a;81357045182516;2.7424774;-9.805405;0.8347626
a;81357065324117;2.7342987;-9.749878;0.6938324
a;81357085465719;2.833847;-9.787415;0.79429626
a;81357105607320;2.94104;-9.820175;0.883728
a;81357125748922;2.849228;-9.740631;0.8369751
a;81357145890523;2.9081879;-9.588928;0.9619751
a;81357166032125;2.8330994;-9.915634;1.0278168
a;81357186173727;2.8779144;-9.817978;1.2743683
a;81357206315328;2.4510498;-9.349777;0.9702606
a;81357226456930;2.7689362;-9.414383;1.1287231
a;81357246598531;2.9921722;-9.705963;1.1450195
a;81357266740133;2.9947357;-9.72142;1.1912079
a;81357286881734;2.8467255;-9.358368;1.1050568
a;81357307023336;2.7913513;-9.302612;1.2131653
a;81357327164938;2.9369354;-9.46907;1.2309418
a;81357347306539;3.1854706;-9.7200165;1.2455292
a;81357367448141;3.3114471;-9.77092;1.3096466
a;81357387589742;3.2701416;-9.648483;1.2272034
a;81357407731344;2.9907227;-9.98822;1.1018524
a;81357427872945;2.9549713;-10.145859;1.0637665
a;81357448014547;2.9435883;-9.880478;1.0610504
a;81357468156148;3.248291;-10.062393;1.1312561
a;81357488297750;3.3114166;-10.1371765;1.0973816
a;81357508439352;3.1879272;-10.097229;1.2057037
a;81357528580953;2.9971466;-9.991043;1.2057037
a;81357548722555;2.992096;-9.838394;1.196991
a;81357568864156;3.237564;-9.954803;1.4124146
a;81357589005758;3.2461548;-9.830048;1.2172546
a;81357609147359;3.1550598;-10.036011;1.1248627
a;81357629288961;3.02359;-9.863724;1.180191
a;81357649430563;2.992981;-9.76442;1.2415619
a;81357669572164;2.9852753;-9.942291;1.181961
a;81357689713766;2.9107208;-9.956955;1.0884552
a;81357709855367;2.9812775;-9.9735565;1.0813751
a;81357729996969;3.0978088;-9.868729;1.1863556
a;81357750138570;3.0707855;-9.757416;1.2393494
a;81357770280172;2.9492035;-10.0720215;1.1451874
a;81357790421773;2.9362183;-10.105484;1.236084
a;81357810563375;2.9767609;-9.911957;1.3755188
a;81357830704977;3.097931;-9.781326;1.3561096
a;81357850846578;2.8763733;-10.106583;1.3400726
a;81357870988180;2.488449;-10.484375;0.8914795
a;81357891129781;2.2751312;-10.231293;0.9106598
a;81357911271383;2.405243;-10.159409;1.106842
a;81357931412984;2.445282;-10.035385;1.1389008
a;81357951554586;2.2674866;-10.175171;1.0824432
a;81357971696188;2.2172394;-10.260635;0.7794647
a;81357991837789;1.9728851;-9.974106;0.8180084
a;81358011979391;2.2219543;-10.056107;0.8910675
a;81358032120992;2.2832336;-9.876282;1.1275787
a;81358052262594;2.1618958;-10.011017;1.0653992
a;81358072404195;1.9544983;-9.929291;0.9034729
a;81358092545797;1.9351044;-9.845764;0.7218323
a;81358112687398;1.9210205;-9.553024;0.958786
a;81358132829000;1.7837524;-9.779846;1.0344849
a;81358152970602;1.5998383;-9.901169;0.71266174
a;81358173112203;1.4788208;-9.602493;0.6712494
a;81358193253805;1.5116577;-9.61203;0.68878174
a;81358213395406;1.5448303;-9.8910675;0.7177887
a;81358233537008;1.4529572;-9.889236;0.6235199
a;81358253678609;1.4047699;-9.513733;0.6156769
a;81358273820211;1.4627533;-9.515793;0.75653076
a;81358293961813;1.6307068;-9.735306;0.9476776
a;81358314103414;1.6358337;-9.764542;0.9926605
a;81358334245016;1.6596375;-9.721146;0.9128418
a;81358354386617;1.6560364;-9.740463;0.8149109
a;81358374528219;1.601654;-9.874252;0.8797302
a;81358394669820;1.6800842;-9.989761;0.9861908
a;81358414811422;1.7437134;-10.030167;1.0689087
a;81358434953023;1.647522;-10.030106;0.9925995
a;81358455094625;1.5787964;-9.97435;0.9794922
a;81358475236227;1.6256714;-10.073944;1.0044403
a;81358495377828;1.7009888;-10.191711;1.2067566
a;81358515519430;1.6876373;-10.181595;1.2158661
a;81358535661031;1.6148376;-9.894104;1.1272125
a;81358555802633;1.6973877;-9.986572;1.1254883
a;81358575944234;1.7842407;-10.053909;1.2554626
a;81358596085836;1.7722626;-9.959885;1.282608
a;81358616227438;1.7491913;-10.012619;1.2285156
a;81358636369039;1.7317352;-10.0455475;1.2230377
a;81358656510641;1.7706451;-10.055481;1.3591461
a;81358676652242;1.7590485;-10.09935;1.2355194
a;81358696793844;1.7486572;-10.019592;1.1585693
a;81358716935445;1.7435608;-10.107849;1.2353973
a;81358737077047;1.7362976;-10.080719;1.3023376
a;81358757218648;1.7442627;-10.100159;1.324646
a;81358777360250;1.7735138;-10.030258;1.2736816
a;81358797501852;1.7657623;-9.957565;1.2577972
a;81358817643453;1.8795013;-10.003632;1.3714905
a;81358837785055;1.8886566;-10.022797;1.353241
a;81358857926656;1.8587341;-9.921143;1.1117401
a;81358878068258;1.8862457;-9.886154;1.1832275
a;81358898209859;1.9410706;-9.972092;1.3936768
a;81358918351461;1.8915253;-9.994812;1.3984985
a;81358938493063;1.8800354;-10.006195;1.1603394
a;81358958634664;1.8988953;-10.010757;1.1655121
a;81358978776266;1.923523;-9.963577;1.2998657
a;81358998917867;1.8906097;-9.932663;1.3127594
a;81359019059469;1.8850708;-10.03746;1.2157898
a;81359039201070;1.8916626;-10.046173;1.1651001
a;81359059342672;1.9297028;-9.985687;1.2650146
a;81359079484273;1.9356079;-9.906357;1.3432465
a;81359099625875;1.9878998;-9.93512;1.2662354
a;81359119767477;1.9875336;-10.034973;1.2620697
a;81359139909078;1.9938965;-10.04393;1.2590485
a;81359160050680;1.9235535;-9.961197;1.2668152
a;81359180192281;1.9559784;-10.026016;1.2203522
a;81359200333883;1.9689178;-10.027618;1.2477112
a;81359220475484;1.9648285;-10.001114;1.2662048
a;81359240617086;1.9168091;-9.987183;1.2210999
a;81359260758688;1.9184418;-10.023087;1.3234406
a;81359280900289;1.9678497;-10.038101;1.2852936
a;81359301041891;1.965683;-9.982742;1.2365723
a;81359321183492;1.9107666;-9.916183;1.3621063
a;81359341325094;1.9945221;-9.932129;1.3295898
a;81359361466695;2.0404968;-10.013855;1.3246613
a;81359381608297;2.0351563;-10.012955;1.2860107
a;81359401749898;1.9907379;-9.982651;1.1915741
a;81359421891500;1.950943;-9.9891815;1.2607574
a;81359442033102;1.9715729;-9.967239;1.3505249
a;81359462174703;1.913971;-9.9869995;1.297699
a;81359482316305;1.8868408;-9.9457245;1.2341156
a;81359502457906;1.8361816;-9.973785;1.2934723
a;81359522599508;1.846283;-9.966278;1.3780212
a;81359542741109;1.913559;-9.997208;1.2709045
a;81359562882711;1.9480743;-9.93428;1.2640991
a;81359583024313;1.9404755;-9.994385;1.2865448
a;81359603165914;1.9642181;-10.047623;1.2142639
a;81359623307516;1.8824005;-10.034668;1.2154083
a;81359643449117;1.939621;-9.883835;1.2788696
a;81359663590719;1.9432983;-9.96843;1.2314606
a;81359683732320;1.973175;-10.019699;1.326416
a;81359703873922;1.956131;-9.990326;1.3030396
a;81359724015523;1.9197388;-10.014282;1.2372284
a;81359744157125;1.8425293;-9.988052;1.314621
a;81359764298727;1.9209595;-9.96402;1.2645721
a;81359784440328;1.9094696;-10.012009;1.1873627
a;81359804581930;1.9305267;-9.980728;1.30867
a;81359824723531;1.9207916;-9.880493;1.3303223
a;81359844865133;1.934555;-9.93515;1.3098297
a;81359865006734;2.0176697;-9.991074;1.2396545
a;81359885148336;2.0243988;-10.005066;1.1203308
a;81359905289938;2.063797;-10.003769;1.1595612
a;81359925431539;2.001236;-10.087509;1.3065796
a;81359945573141;2.1156616;-9.882828;1.2186127
a;81359965714742;1.8451843;-9.990601;1.3023071
a;81359985856344;1.9300232;-9.782837;1.5738525
a;81360005997945;1.930893;-9.9188385;1.5198364
a;81360026139547;2.0042114;-9.845123;1.2129669
a;81360046281148;1.9728394;-9.807053;1.219635
a;81360066422750;1.9914246;-9.886658;1.5031738
a;81360086564352;1.8300323;-9.658218;1.8791656
a;81360106705953;1.8213959;-9.4730835;1.7322235
a;81360126847555;1.9492188;-9.552795;1.5055084
a;81360146989156;1.8658142;-9.624435;1.7844543
a;81360167130758;1.7604828;-9.515961;2.0376892
a;81360187272359;1.7741547;-9.390442;1.8038025
a;81360207413961;2.157486;-9.510742;2.1340485
a;81360227555563;2.052948;-9.423676;2.178131
a;81360247697164;1.76297;-9.157928;1.5267792
a;81360267838766;1.6917267;-9.545624;1.5102997
a;81360287980367;1.8595428;-9.388153;1.914032
a;81360308121969;2.0401306;-9.154724;2.1708374
a;81360328263570;2.2337189;-8.965561;2.4153748
a;81360348405172;2.0561829;-8.678574;2.313568
a;81360368546773;2.217163;-8.745041;2.3249054
a;81360388688375;2.320984;-8.971451;2.5504303
a;81360408829977;2.7003632;-9.190201;3.0554352
a;81360428971578;2.7664795;-8.639038;2.5907745
a;81360449113180;2.6850128;-8.553009;2.6530762
a;81360469254781;2.97937;-8.18927;2.805603
a;81360489396383;2.9780731;-8.582031;3.047943
a;81360509537984;3.3636322;-8.605225;3.3230438
a;81360529679586;3.8212585;-8.511185;3.1455688
a;81360549821188;3.8954468;-8.223618;3.1639252
a;81360569962789;3.8099823;-8.075211;3.4863129
a;81360590104391;3.9916534;-7.8744507;3.7816772
a;81360610245992;4.3397217;-8.007675;3.4806366
a;81360630387594;4.642395;-7.889328;3.5503845
a;81360650529195;4.7775726;-7.551346;3.9191437
a;81360670670797;5.1012726;-7.290024;3.6636658
a;81360690812398;5.5045776;-7.547989;3.5725403
a;81360710954000;5.748474;-7.509918;3.8857422
a;81360731095602;5.9871826;-7.1773834;4.075348
a;81360751237203;6.2774963;-6.960327;3.9605408
a;81360771378805;6.6513214;-6.968048;3.970108
a;81360791520406;7.118225;-7.1196136;4.0633087
a;81360811662008;7.3444977;-6.905182;4.394577
a;81360831803609;7.5486755;-6.3085175;4.653656
a;81360851945211;7.5270996;-5.9501953;4.747635
a;81360872086813;7.631027;-6.0927277;4.5865173
a;81360892228414;7.793167;-6.4788513;4.54834
a;81360912370016;7.9979553;-6.401428;4.596344
a;81360932511617;8.000381;-6.2356873;4.3654785
a;81360952653219;7.97731;-5.7049103;4.4521027
a;81360972794820;8.043961;-5.3618164;4.7812653
a;81360992936422;8.196594;-5.4662933;4.7836304
a;81361013078023;8.098068;-5.4934998;4.566986
a;81361033219625;7.805786;-5.5874786;4.5602417
a;81361053361227;7.8473816;-5.3276367;4.593704
a;81361073502828;7.7996216;-5.2870483;4.3331146
a;81361093644430;7.727112;-5.157196;4.283554
a;81361113786031;7.5637207;-4.894516;4.324478
a;81361133927633;7.535202;-5.100754;4.300415
a;81361154069234;7.5615234;-5.2454987;4.2874603
a;81361174210836;7.52565;-5.112335;4.2726593
a;81361194352438;7.426468;-5.0211945;4.0977173
a;81361214494039;7.1605377;-5.010254;4.038208
a;81361234635641;7.2002716;-5.116455;4.00235
a;81361254777242;7.4345245;-5.2255707;4.129532
a;81361274918844;7.579361;-5.2079926;4.125351
a;81361295060445;7.512802;-5.132004;4.2205048
a;81361315202047;7.6059723;-4.5467834;3.9873047
a;81361335343648;8.447815;-7.683655;5.224167
a;81361355485250;7.5716248;-5.529007;4.755005
a;81361375626852;7.3572235;-4.990097;4.1868744
a;81361395768453;7.5640106;-5.2431183;4.068573
a;81361415910055;7.6545563;-5.617859;3.9169922
a;81361436051656;7.785141;-5.5603333;3.8553467
a;81361456193258;7.3636627;-5.391144;3.6439972
a;81361476334859;7.0706177;-5.2219696;3.83078
a;81361496476461;7.4444275;-4.946396;4.0219116
a;81361516618063;7.8117523;-3.6589508;6.70459
a;81361536759664;7.480606;-5.413574;4.675003
a;81361556901266;7.6445923;-5.6320343;4.916626
a;81361577042867;7.7852936;-5.7274017;4.76033
a;81361597184469;8.715485;-5.298538;5.452362
a;81361617326070;9.691757;-5.6850433;5.7980347
a;81361637467672;10.375656;-6.080475;5.7456055
a;81361657609273;10.839355;-6.419327;5.517151
a;81361677750875;11.32608;-6.7337036;4.9230194
a;81361697892477;11.391464;-7.5635223;5.547455
a;81361718034078;11.47435;-8.461197;6.0799255
a;81361738175680;10.673264;-8.625427;5.9063873
a;81361758317281;9.194824;-8.8072815;6.0510406
a;81361778458883;8.316025;-8.301971;7.323059
a;81361798600484;7.515274;-6.829788;8.547684
a;81361818742086;6.5476685;-5.6308594;9.026566
a;81361838883688;5.389496;-5.6744843;7.8548126
a;81361859025289;4.308243;-5.7939453;6.639862
a;81361879166891;3.761856;-4.6784363;6.7005157
a;81361899308492;3.2912903;-2.836563;7.329941
a;81361919450094;2.198822;-1.5016022;7.4437256
a;81361939591695;1.5118408;-1.8807831;6.8066254
a;81361959733297;0.9100342;-1.8595428;6.2600403
a;81361979874898;0.7002716;-1.2359619;6.1358185
a;81362000016500;0.4370575;-0.546463;5.9476776
a;81362020158102;0.36201477;-0.42384338;6.4881287
a;81362040299703;0.4895935;-0.3067932;6.735092
a;81362060441305;0.56396484;-0.12036133;6.728424
a;81362080582906;0.4949646;-0.24203491;6.788391
a;81362100724508;0.46565247;-0.41941833;7.578247
a;81362120866109;0.54855347;-0.17512512;7.9623413
a;81362141007711;0.565567;0.11117554;8.609665
a;81362161149313;0.7344513;-0.23880005;9.0299225
a;81362181290914;0.8670502;-1.5415497;8.740616
a;81362201432516;0.7438202;-1.6568298;8.713455
a;81362221574117;0.5901184;-0.525177;8.883774
a;81362241715719;-0.019165039;-0.38243103;9.002502
a;81362261857320;0.005645752;-0.20121765;9.333267
a;81362281998922;0.4088745;-1.0231476;9.206955
a;81362302140523;0.44844055;-1.2655029;9.176666
a;81362322282125;0.018310547;-0.5637512;9.460098
a;81362342423727;-0.28282166;-0.20370483;9.566864
a;81362362565328;-0.3252716;-0.3804474;9.452515
a;81362382706930;-0.04496765;-0.71850586;9.412399
a;81362402848531;-0.09965515;-0.61906433;9.573059
a;81362422990133;-0.2076416;-0.39866638;9.614868
a;81362443131734;-0.19004822;-0.18196106;9.616898
a;81362463273336;-0.056671143;-0.23643494;9.57428
a;81362483414938;0.11166382;-0.42967224;9.635757
a;81362503556539;0.14709473;-0.5183258;9.766632
a;81362523698141;0.01020813;-0.25776672;9.857254
a;81362543839742;-0.09024048;0.0385437;9.699707
a;81362563981344;-0.0010375977;0.078689575;9.583282
a;81362584122945;0.069244385;-0.21577454;9.635132
a;81362604264547;0.052093506;-0.16246033;9.861938
a;81362624406148;-0.016799927;0.10343933;9.789276
a;81362644547750;-0.08703613;0.13362122;9.647064
a;81362664689352;0.1531372;-0.059753418;9.69664
a;81362684830953;-0.011245728;-0.10835266;9.602356
a;81362704972555;-0.0063323975;-0.17399597;9.570023
a;81362725114156;7.324219E-4;0.05393982;9.614716
a;81362745255758;-0.088638306;0.20399475;9.627853
a;81362765397359;0.1443634;0.10366821;9.709854
a;81362785538961;0.1166687;0.08908081;9.79866
