a;81573703327947;-1.0869293;0.52571106;9.740219
a;81573723469549;-1.1025238;0.42973328;9.865906
a;81573743611150;-1.0773621;0.21899414;9.94487
a;81573763752752;-1.0870056;0.16983032;9.87471
a;81573783894353;-1.1471252;0.39712524;9.650238
a;81573804035955;-1.2449036;0.61068726;9.637253
a;81573824177556;-1.2718048;0.78619385;9.830048
a;81573844319158;-1.0016632;0.8038635;10.00589
a;81573864460759;-0.9804535;0.62342834;10.093369
a;81573884602361;-0.8862457;0.34672546;9.870499
a;81573904743963;-0.56884766;0.33076477;9.222595
a;81573924885564;-1.4539948;-0.058502197;8.757324
a;81573945027166;-2.5511475;1.9836426E-4;8.571548
a;81573965168767;-0.69558716;1.1123657;10.173309
a;81573985310369;-0.5950012;0.70103455;10.562607
a;81574005451970;-1.4345093;0.1131134;9.760941
a;81574025593572;-1.3238678;0.20742798;10.038681
a;81574045735174;-1.0986176;0.056915283;10.518127
a;81574065876775;-1.6578674;-0.21382141;10.532532
a;81574086018377;-2.5718536;0.0398407;11.002884
a;81574106159978;-2.7328033;-0.38438416;11.218475
a;81574126301580;-2.9897614;-0.96907043;11.031128
a;81574146443181;-2.8339539;-1.0364227;10.990845
a;81574166584783;-1.6021729;-1.3200073;9.543823
a;81574186726384;-0.8378296;-1.1256104;11.044189
a;81574206867986;1.0903015;-4.0383606;9.595169
a;81574227009588;1.6005096;-3.0236053;8.923096
a;81574247151189;1.4869995;-2.951767;7.4489136
a;81574267292791;2.9397278;-4.0144043;7.7892456
a;81574287434392;3.4782104;-3.2268524;8.946365
a;81574307575994;3.1856232;-2.5989227;8.835785
a;81574327717595;3.158783;-1.3119354;8.542572
a;81574347859197;3.8404388;-1.0312042;8.293335
a;81574368000799;4.533676;-1.5892181;7.24028
a;81574388142400;5.1909027;-1.5955048;6.708374
a;81574408284002;4.2825317;-0.425766;7.753128
a;81574428425603;2.6865692;1.5247192;8.696777
a;81574448567205;2.721756;1.7017059;9.543701
a;81574468708806;2.3246002;0.49978638;10.192795
a;81574488850408;1.0578918;-1.1897736;10.058121
a;81574508992009;0.73384094;-1.8634186;9.848129
a;81574529133611;0.5252838;-1.8974152;10.370544
a;81574549275213;0.55229187;-2.0261078;11.521469
a;81574569416814;0.5689697;-1.9021149;12.550964
a;81574589558416;0.9642792;-3.1146393;11.50238
a;81574609700017;0.77919006;-2.8928833;10.737915
a;81574629841619;1.2827301;-1.9757233;11.003815
a;81574649983220;1.7436218;-2.0211334;10.345184
a;81574670124822;1.9489594;-1.472702;9.612366
a;81574690266424;1.7455902;-1.5401306;9.356949
a;81574710408025;1.4894867;-1.6184692;9.664307
a;81574730549627;1.4571075;-1.4368439;10.294144
a;81574750691228;1.4083252;-1.9227295;9.858185
a;81574770832830;1.0467987;-2.054718;9.107071
a;81574790974431;0.98179626;-2.1074371;9.306076
a;81574811116033;1.1208496;-1.8501282;10.233978
a;81574831257634;1.0225067;-1.6703644;10.448181
a;81574851399236;0.9237213;-1.6714172;9.714539
a;81574871540838;0.8410797;-1.5936584;9.545425
a;81574891682439;0.84477234;-1.6542053;9.755875
a;81574911824041;1.0234222;-1.6024017;10.160339
a;81574931965642;0.93492126;-1.5889282;9.896072
a;81574952107244;0.8393707;-1.5440674;9.609482
a;81574972248845;0.79504395;-1.3695831;9.583908
a;81574992390447;0.8730469;-1.515091;9.814377
a;81575012532049;0.95236206;-1.5210114;9.966583
a;81575032673650;0.806015;-1.5988922;9.882599
a;81575052815252;0.59794617;-1.7751617;9.494934
a;81575072956853;0.61231995;-1.7818298;9.400955
a;81575093098455;0.88145447;-1.6020355;10.153519
a;81575113240056;1.0308228;-1.4724731;10.260513
a;81575133381658;0.8844452;-1.5685272;10.318222
a;81575153523259;0.78125;-1.9358063;9.940979
a;81575173664861;0.6164398;-2.0564728;9.714752
a;81575193806463;0.64852905;-1.8952026;9.89415
a;81575213948064;0.62275696;-1.6630249;9.976761
a;81575234089666;0.5687256;-1.7504425;9.691849
a;81575254231267;0.6491089;-1.8599548;9.364075
a;81575274372869;0.7765045;-2.1387787;9.081467
a;81575294514470;0.48223877;-2.440796;9.425476
a;81575314656072;0.40016174;-2.3520508;10.007858
a;81575334797674;0.6119385;-1.9396667;9.968338
a;81575354939275;0.86387634;-1.5874329;9.854095
a;81575375080877;0.91423035;-1.6584625;9.554489
a;81575395222478;0.7444458;-1.7704468;9.274612
a;81575415364080;0.71429443;-1.7403564;9.393845
a;81575435505681;0.6299591;-1.7750702;9.701752
a;81575455647283;0.7907257;-1.8166809;9.686035
a;81575475788884;0.91119385;-1.8606262;9.5768585
a;81575495930486;0.7704468;-2.0102234;9.585098
a;81575516072088;0.43525696;-2.3666534;9.643173
a;81575536213689;0.25578308;-2.4646149;9.514191
a;81575556355291;0.2557373;-2.4013062;9.637451
a;81575576496892;0.17082214;-2.26857;9.699997
a;81575596638494;-0.027755737;-2.6506958;9.310394
a;81575616780095;-0.40202332;-2.5990906;9.063171
a;81575636921697;-0.40270996;-2.3625183;8.950134
a;81575657063299;-0.20817566;-2.374939;8.536362
a;81575677204900;-0.051605225;-2.5993042;8.2052765
a;81575697346502;-0.21459961;-2.9597778;8.33754
a;81575717488103;-0.4514618;-3.2616272;8.622742
a;81575737629705;-0.78652954;-3.9020996;8.71759
a;81575757771306;-1.1605988;-4.061142;8.421661
a;81575777912908;-1.5264893;-4.6172028;8.308914
a;81575798054509;-1.7749786;-5.430725;8.115814
a;81575818196111;-1.8647308;-5.7447815;8.337097
a;81575838337713;-1.9654541;-5.815796;8.4048
a;81575858479314;-2.1368408;-5.8768005;8.4734955
a;81575878620916;-2.6137695;-5.637665;8.200226
a;81575898762517;-3.1545105;-6.000702;7.6682587
a;81575918904119;-3.7576141;-6.34404;7.315277
a;81575939045720;-4.279785;-6.686661;7.308502
a;81575959187322;-4.8602753;-5.7693024;7.176117
a;81575979328924;-5.423767;-5.164505;7.430237
a;81575999470525;-5.9965057;-5.111191;8.032455
a;81576019612127;-7.3063507;-5.1941986;8.108978
a;81576039753728;-7.859741;-4.482437;7.056656
a;81576059895330;-6.8280487;-4.780945;6.9596863
a;81576080036931;-7.084671;-4.4489746;7.32901
a;81576100178533;-7.1019745;-4.1972656;7.9595947
a;81576120320134;-7.4842377;-4.960541;8.32579
a;81576140461736;-8.1206665;-5.036331;7.728546
a;81576160603338;-7.7219086;-4.7269135;7.4239807
a;81576180744939;-7.376663;-4.188431;7.606903
a;81576200886541;-6.9710693;-3.7065582;7.669815
a;81576221028142;-6.52652;-3.3184967;7.5841827
a;81576241169744;-6.284729;-3.4618988;7.327606
a;81576261311345;-6.234741;-3.727768;6.7682495
a;81576281452947;-5.9980927;-3.7599945;6.388916
a;81576301594549;-5.8538055;-3.7362213;6.3983917
a;81576321736150;-5.7383423;-3.7509918;6.5815887
a;81576341877752;-5.9667206;-3.6582947;6.757187
a;81576362019353;-6.144455;-3.5974426;6.705017
a;81576382160955;-6.2734528;-3.6134033;6.818863
a;81576402302556;-6.46698;-3.6606598;6.8246
a;81576422444158;-6.49382;-3.7797241;6.802429
a;81576442585759;-6.4908752;-3.8546753;6.599411
a;81576462727361;-6.142212;-4.1065674;6.60347
a;81576482868963;-5.8859863;-4.302124;6.9574738
a;81576503010564;-6.4328613;-4.2008514;7.2087555
a;81576523152166;-6.475708;-4.1595;7.0516815
a;81576543293767;-6.3236847;-4.146515;6.830719
a;81576563435369;-5.8671875;-4.37059;6.7334595
a;81576583576970;-5.3172913;-4.32164;6.846176
a;81576603718572;-5.5641937;-4.4571075;7.004303
a;81576623860174;-6.256912;-4.9138336;6.8259583
a;81576644001775;-6.480438;-5.008438;6.566498
a;81576664143377;-6.3265533;-5.0119324;6.5298004
a;81576684284978;-6.096222;-5.172653;6.533905
a;81576704426580;-6.14917;-5.462158;6.4995728
a;81576724568181;-6.4342957;-6.2327576;6.4019012
a;81576744709783;-6.344757;-7.2272034;5.7468567
a;81576764851384;-6.0801544;-7.3818817;5.2373962
a;81576784992986;-5.879059;-6.919449;4.8843536
a;81576805134588;-5.220886;-6.472351;4.8833313
a;81576825276189;-4.846924;-7.62735;4.3879395
a;81576845417791;-5.2938385;-8.550125;4.1962433
a;81576865559392;-5.4387817;-8.713715;3.5913239
a;81576885700994;-5.122635;-8.994217;2.538391
a;81576905842595;-4.802841;-9.890228;1.8230438
a;81576925984197;-4.7600403;-10.436478;1.489914
a;81576946125799;-4.5601807;-10.116867;1.4152069
a;81576966267400;-4.1946716;-9.749725;1.6768036
a;81576986409002;-4.0902863;-10.018402;1.3854065
a;81577006550603;-4.03833;-10.218109;1.2106171
a;81577026692205;-3.360733;-9.741562;1.4712677
a;81577046833806;-2.9493713;-9.232422;1.4164734
a;81577066975408;-2.5868988;-9.039322;0.9920044
a;81577087117009;-2.5203094;-9.166046;0.6060028
a;81577107258611;-2.6340637;-9.568954;0.4124298
a;81577127400213;-2.2546844;-9.673889;0.94392395
a;81577147541814;-1.9874878;-9.288086;1.1800995
a;81577167683416;-1.900116;-9.124924;0.7453613
a;81577187825017;-1.8451843;-9.226791;0.51297
a;81577207966619;-2.2949982;-10.049255;0.42785645
a;81577228108220;-2.3209991;-10.862961;0.41918945
a;81577248249822;-2.3591003;-11.211243;0.3920288
a;81577268391424;-2.223877;-10.820999;0.44389343
a;81577288533025;-2.02417;-10.701096;0.509552
a;81577308674627;-2.3887482;-11.281647;0.46627808
a;81577328816228;-2.6039581;-11.983994;0.41949463
a;81577348957830;-3.054718;-13.658203;0.15426636
a;81577369099431;-3.956665;-15.67453;-0.34629822
a;81577389241033;-3.8974915;-16.37297;-0.48986816
a;81577409382634;-2.835617;-14.135986;0.12878418
a;81577429524236;-1.2198486;-11.364731;0.9256439
a;81577449665838;0.19284058;-7.42572;1.6030579
a;81577469807439;4.6356354;7.827606;1.9064789
a;81577489949041;14.493439;17.204163;3.6285706
a;81577510090642;14.236206;14.814972;5.715027
a;81577530232244;8.205368;9.367676;8.953583
a;81577550373845;-1.9508362;-5.9271545;5.387253
a;81577570515447;-19.480835;-17.536179;-13.978989
a;81577590657049;-19.480835;-20.150314;-14.905182
a;81577610798650;-19.44783;-19.195084;0.8917999
a;81577630940252;-14.516006;-9.031067;3.8956757
a;81577651081853;1.2581177;8.250656;-4.8218536
a;81577671223455;19.51857;17.641922;-6.6826477
a;81577691365056;18.62355;18.27771;-2.3078918
a;81577711506658;11.790009;11.877106;4.555786
a;81577731648259;5.545212;0.57748413;5.800125
a;81577751789861;-17.23854;-12.079697;-7.5100555
a;81577771931463;-19.480835;-20.150314;-12.730377
a;81577792073064;-19.480835;-19.083801;-3.0854187
a;81577812214666;-18.850464;-10.411041;8.809647
a;81577832356267;-8.450821;-6.6315765;2.3759918
a;81577852497869;9.694046;14.036209;-1.9664764
a;81577872639470;19.51857;18.84909;1.2277222
a;81577892781072;19.279556;14.131454;2.8776703
a;81577912922674;17.192764;6.772003;1.86232
a;81577933064275;-1.7749634;-4.544998;1.9080048
a;81577953205877;-19.480835;-17.430466;-0.2073822
a;81577973347478;-19.480835;-20.150314;-11.8684845
a;81577993489080;-19.480835;-18.095184;0.17243958
a;81578013630681;-13.639389;-9.642059;0.19415283
a;81578033772283;2.7147217;0.11621094;-4.982315
a;81578053913884;16.97316;16.679169;1.2982025
a;81578074055486;19.312271;18.26503;-2.0910797
a;81578094197088;17.85086;11.781021;-0.24476624
a;81578114338689;19.51857;5.2794495;1.9118958
a;81578134480291;4.700363;-2.0611115;2.301712
a;81578154621892;-17.776917;-16.16893;10.601791
a;81578174763494;-19.480835;-20.150314;-13.316254
a;81578194905095;-14.957077;-20.150314;-3.72612
a;81578215046697;-6.140213;-14.840866;0.943573
a;81578235188299;-0.38076782;-7.206482;-0.6647949
a;81578255329900;4.92836;0.38294983;-3.8354034
a;81578275471502;14.676865;15.039917;1.5908508
a;81578295613103;19.51857;18.84909;-3.0104675
a;81578315754705;16.309418;14.014084;-0.017913818
a;81578335896306;3.8128662;7.627136;-0.28523254
a;81578356037908;-5.5959625;-3.1651917;4.9390564
a;81578376179509;-17.254791;-16.605484;10.65712
a;81578396321111;-19.480835;-20.150314;0.18582153
a;81578416462713;-19.453949;-17.821854;-4.2375183
a;81578436604314;-12.84816;-10.721252;1.5935516
a;81578456745916;2.354889;-9.970383;3.9011078
a;81578476887517;7.365265;-9.008804;2.9868011
a;81578497029119;5.8652496;-9.222595;-0.09866333
a;81578517170720;2.0195007;-7.9514465;0.28500366
a;81578537312322;-2.6587067;-6.9489746;3.0863647
a;81578557453924;-5.083786;-6.832962;3.4355316
a;81578577595525;-5.401108;-7.3864746;3.0487823
a;81578597737127;-3.9978638;-9.122742;2.498291
a;81578617878728;-4.056717;-10.487961;2.0776825
a;81578638020330;-4.9455566;-10.572388;1.8383179
a;81578658161931;-4.926193;-10.307129;1.6753845
a;81578678303533;-4.0442047;-10.704956;1.3381348
a;81578698442083;-2.613388;-10.491989;1.4803009
a;81578718583685;-2.0512543;-9.77211;1.7534027
a;81578738725287;-2.4399261;-9.189026;1.8314209
a;81578758866888;-2.8083344;-9.46283;1.9726105
a;81578779008490;-2.731247;-9.986618;1.8306427
a;81578799150091;-2.5558777;-9.998505;1.9715881
a;81578819291693;-2.4923553;-9.551346;2.0708618
a;81578839433294;-2.3488007;-9.261917;2.121521
a;81578859574896;-2.1800537;-9.508072;1.6793976
a;81578879716498;-2.0864868;-9.851425;1.4471741
a;81578899858099;-1.9025269;-9.571136;1.649826
a;81578919999701;-1.940033;-9.146133;2.1014862
a;81578940141302;-2.2999878;-9.342911;2.0629425
a;81578960282904;-2.6173706;-10.038528;1.5848846
a;81578980424505;-2.5858307;-10.327911;1.4903564
a;81579000566107;-2.514328;-10.194275;1.4967804
a;81579020707708;-2.5878906;-10.13623;1.6945038
a;81579040849310;-2.5541077;-10.05661;1.8794861
a;81579060990912;-2.479889;-10.059311;1.5453186
a;81579081132513;-2.354538;-10.152298;1.2268524
a;81579101274115;-2.152832;-9.990845;1.4345245
a;81579121415716;-2.0263824;-9.655212;1.8013458
a;81579141557318;-2.0174408;-9.434341;2.0839233
a;81579161698919;-2.089569;-9.415741;1.871048
a;81579181840521;-2.283142;-9.67627;1.5777893
a;81579201982123;-2.4757843;-10.178223;1.5708771
a;81579222123724;-2.528885;-9.905411;1.9150238
a;81579242265326;-2.564331;-9.629883;2.1298218
a;81579262406927;-2.5797577;-9.825912;1.9412842
a;81579282548529;-2.4610443;-10.139526;1.5888824
a;81579302690130;-2.356186;-10.1193695;1.591919
a;81579322831732;-2.253708;-9.911377;1.8096313
a;81579342973333;-2.3256378;-9.703674;2.0393066
a;81579363114935;-2.322647;-9.723587;1.9693604
a;81579383256537;-2.3245697;-9.968018;1.8376617
a;81579403398138;-2.35701;-10.147217;1.7855225
a;81579423539740;-2.309021;-9.88443;1.9855194
a;81579443681341;-2.3379517;-9.72644;2.1085663
a;81579463822943;-2.428955;-9.884415;1.9502411
a;81579483964544;-2.4585876;-10.053574;1.8708801
a;81579504106146;-2.4662933;-10.019333;1.8673553
a;81579524247748;-2.4467773;-9.832397;1.9515533
a;81579544389349;-2.3359985;-9.719559;2.0634003
a;81579564530951;-2.361374;-9.798706;1.9790955
a;81579584672552;-2.493515;-9.972458;1.9438782
a;81579604814154;-2.4272614;-9.923309;1.98143
a;81579624955755;-2.4042664;-9.870621;2.030243
a;81579645097357;-2.4143982;-9.86261;1.9668884
a;81579665238958;-2.3449402;-9.755447;1.9254456
a;81579685380560;-2.451233;-9.772476;2.0281525
a;81579705522162;-2.4928284;-9.894028;2.0283203
a;81579725663763;-2.4552917;-9.907394;1.9143372
a;81579745805365;-2.3911896;-9.919266;1.9363403
a;81579765946966;-2.431076;-9.9122925;1.9966736
a;81579786088568;-2.4435577;-9.930069;1.9962158
a;81579806230169;-2.443161;-10.012054;1.9262543
a;81579826371771;-2.4230194;-9.972412;1.8852234
a;81579846513373;-2.276596;-9.862396;1.9525146
a;81579866654974;-2.2496948;-9.87027;1.9752655
a;81579886796576;-2.3941498;-9.978348;1.9858093
a;81579906938177;-2.4756012;-9.942444;1.9800873
a;81579927079779;-2.467865;-9.851501;2.0502167
a;81579947221380;-2.4325714;-9.894791;2.0606842
a;81579967362982;-2.3267975;-9.907181;1.9445496
a;81579987504583;-2.3886108;-9.896072;1.9741211
a;81580007646185;-2.4115753;-9.868454;1.9803162
a;81580027787787;-2.3981018;-9.966888;2.0016174
a;81580047929388;-2.3457947;-10.052658;1.9005585
a;81580068070990;-2.4045868;-10.053314;1.8795776
a;81580088212591;-2.3893585;-10.07489;1.967865
a;81580108354193;-2.333786;-10.0781555;1.9277496
a;81580128495794;-2.3436127;-9.902283;2.0446167
a;81580148637396;-2.4026947;-9.837509;2.085556
a;81580168778998;-2.365921;-9.961044;2.0271301
a;81580188920599;-2.368866;-10.026749;1.9990387
a;81580209062201;-2.4062347;-9.838364;2.0851593
a;81580229203802;-2.3928986;-9.826218;2.16951
a;81580249345404;-2.3058167;-9.846649;2.0619202
a;81580269487005;-2.2807312;-9.834351;2.055954
a;81580289628607;-2.334961;-9.818146;2.1280212
a;81580309770208;-2.3650818;-9.820541;2.0621643
a;81580329911810;-2.3338776;-9.817627;2.1375427
a;81580350053412;-2.2542877;-9.90271;2.0904388
a;81580370195013;-2.2171326;-9.972519;1.9459839
a;81580390336615;-2.266922;-9.856354;2.024414
a;81580410478216;-2.294754;-9.760208;2.1634216
a;81580430619818;-2.32164;-9.857285;2.0925598
a;81580450761419;-2.3236542;-9.945206;1.916687
a;81580470903021;-2.3340302;-9.800446;1.9801788
a;81580491044623;-2.2648315;-9.658707;2.0717926
a;81580511186224;-2.1845245;-9.792587;1.9646912
a;81580531327826;-2.2202148;-9.894424;1.9835358
a;81580551469427;-2.352066;-10.054947;2.0660095
a;81580571611029;-2.449768;-10.164139;2.117218
a;81580591752630;-2.4133606;-10.061279;2.3774567
a;81580611894232;-2.4079132;-9.924255;2.4142914
a;81580632035833;-2.232193;-9.758713;2.2381744
a;81580652177435;-2.048767;-9.644012;2.2207794
a;81580672319037;-2.008194;-9.80455;2.1549377
a;81580692460638;-2.1081696;-10.002304;2.028946
a;81580712602240;-2.4121857;-10.0390625;2.1883392
a;81580732743841;-2.4922028;-10.03093;2.3051147
a;81580752885443;-2.4207153;-10.052795;2.384491
a;81580773027044;-2.326004;-10.005203;2.308258
a;81580793168646;-2.2706604;-9.8172;2.2817383
a;81580813310248;-2.1773376;-9.632462;2.296646
a;81580833451849;-2.0330505;-9.682739;2.2158813
a;81580853593451;-2.0726013;-9.912476;2.1862488
a;81580873735052;-2.1184692;-9.8954315;2.3002777
a;81580893876654;-2.2394562;-9.923553;2.2970886
a;81580914018255;-2.2979584;-10.003128;2.154419
a;81580934159857;-2.2864532;-9.958328;2.1746368
a;81580954301458;-2.2722168;-9.748566;2.3882294
a;81580974443060;-2.2054596;-9.773575;2.4173737
a;81580994584662;-2.2069397;-9.867233;2.1750488
a;81581014726263;-2.1687317;-9.7439575;2.2296906
a;81581034867865;-2.1328583;-9.5993805;2.3693085
a;81581055009466;-2.1586456;-9.764496;2.3245392
a;81581075151068;-2.1585083;-9.847824;2.3935547
a;81581095292669;-2.163208;-9.922577;2.3307953
a;81581115434271;-2.055008;-9.927414;2.4107513
a;81581135575873;-1.9945526;-10.022354;2.4554443
a;81581155717474;-2.0368347;-10.107376;2.4861908
a;81581175859076;-1.9322662;-10.060501;2.545044
a;81581196000677;-1.8376617;-10.001846;2.601715
a;81581216142279;-1.8522339;-10.077377;2.5482635
a;81581236283880;-1.8757019;-10.161713;2.656784
a;81581256425482;-1.888504;-10.242996;2.7437897
a;81581276567083;-1.8370514;-10.416077;2.973465
a;81581296708685;-1.7497711;-10.69603;2.906067
a;81581316850287;-1.4213257;-10.8909;3.107788
a;81581336991888;-0.9604492;-11.188965;3.3070679
a;81581357133490;-0.2241211;-11.646545;2.7331848
a;81581377275091;0.21543884;-12.931961;1.8534088
a;81581397416693;0.5737152;-15.057388;1.3225098
a;81581417558294;1.3087616;-15.001984;1.987381
a;81581437699896;1.3132477;-12.731781;2.8099213
a;81581457841498;0.9144592;-12.184082;3.2278442
a;81581477983099;0.7663727;-12.516571;2.7573853
a;81581498124701;0.31455994;-11.317047;3.3876648
a;81581518266302;-0.2816162;-10.312454;3.649002
a;81581538407904;-0.18572998;-9.524307;3.473053
a;81581558549505;0.30099487;-8.29509;3.2870636
a;81581578691107;-0.167099;-7.240387;3.8247375
a;81581598832708;-0.8427124;-5.9481506;4.8231354
a;81581618974310;-1.0609741;-5.1665497;4.9217834
a;81581639115912;-1.3579407;-5.861725;4.7654266
a;81581659257513;-1.9347076;-7.355362;5.1886444
a;81581679399115;-2.2019806;-6.9149017;5.652588
a;81581699540716;-1.9778442;-5.1204224;6.340149
a;81581719682318;-1.9188385;-4.052948;7.3484344
a;81581739823919;-2.0404205;-3.9242096;7.7487183
a;81581759965521;-2.2360687;-4.7960052;7.0124817
a;81581780107123;-2.095398;-6.2005157;5.306717
a;81581800248724;-1.5977325;-6.513031;5.7606354
a;81581820390326;-1.9701691;-5.4120636;7.6129913
a;81581840531927;-1.8449249;-4.6379395;8.531479
a;81581860673529;-1.3248596;-3.8713837;8.62883
a;81581880815130;-1.5394287;-3.8590698;8.463257
a;81581900956732;-2.781128;-6.9533234;8.668228
a;81581921098333;-3.8617096;-7.5659637;8.946136
a;81581941239935;-2.439209;-7.9338684;8.650314
a;81581961381537;0.3579712;-7.1414185;7.349579
a;81581981523138;0.8503113;-5.746109;8.011993
a;81582001664740;-0.34709167;-7.538147;6.119217
a;81582021806341;-0.81629944;-11.233719;4.537018
a;81582041947943;-0.7055664;-10.378998;4.725189
a;81582062089544;-0.6358948;-8.515228;5.9519196
a;81582082231146;-0.7162781;-7.787567;6.2806396
a;81582102372748;-0.48243713;-8.68129;5.602722
a;81582122514349;-0.5975647;-8.976898;5.199539
a;81582142655951;-0.5713959;-8.6558075;5.7352295
a;81582162797552;-0.3756256;-8.643631;5.8039246
a;81582182939154;-0.58428955;-8.728928;5.554016
a;81582203080755;-0.81518555;-8.813416;5.4004974
a;81582223222357;-0.6860657;-9.043076;5.395355
a;81582243363958;-0.64346313;-8.363266;5.4286804
a;81582263505560;-0.6552429;-6.9537964;6.0605316
a;81582283647162;-0.81770325;-5.9822083;6.3546906
a;81582303788763;-0.9154663;-5.7975616;5.695694
a;81582323930365;-0.7471924;-5.4274597;4.436905
a;81582344071966;-0.86250305;-7.0653687;2.1278534
a;81582364213568;-0.62176514;-11.105728;-1.2343903
a;81582384355169;-1.348526;-13.922028;-2.4923096
a;81582404496771;-2.156723;-15.148132;-1.8600311
a;81582424638373;-0.43943787;-10.645523;1.323288
a;81582444779974;-0.8910217;-9.254547;2.1881561
a;81582464921576;-1.8096008;-11.495712;0.774292
a;81582485063177;-1.5927887;-12.756073;-0.16767883
a;81582505204779;-0.93652344;-11.153687;0.02708435
a;81582525346380;-1.1474915;-10.135788;-0.022720337
a;81582545487982;-1.6902466;-9.934647;-0.28268433
a;81582565629583;-1.527008;-10.328735;-0.6246643
a;81582585771185;-1.6392517;-10.487549;-1.0335846
a;81582605912787;-1.7022552;-10.013931;-1.052536
a;81582626054388;-1.4626923;-9.528717;-0.8656006
a;81582646195990;-1.5007019;-10.044373;-1.1846771
a;81582666337591;-1.674118;-10.253967;-1.3197021
a;81582686479193;-1.874939;-10.409073;-1.4949341
a;81582706620794;-1.7185974;-10.383881;-1.4989929
a;81582726762396;-1.5027771;-10.308044;-1.367691
a;81582746903998;-1.6781921;-10.553223;-1.675354
a;81582767045599;-1.8400574;-10.605072;-1.7517242
a;81582787187201;-1.6987305;-10.304871;-1.5113983
a;81582807328802;-1.6710205;-10.2296295;-1.6092377
a;81582827470404;-1.6954498;-10.288895;-1.9691925
a;81582847612005;-1.8215637;-10.0664215;-2.0796661
a;81582867753607;-1.8656006;-9.762268;-1.8945923
a;81582887895208;-1.9039307;-9.9796295;-1.9510956
a;81582908036810;-1.9013672;-10.22847;-2.309021
a;81582928178412;-1.7888031;-9.896942;-2.1075897
a;81582948320013;-1.7420197;-9.677078;-2.155014
a;81582968461615;-1.747345;-9.731354;-2.1814117
a;81582988603216;-1.9524384;-10.020752;-2.3339996
a;81583008744818;-2.039383;-10.003052;-2.4426575
a;81583028886419;-1.7923584;-9.738998;-2.4371033
a;81583049028021;-1.7381134;-9.821045;-2.5128021
a;81583069169623;-1.9766998;-9.970093;-2.4866486
a;81583089311224;-1.8818817;-10.018112;-2.5722961
a;81583109452826;-1.8341675;-10.005493;-2.6307526
a;81583129594427;-1.8768463;-9.959122;-2.6454315
a;81583149736029;-1.929718;-9.877701;-2.6260986
a;81583169877630;-1.87883;-9.873123;-2.7396698
a;81583190019232;-1.8402252;-9.716034;-2.6782227
a;81583210160833;-1.8114014;-9.684723;-2.667038
a;81583230302435;-1.9089203;-9.786301;-2.8582
a;81583250444037;-2.02771;-9.75647;-2.8703766
a;81583270585638;-1.8693542;-9.663483;-2.7602997
a;81583290727240;-1.8592987;-9.564423;-2.7208862
a;81583310868841;-1.8784637;-9.567062;-2.9083557
a;81583331010443;-1.9902039;-9.677231;-2.9082184
a;81583351152044;-1.8762054;-9.6474;-2.7668
a;81583371293646;-1.7619934;-9.578461;-2.8264008
a;81583391435248;-1.8865814;-9.685074;-3.0504303
a;81583411576849;-1.9822083;-9.850601;-3.0704346
a;81583431718451;-1.9216614;-9.764877;-3.0021362
a;81583451860052;-1.838501;-9.683487;-2.9851685
a;81583472001654;-1.8981934;-9.716995;-3.0513916
a;81583492143255;-1.9673309;-9.846252;-3.11055
a;81583512284857;-1.900589;-9.661026;-3.0031433
a;81583532426458;-1.9302521;-9.644943;-3.1161804
a;81583552568060;-1.9010315;-9.70079;-3.1234589
a;81583572709662;-1.9275055;-9.518829;-3.0578613
a;81583592851263;-1.9140625;-9.526657;-3.0974884
a;81583612992865;-1.9456787;-9.661346;-3.310852
a;81583633134466;-2.0944061;-9.618851;-3.3406067
a;81583653276068;-1.9860077;-9.384186;-3.2268372
a;81583673417669;-1.8899384;-9.195801;-3.245575
a;81583693559271;-1.9281616;-9.323868;-3.3095093
a;81583713700873;-1.9803162;-9.567093;-3.3830261
a;81583733842474;-2.020691;-9.442932;-3.3947754
a;81583753984076;-1.9517975;-9.4604645;-3.377594
a;81583774125677;-2.0201874;-9.655212;-3.5534515
a;81583794267279;-1.984848;-9.700409;-3.4644165
a;81583814408880;-1.8728027;-9.448166;-3.4755554
a;81583834550482;-1.9785461;-9.322617;-3.6002655
a;81583854692083;-2.0951385;-9.476715;-3.7198486
a;81583874833685;-1.9898834;-9.5191345;-3.6921692
a;81583894975287;-1.967041;-9.347687;-3.5463867
a;81583915116888;-1.9679565;-9.491135;-3.703598
a;81583935258490;-1.9988556;-9.331924;-3.7137146
a;81583955400091;-2.0072937;-9.229111;-3.797287
a;81583975541693;-2.0571136;-9.179733;-3.8126526
a;81583995683294;-2.043106;-9.104279;-3.8509521
a;81584015824896;-2.0188751;-9.052155;-3.8565521
a;81584035966498;-2.018631;-8.924103;-3.9656372
a;81584056108099;-2.0178528;-8.915512;-3.9993591
a;81584076249701;-2.0370636;-9.229919;-4.1276093
a;81584096391302;-2.022766;-9.47464;-4.2697296
a;81584116532904;-2.1002045;-9.36467;-4.3160706
a;81584136674505;-2.1050568;-9.477905;-4.2047424
a;81584156816107;-2.0180817;-9.697632;-4.2908173
a;81584176957708;-2.0251465;-9.579376;-4.266388
a;81584197099310;-2.1437988;-9.0155945;-4.2891083
a;81584217240912;-2.0705109;-8.984512;-4.4127045
a;81584237382513;-2.033142;-8.960007;-4.4048157
a;81584257524115;-2.0379639;-8.935593;-4.3502655
a;81584277665716;-2.0374298;-8.864807;-4.3861694
a;81584297807318;-2.1052856;-8.92955;-4.312912
a;81584317948919;-2.0711517;-9.0243225;-4.4305267
a;81584338090521;-2.0595093;-8.96109;-4.4298553
a;81584358232123;-2.0102234;-9.037369;-4.1987762
a;81584378373724;-1.942688;-9.09761;-4.2270813
a;81584398515326;-2.1688232;-9.300079;-4.5408783
a;81584418656927;-2.2209015;-9.061356;-4.513733
a;81584438798529;-2.1022186;-9.057724;-4.442993
a;81584458940130;-1.976059;-9.145615;-4.3089905
a;81584479081732;-1.9684296;-9.038055;-4.347687
a;81584499223333;-2.099228;-8.954636;-4.4921722
a;81584519364935;-2.2253418;-9.225632;-4.4272156
a;81584539506537;-2.0970612;-9.294922;-4.3478546
a;81584559648138;-2.0297394;-9.552536;-4.402069
a;81584579789740;-2.0034332;-9.101624;-4.2789
a;81584599931341;-1.9759369;-8.41185;-4.170059
a;81584620072943;-2.2026215;-9.049881;-4.205887
a;81584640214544;-1.9692078;-9.83931;-4.404312
a;81584660356146;-2.1160889;-10.123901;-4.1363525
a;81584680497748;-1.9817352;-8.655731;-3.9352417
a;81584700639349;-2.0663605;-8.766647;-3.8884583
a;81584720780951;-1.9248047;-9.982773;-4.2441864
a;81584740922552;-1.8441162;-9.753052;-4.110306
a;81584761064154;-2.060028;-8.995041;-3.7301636
a;81584781205755;-1.96521;-8.744003;-3.7622223
a;81584801347357;-2.0069427;-9.72319;-3.9544067
a;81584821488958;-1.9632721;-10.06395;-3.9072418
a;81584841630560;-1.8526764;-9.652649;-3.6267548
a;81584861772162;-1.7323151;-9.387268;-3.5175323
a;81584881913763;-1.8782654;-9.976471;-3.7783813
a;81584902055365;-2.2190094;-10.8411255;-3.761963
a;81584922196966;-1.9272919;-10.470413;-3.5677795
a;81584942338568;-1.6404724;-10.070892;-3.183426
a;81584962480169;-1.5500946;-9.965439;-2.871933
a;81584982621771;-1.4000397;-10.036026;-2.730423
a;81585002763373;-1.564209;-10.453278;-3.1171875
a;81585022904974;-1.6841888;-11.01651;-3.1095123
a;81585043046576;-1.8424225;-11.913071;-3.341751
a;81585063188177;-1.3700867;-11.693268;-2.9201202
a;81585083329779;-0.9530792;-11.132355;-2.6296234
a;81585103471380;-1.1244049;-11.477005;-3.0054626
a;81585123612982;-0.8388214;-9.778961;-1.4264679
a;81585143754583;0.024307251;-6.4304047;2.0882568
a;81585163896185;-0.6663513;-7.7598114;2.3669434
a;81585184037787;-1.0346375;-9.88974;1.4582825
a;81585204179388;0.3297882;-7.4501343;2.9552917
a;81585224320990;-0.9250946;-7.5683746;3.4250946
a;81585244462591;-1.0579834;-9.311005;2.6665344
a;81585264604193;0.101119995;-9.889496;3.3588867
a;81585284745794;0.07879639;-9.012314;4.891861
a;81585304887396;-0.38702393;-9.1440735;4.8876343
a;81585325028998;-0.108688354;-9.534882;4.345688
a;81585345170599;-0.015075684;-9.275177;4.349579
a;81585365312201;-0.2111206;-9.735916;3.9793854
a;81585385453802;-0.06448364;-9.22934;4.7155457
a;81585405595404;0.09486389;-7.5513;6.3124695
a;81585425737005;-0.33117676;-8.036942;5.355713
a;81585445878607;-0.3766327;-7.9375305;5.3456573
a;81585466020208;-0.39653015;-6.872406;5.9304657
a;81585486161810;-0.4376526;-7.0475616;6.3806305
a;81585506303412;-0.095458984;-6.836853;7.4756165
a;81585526445013;-0.059768677;-7.43544;7.5553436
a;81585546586615;-0.0793457;-7.8022156;7.5483704
a;81585566728216;-0.010543823;-7.2843323;7.7678833
a;81585586869818;0.043548584;-6.9765625;8.120605
a;81585607011419;0.005554199;-6.107559;8.657761
a;81585627153021;-0.28500366;-5.934601;7.861511
a;81585647294623;-0.3271637;-6.3816376;7.510895
a;81585667436224;-0.23477173;-5.251892;8.857391
a;81585687577826;-0.17338562;-5.8962097;8.38858
a;81585707719427;0.017578125;-6.1332855;8.259781
a;81585727861029;-0.3980255;-4.33107;8.975143
a;81585748002630;-0.4063263;-4.1790466;9.713333
a;81585768144232;-0.19244385;-4.2417755;9.826965
a;81585788285833;-0.22988892;-5.0049744;8.707413
a;81585808427435;-0.3882904;-3.7763824;9.672409
a;81585828569037;-0.31817627;-3.7677307;9.876144
a;81585848710638;-0.027740479;-5.112015;8.479492
a;81585868852240;-0.2759552;-4.43396;8.950256
a;81585888993841;-0.49717712;-4.119461;9.176834
a;81585909135443;-0.3625641;-4.6562347;9.260178
a;81585929277044;-0.12055969;-5.090805;9.187408
a;81585949418646;0.13465881;-5.066269;8.742538
a;81585969560248;-0.2376709;-4.135132;9.005081
a;81585989701849;-0.38887024;-4.3040924;8.931229
a;81586009843451;-0.33753967;-4.4908752;8.367065
a;81586029985052;-0.29536438;-4.7461243;8.491928
a;81586050126654;-0.27859497;-4.2170105;9.464737
a;81586070268255;-0.056900024;-4.2651825;9.707855
a;81586090409857;-0.33946228;-3.988678;9.042084
a;81586110551458;-0.35411072;-4.499817;8.775787
a;81586130693060;-0.41711426;-4.512909;8.833694
a;81586150834662;-0.58410645;-3.9687958;9.188126
a;81586170976263;-0.6031952;-3.6654205;9.588913
a;81586191117865;-0.4086914;-4.323929;9.241486
a;81586211259466;-0.050247192;-4.7207947;9.015366
a;81586231401068;-0.9333954;-3.972824;9.696808
a;81586251542669;-1.7608337;-4.036499;9.97052
a;81586271684271;-2.055191;-4.47789;9.934814
a;81586291825873;-3.0715942;-5.0223846;8.756714
a;81586311967474;-4.388077;-5.2975006;8.0729065
a;81586332109076;-4.2558594;-5.09317;7.233139
a;81586352250677;-4.07251;-5.0455933;6.4401093
a;81586372392279;-4.0488586;-4.627243;6.5541534
a;81586392533880;-3.5579834;-4.41835;7.457367
a;81586412675482;-3.3907318;-4.2351837;7.076584
a;81586432817083;-2.7397614;-3.77417;6.291046
a;81586452958685;-2.0135193;-3.4647217;6.967697
a;81586473100287;-2.0006256;-3.906067;7.6835327
a;81586493241888;-1.8440247;-3.729599;8.389053
a;81586513383490;-1.5805817;-3.2000275;8.432968
a;81586533525091;-1.1391144;-1.6010895;7.936432
a;81586553666693;-0.70181274;-0.7554474;7.879318
a;81586573808294;-0.5808258;-2.0347137;8.808319
a;81586593949896;-0.35087585;-3.0685883;8.404678
a;81586614091498;-0.7683258;-2.3078613;7.219757
a;81586634233099;-1.7852325;-1.2559967;6.8556213
a;81586654374701;-3.2632294;-1.447998;8.823685
a;81586674516302;-4.5928497;-2.990036;9.454681
a;81586694657904;-4.1937103;-3.7852478;7.906204
a;81586714799505;-4.5618134;-4.3114014;8.755844
a;81586734941107;-5.6991577;-3.8748322;9.203659
a;81586755082708;-5.6783447;-2.9488068;8.213806
a;81586775224310;-5.29364;-1.6987457;6.3903656
a;81586795365912;-4.9349365;-0.1724701;4.4324646
a;81586815507513;-7.4029694;0.8193512;6.1854706
a;81586835649115;-16.155807;-1.3380585;6.7019653
a;81586855790716;-16.863312;-10.013214;-1.3340454
a;81586875932318;-13.538818;-18.030762;0.040023804
a;81586896073919;-10.018982;-6.2095337;2.653839
a;81586916215521;-6.2519226;2.5158691;6.572052
a;81586936357123;-11.937393;16.2191;7.132721
a;81586956498724;-13.867355;16.253082;4.0126343
a;81586976640326;-5.1180267;6.712372;0.089904785
a;81586996781927;-7.812454;2.9676666;1.3461304
a;81587016923529;-12.238083;-7.447937;-1.2992401
a;81587037065130;-12.352783;-18.479172;-2.4589844
a;81587057206732;-11.583908;-12.210373;-1.0426178
a;81587077348333;-12.355728;7.7506714;4.3155823
a;81587097489935;-18.212708;18.658005;5.7506256
a;81587117631537;-8.717529;10.532059;3.4504395
a;81587137773138;-8.918579;4.948166;5.3385468
a;81587157914740;-12.324982;2.1279297;6.1268463
a;81587178056341;-13.4891815;-1.0436554;2.8807068
a;81587198197943;-12.317902;-7.646759;0.7527313
a;81587218339544;-12.721054;-6.1683655;1.7050781
a;81587238481146;-11.2751465;-3.7843475;4.393265
a;81587258622748;-8.425919;-3.3470917;5.6836853
a;81587278764349;-7.7115173;-3.507019;4.928314
a;81587298905951;-7.2228394;-4.650131;3.092514
a;81587319047552;-7.0022125;-6.304535;2.616684
a;81587339189154;-7.0850525;-6.1921234;2.9909668
a;81587359330755;-6.5162354;-4.8516693;3.88266
a;81587379472357;-5.697235;-4.2566376;4.251938
a;81587399613958;-5.44664;-4.690918;3.8527832
a;81587419755560;-5.729645;-5.5252075;3.3582916
a;81587439897162;-5.676285;-5.9022217;3.4267578
a;81587460038763;-5.021057;-5.5787964;3.7855225
a;81587480180365;-4.394104;-5.7049255;3.8786316
a;81587500321966;-4.316513;-6.288391;3.720932
a;81587520463568;-4.6526794;-7.072632;3.621109
a;81587540605169;-4.6618195;-7.1402283;3.810913
a;81587560746771;-4.3056335;-6.95842;3.9344177
a;81587580888373;-3.7128906;-7.0545807;4.12027
a;81587601029974;-3.2526703;-7.7368774;3.9177246
a;81587621171576;-2.8663788;-8.822571;3.7800903
a;81587641313177;-2.6428986;-8.893082;4.0083313
a;81587661454779;-2.526352;-8.246826;4.3273315
a;81587681596380;-2.3871307;-8.233917;4.174942
a;81587701737982;-2.3584137;-9.041397;3.971283
a;81587721879583;-2.5573883;-9.81459;3.7411041
a;81587742021185;-2.4964142;-9.772659;3.854538
a;81587762162787;-2.2576904;-9.273209;4.164383
a;81587782304388;-2.1159668;-9.174545;4.033737
a;81587802445990;-2.2144318;-9.316391;3.8032074
a;81587822587591;-2.4162598;-9.559341;3.7776794
a;81587842729193;-2.479889;-9.533218;3.9833832
a;81587862870794;-2.4378815;-9.056412;4.20932
a;81587883012396;-2.2752838;-8.885941;4.0634613
a;81587903153998;-2.2120514;-8.965668;3.9595032
a;81587923295599;-2.241043;-9.150055;3.9140625
a;81587943437201;-2.2383118;-9.367905;3.9687958
a;81587963578802;-2.2227783;-9.250504;4.0167236
a;81587983720404;-2.170578;-9.166595;3.8751678
a;81588003862005;-2.1810455;-9.213928;3.8499146
a;81588024003607;-2.0756836;-9.31749;3.851822
a;81588044145208;-2.046112;-9.409103;3.8033447
a;81588064286810;-2.1391296;-9.567444;3.7405396
a;81588084428412;-2.1728973;-9.494141;3.8556976
a;81588104570013;-2.0871735;-9.3780365;3.8863525
a;81588124711615;-2.0301208;-9.45433;3.8120422
a;81588144853216;-2.0424347;-9.552902;3.8107452
a;81588164994818;-2.0968628;-9.551651;3.8527222
a;81588185136419;-2.077942;-9.372635;3.948532
a;81588205278021;-2.1469421;-9.357895;3.9499207
a;81588225419623;-2.1559143;-9.41449;3.9012604
a;81588245561224;-2.1452332;-9.314621;3.9286957
a;81588265702826;-2.0800018;-9.3050995;3.863968
a;81588285844427;-2.1085815;-9.396698;3.8103485
a;81588305986029;-2.156021;-9.363037;3.8681335
a;81588326127630;-2.0799408;-9.218475;3.8790283
a;81588346269232;-2.0864716;-9.130081;3.844925
a;81588366410833;-2.0602112;-9.135605;3.9185486
a;81588386552435;-2.052414;-9.276764;3.8291473
a;81588406694037;-2.1461792;-9.393585;3.8934784
a;81588426835638;-2.1842957;-9.333328;3.958023
a;81588446977240;-2.1456604;-9.434891;3.9533386
a;81588467118841;-2.1444397;-9.394226;3.9937134
a;81588487260443;-2.096527;-9.449799;3.9267273
a;81588507402044;-2.0941925;-9.470993;3.8504333
a;81588527543646;-2.0977783;-9.464294;3.8962402
a;81588547685248;-2.082077;-9.494995;3.9743042
a;81588567826849;-2.0879211;-9.400421;4.0045013
a;81588587968451;-2.0604706;-9.384903;3.9963074
a;81588608110052;-2.1133575;-9.30275;3.999466
a;81588628251654;-2.145874;-9.304245;4.003128
a;81588648393255;-2.156433;-9.1884;3.992157
a;81588668534857;-2.1542358;-9.20285;3.9234467
a;81588688688408;-2.1620026;-9.239532;3.8550873
a;81588708830010;-2.2324982;-9.2786255;3.933792
a;81588728971612;-2.2438202;-9.309509;4.000229
a;81588749113213;-2.2756195;-9.449905;3.832138
a;81588769254815;-2.4537354;-9.3341675;3.869751
a;81588789396416;-2.3697815;-9.272217;4.0281982
a;81588809538018;-2.2691956;-9.239212;4.0634155
a;81588829679619;-2.370453;-9.335022;3.98378
a;81588849821221;-2.496109;-9.369431;3.8962402
a;81588869962823;-2.492035;-9.302261;3.912094
a;81588890104424;-2.4073944;-9.206009;3.9193878
a;81588910246026;-2.4090118;-9.255081;3.7300568
a;81588930387627;-2.425354;-9.337463;3.672638
a;81588950529229;-2.4452667;-9.54248;3.55867
a;81588970670830;-2.4324799;-9.690704;3.417694
a;81588990812432;-2.3788147;-9.591461;3.406723
a;81589010954033;-2.4667358;-9.720108;3.489273
a;81589031095635;-2.6696014;-9.816193;3.3575745
a;81589051237237;-2.7970276;-10.177322;3.2652435
a;81589071378838;-2.9943695;-10.505386;3.546463
a;81589091520440;-3.1704102;-8.890427;4.95784
a;81589111662041;-2.8936768;-7.7685547;5.5542603
a;81589131803643;-2.7887726;-8.027725;5.507843
a;81589151945244;-3.1060638;-7.6063995;5.765152
a;81589172086846;-3.284958;-7.354141;5.886383
a;81589192228448;-3.4452362;-5.3293915;6.602997
a;81589212370049;-3.4822083;-3.1169739;7.962616
a;81589232511651;-3.184555;-1.4284363;8.96228
a;81589252653252;-3.221466;-1.232193;8.949432
a;81589272794854;-3.7019806;-3.011032;8.685944
a;81589292936455;-4.097595;-4.546997;8.759247
a;81589313078057;-4.3669434;-5.176178;8.77153
a;81589333219658;-4.1545715;-4.1073914;9.141525
a;81589353361260;-3.6873474;-2.6779633;9.671783
a;81589373502862;-3.316391;-1.9300079;9.858749
a;81589393644463;-3.4155579;-2.4897614;9.396591
a;81589413786065;-3.697998;-4.0892944;8.75325
a;81589433927666;-3.8620148;-4.6220245;8.619705
a;81589454069268;-3.726715;-3.195816;9.118027
a;81589474210869;-3.3370514;-1.9874268;9.422806
a;81589494352471;-3.0935364;-1.9616241;9.389496
a;81589514494073;-3.408661;-2.787674;8.986359
a;81589534635674;-3.7229156;-3.1713867;8.76123
a;81589554777276;-3.7666168;-2.9221191;8.9335785
a;81589574918877;-3.5478516;-2.4668732;9.127304
a;81589595060479;-3.3795013;-2.3203735;9.282806
a;81589615202080;-3.5332336;-2.3982391;9.189346
a;81589635343682;-3.7437592;-2.6759949;9.102921
a;81589655485283;-3.659912;-2.757309;9.163635
a;81589675626885;-3.5581055;-2.5113373;9.308777
a;81589695768487;-3.507904;-2.3229523;9.192841
a;81589715910088;-3.563568;-2.4081879;9.389389
a;81589736051690;-3.5923767;-2.3150787;9.490875
a;81589756193291;-3.5132446;-2.1677856;9.356628
a;81589776334893;-3.3746338;-2.0502625;9.328339
a;81589796476494;-3.4000702;-1.8697662;9.335388
a;81589816618096;-3.4026337;-1.8962555;9.316879
a;81589836759698;-3.3912354;-2.0361938;9.336548
a;81589856901299;-3.354416;-2.0215302;9.3293
a;81589877042901;-3.3005676;-2.0466766;9.377686
a;81589897184502;-3.2740173;-1.9571381;9.276047
a;81589917326104;-3.2052155;-1.9036713;9.321716
a;81589937467705;-3.166748;-1.8287354;9.47702
a;81589957609307;-3.175003;-1.8158112;9.461472
a;81589977750908;-3.2114258;-1.910141;9.456833
a;81589997892510;-3.156952;-1.8407898;9.422562
a;81590018034112;-3.1427155;-1.6636658;9.436966
a;81590038175713;-3.1072693;-1.717514;9.448227
a;81590058317315;-3.0426178;-1.7592163;9.525726
a;81590078458916;-3.0282135;-1.7218628;9.355148
a;81590098600518;-3.061493;-1.5706787;9.214462
a;81590118742119;-2.9572449;-1.4976807;9.321793
a;81590138883721;-2.805725;-1.3812714;9.454315
a;81590159025323;-2.761444;-1.2741394;9.387894
a;81590179166924;-2.9177704;-1.2359467;9.347122
a;81590199308526;-2.9863892;-1.0576477;9.467316
a;81590219450127;-2.984665;-0.9650879;9.601898
a;81590239591729;-2.9023895;-0.9309082;9.450333
a;81590259733330;-2.873291;-0.81785583;9.284317
a;81590279874932;-2.7706451;-0.8386383;9.112274
a;81590300016533;-2.6625366;-1.0844421;9.434448
a;81590320158135;-2.6760406;-1.0860901;9.684326
a;81590340299737;-2.7209778;-1.1708679;9.645447
a;81590360441338;-2.6941223;-1.1494141;9.572586
a;81590380582940;-2.4260101;-0.91322327;9.663544
a;81590400724541;-2.1662292;-0.86846924;9.812592
a;81590420866143;-1.9844513;-1.1214142;9.563156
a;81590441007744;-2.0177917;-1.0057526;9.593796
a;81590461149346;-2.066574;-0.866333;9.664352
a;81590481290948;-2.0719147;-0.6799469;9.718338
a;81590501432549;-2.1793213;-0.4299469;9.794891
a;81590521574151;-2.382248;-0.33821106;9.788116
a;81590541715752;-2.4536438;-0.23658752;9.700272
a;81590561857354;-2.5844727;0.11871338;10.088303
a;81590581998955;-2.690155;0.26211548;10.1423645
a;81590602140557;-2.8206787;0.01473999;9.861465
a;81590622282158;-2.7449036;0.010391235;9.836227
a;81590642423760;-2.5785217;0.26597595;10.06485
a;81590662565362;-2.576065;0.22114563;9.979172
a;81590682706963;-2.6976624;0.14698792;9.521606
a;81590702848565;-2.5965424;0.16908264;9.314392
a;81590722990166;-0.7412567;1.6482544;10.117371
a;81590743131768;3.4738922;2.6756897;10.453018
a;81590763273369;-3.2837067;-0.8414612;8.636475
a;81590783414971;-5.3340607;-0.43930054;8.78949
a;81590803556573;-3.966034;-0.31253052;8.740112
a;81590823698174;-3.0408783;-0.21165466;9.244064
a;81590843839776;-2.7899628;-0.45544434;9.800583
a;81590863981377;-1.8130951;-0.31150818;9.666809
a;81590884122979;-1.3971252;-0.06388855;9.26828
a;81590904264580;-1.4611816;0.43174744;9.35553
a;81590924406182;-2.0652313;0.5233154;9.453445
a;81590944547783;-2.4539032;0.24331665;9.644165
a;81590964689385;-2.0917053;0.40023804;9.71344
a;81590984830987;-1.9306793;0.12625122;9.553207
a;81591004972588;-1.9488983;0.067276;9.588272
a;81591025114190;-1.9299927;-0.19416809;9.7395935
a;81591045255791;-2.103531;-0.4333191;9.800064
a;81591065397393;-1.9349365;-0.29486084;9.632111
a;81591085538994;-1.5543518;-0.378479;9.616974
a;81591105680596;-1.1968079;-0.4870453;9.914169
a;81591125822198;-1.0828094;-0.5821533;10.11235
a;81591145963799;-0.7759857;-0.4660492;10.079971
a;81591166105401;-1.118515;-1.0804749;11.596481
a;81591186247002;-0.7363434;-0.38238525;10.015167
a;81591206388604;-0.8549347;-0.3355255;9.7673645
