a;81900536096261;1.4746857;-0.761322;9.681213
a;81900556237863;1.0093842;-0.89704895;9.57457
a;81900576379464;1.2155609;-0.8342743;9.812439
a;81900596521066;1.2496948;-0.7266083;9.972885
a;81900616662668;1.525177;-0.7295685;9.929016
a;81900636804269;1.2526093;-0.437912;9.756485
a;81900656945871;1.4574432;-0.54907227;9.565063
a;81900677087472;1.4410858;-0.5725403;9.453369
a;81900697229074;1.385788;-0.61125183;9.382309
a;81900717370675;1.3522491;-0.55963135;9.300095
a;81900737512277;1.259964;-0.54107666;9.384064
a;81900757653879;1.2146759;-0.5771332;9.457657
a;81900777795480;1.2632294;-0.61976624;9.513931
a;81900797937082;1.2999573;-0.6766968;9.497284
a;81900818078683;1.3423004;-0.7136383;9.442368
a;81900838220285;1.4316864;-0.71539307;9.4201355
a;81900858361886;1.6175079;-0.73957825;9.290283
a;81900878503488;1.869278;-0.7411194;9.13089
a;81900898645089;2.05159;-0.91252136;8.742905
a;81900918786691;1.9380798;-1.0585175;8.130173
a;81900938928293;2.3812866;-0.9081726;8.202118
a;81900959069894;2.5271149;-1.035141;8.308655
a;81900979211496;2.313675;-1.1586456;8.212692
a;81900999353097;2.6592255;-0.88916016;8.033981
a;81901019494699;2.825241;-1.1822357;7.5776367
a;81901039636300;2.8932343;-1.9106293;7.1194
a;81901059777902;3.0424194;-2.511856;7.3297577
a;81901079919504;2.9223938;-2.151596;7.7420044
a;81901100061105;2.8631287;-1.8889008;7.7602386
a;81901120202707;2.9133453;-2.3058624;8.153183
a;81901140344308;3.324051;-4.0399017;8.793228
a;81901160485910;3.5344696;-6.4789734;9.257248
a;81901180627511;2.9658203;-7.446701;9.512543
a;81901200769113;2.3464355;-8.105225;9.568451
a;81901220910714;2.2351227;-9.953873;9.415939
a;81901241052316;1.8006744;-10.191269;9.887817
a;81901261193918;1.5192261;-9.066345;10.285919
a;81901281335519;1.4284973;-8.316086;9.86499
a;81901301477121;1.1647491;-7.3758698;8.891724
a;81901321618722;1.1053925;-6.4053802;8.122086
a;81901341760324;1.1737823;-5.8756714;7.1763306
a;81901361901925;1.1261902;-5.7793274;6.011673
a;81901382043527;1.125473;-5.485779;5.5554657
a;81901402185129;1.6167755;-5.4894714;4.8421783
a;81901422326730;2.0487976;-5.746353;4.5543823
a;81901442468332;2.4587402;-5.229904;4.669342
a;81901462609933;3.0060577;-5.2464294;4.6257477
a;81901482751535;3.948761;-6.039917;4.458832
a;81901502893136;4.6606445;-6.557907;4.6397705
a;81901523034738;5.3492737;-5.8575745;5.569748
a;81901543176339;6.002014;-5.396408;5.9248047
a;81901563317941;6.587433;-4.8517456;6.041107
a;81901583459543;7.0075073;-4.5081635;6.152542
a;81901603601144;7.2424774;-4.2971497;5.750122
a;81901623742746;7.4507446;-3.9253845;5.388397
a;81901643884347;7.783386;-3.581131;5.1691284
a;81901664025949;8.175934;-3.0185852;5.2854004
a;81901684167550;8.401413;-2.8009186;5.089859
a;81901704309152;8.405655;-2.6534119;4.3009644
a;81901724450754;8.4375305;-2.7239532;3.9230652
a;81901744592355;8.844803;-2.8127594;3.9146576
a;81901764733957;9.071106;-2.8150177;3.8477783
a;81901784875558;9.036697;-2.89505;3.6105652
a;81901805017160;9.068802;-3.0006714;3.6324615
a;81901825158761;9.61795;-3.281128;3.891922
a;81901845300363;10.120941;-3.246399;4.2891846
a;81901865441964;9.918564;-3.389679;4.664398
a;81901885583566;9.631378;-3.414734;4.596283
a;81901905725168;9.570709;-3.157669;4.5476837
a;81901925866769;9.893173;-2.6548615;4.4987335
a;81901946008371;9.816315;-2.8253326;4.1112213
a;81901966149972;9.56694;-3.1460876;3.641098
a;81901986291574;9.481613;-2.4096527;3.8588562
a;81902006433175;9.388809;-2.1298676;4.2030487
a;81902026574777;9.227371;-2.346283;4.037033
a;81902046716379;9.416428;-2.6849213;4.06868
a;81902066857980;9.431747;-2.6263275;4.56485
a;81902086999582;9.398941;-2.3077087;4.8503265
a;81902107141183;9.464355;-2.7122803;4.150421
a;81902127282785;9.490906;-2.9129944;3.6132507
a;81902147424386;9.758728;-2.8708954;4.0171356
a;81902167565988;10.08049;-2.389038;4.376251
a;81902187707589;9.829636;-2.4588776;3.8531494
a;81902207849191;9.64772;-2.8490295;3.9949188
a;81902227990793;9.487778;-2.5955658;4.3219604
a;81902248132394;9.871887;-2.6346283;3.674118
a;81902268273996;10.24855;-3.4172974;4.082535
a;81902288415597;10.490967;-3.4756317;4.817032
a;81902308557199;10.906006;-3.557312;4.6178284
a;81902328698800;11.154068;-3.8335419;4.5216827
a;81902348840402;11.469772;-4.104416;4.387985
a;81902368982004;11.358261;-4.4620667;4.034012
a;81902389123605;11.123108;-4.716324;3.827362
a;81902409265207;10.762619;-4.748886;3.7705688
a;81902429406808;10.109177;-5.7303314;3.4006195
a;81902449548410;9.823425;-6.656601;3.270218
a;81902469690011;9.472565;-7.8036804;3.6983337
a;81902489831613;8.771957;-7.7230988;3.7138367
a;81902509973214;7.7849426;-8.116257;3.3587646
a;81902530114816;7.130951;-8.3324585;3.1255646
a;81902550256418;6.6020966;-8.755066;3.302063
a;81902570398019;5.749954;-8.61441;3.1059418
a;81902590539621;4.6490936;-8.124954;2.9957275
a;81902610681222;3.87854;-7.5124817;2.8925629
a;81902630822824;3.2675629;-6.789917;2.917984
a;81902650964425;2.386963;-6.2713165;3.1150055
a;81902671106027;1.7944336;-5.9286194;2.8614807
a;81902691247104;1.0146637;-5.099579;2.5659943
a;81902711388705;0.39562988;-4.6856995;2.59198
a;81902731530307;0.04534912;-4.1007996;2.8958435
a;81902751671908;-0.23652649;-3.5967255;2.57901
a;81902771813510;-0.237854;-4.3427734;2.0055084
a;81902791955111;1.4246368;-7.9022827;2.686264
a;81902812096713;5.047531;-13.028458;5.5931854
a;81902832238314;9.158127;-17.395096;9.257294
a;81902852379916;11.969391;-20.051971;9.224075
a;81902872521518;10.264191;-20.051971;7.528595
a;81902892663119;7.6611786;-18.29419;6.218094
a;81902912804721;5.16008;-14.205231;4.2458496
a;81902932946322;3.148407;-9.414047;3.9048767
a;81902953087924;0.7444916;-2.3272095;3.0345001
a;81902973229525;-1.1095581;3.400528;0.7483368
a;81902993371127;-4.280533;8.511749;-3.6141052
a;81903013512729;-6.9308777;11.281723;-6.871155
a;81903033654330;-7.462036;12.507446;-6.948288
a;81903053795932;-5.9448853;9.99646;-4.9396515
a;81903073937533;-2.8661041;4.503601;-4.2347565
a;81903094079135;4.6578064;-5.723221;-0.5703888
a;81903114220736;17.9124;-18.715775;14.220184
a;81903134362338;19.392487;-20.051971;19.663681
a;81903154503939;18.684769;-20.051971;16.74887
a;81903174645541;12.252548;-18.555023;11.088608
a;81903194787143;5.9374847;-5.672455;6.1812744
a;81903214928744;-2.868927;10.21788;-1.1914978
a;81903235070346;-13.981216;18.931076;-7.752182
a;81903255211947;-18.782974;18.947433;-11.892456
a;81903275353549;-15.838516;18.251144;-10.142883
a;81903295495150;-8.903854;9.109238;-5.2453613
a;81903315636752;8.676819;-11.078781;7.1686554
a;81903335778354;19.196335;-19.89235;15.6502075
a;81903355919955;19.392487;-20.051971;16.457687
a;81903376061557;16.033295;-19.665756;11.918777
a;81903396203158;8.792557;-12.768051;8.62442
a;81903416344760;2.9239655;-3.7190247;5.144333
a;81903436486361;-4.5230103;4.812744;0.18910217
a;81903456627963;-15.760574;15.252243;-4.802429
a;81903476769564;-18.890076;17.763733;-4.2061157
a;81903496911166;-12.743149;9.828873;-2.088379
a;81903517052768;-3.7032623;-1.7688599;3.3476105
a;81903537194369;16.466583;-18.40866;17.360306
a;81903557335971;19.392487;-20.051971;17.237946
a;81903577477572;15.796921;-19.753082;11.603256
a;81903597619174;7.455429;-7.227066;3.7359772
a;81903617760775;-6.2569885;11.438751;-4.2747955
a;81903637902377;-18.934982;18.764465;-5.083359
a;81903658043979;-8.993011;8.98645;-1.92836
a;81903678185580;-1.7830505;-3.5974731;0.98747253
a;81903698327182;7.6069794;-17.591843;9.114853
a;81903718468783;17.221878;-19.926361;11.301407
a;81903738610385;12.832489;-17.164688;10.464035
a;81903758751986;5.5825043;-12.179306;7.7521515
a;81903778893588;3.4956665;-7.912552;6.6966095
a;81903799035189;2.813095;-6.7098083;5.5130463
a;81903819176791;2.5618896;-5.367325;5.5271454
a;81903839318393;2.0186157;-4.8905334;5.6274414
a;81903859459994;1.0795441;-5.1734924;5.3843536
a;81903879601596;0.6766052;-4.9671173;5.5342255
a;81903899743197;0.17445374;-5.0096893;6.047165
a;81903919884799;-0.07746887;-5.0045624;6.385071
a;81903940026400;0.15942383;-5.6742096;6.5273895
a;81903960168002;0.433609;-6.1535034;6.676529
a;81903980309604;0.91241455;-7.088974;6.963394
a;81904000451205;1.484024;-7.9272003;7.46257
a;81904020592807;2.1143951;-8.787003;7.8966827
a;81904040734408;2.32518;-9.094849;7.710205
a;81904060876010;2.1614075;-8.965469;7.116928
a;81904081017611;1.8064117;-8.459137;6.6197815
a;81904101159213;1.4747772;-8.037659;6.182068
a;81904121300814;1.2132874;-7.7343903;5.76239
a;81904141442416;1.1200409;-7.596451;5.474289
a;81904161584018;1.1209259;-7.9415436;5.4311066
a;81904181725619;1.3027802;-8.416122;5.463501
a;81904201867221;1.5739746;-8.735199;5.6783752
a;81904222008822;1.657608;-8.798309;5.8612366
a;81904242150424;1.7720184;-8.8089905;5.926697
a;81904262292025;1.7822571;-8.805527;5.860916
a;81904282433627;1.7979279;-8.604645;5.6347504
a;81904302575229;1.8059692;-8.611099;5.5295715
a;81904322716830;1.766861;-8.349396;5.563675
a;81904342858432;1.6921844;-8.008621;5.542633
a;81904363000033;1.4644775;-7.8051605;5.3987885
a;81904383141635;1.2995758;-7.8306427;5.267395
a;81904403283236;1.2807312;-7.8686523;5.3051147
a;81904423424838;1.3119202;-7.8558197;5.535309
a;81904443566439;1.4264374;-7.965164;5.654236
a;81904463708041;1.6012268;-8.057434;5.919586
a;81904483849643;1.7535706;-8.086395;6.006897
a;81904503991244;1.7453461;-8.225906;6.0234985
a;81904524132846;1.8769073;-8.456436;6.202286
a;81904544274447;2.0042877;-8.388046;6.3665314
a;81904564416049;1.9268494;-8.200272;6.318283
a;81904584557650;1.8882904;-8.11113;6.1410522
a;81904604699252;1.8699646;-8.010559;6.201874
a;81904624840854;1.7701569;-7.817276;6.1124268
a;81904644982455;1.6109009;-7.747635;6.016632
a;81904665124057;1.5232697;-7.631424;5.983139
a;81904685265658;1.5314789;-7.5659637;5.9545746
a;81904705407260;1.5940857;-7.6783447;5.9429626
a;81904725548861;1.6490631;-7.687912;6.042679
a;81904745690463;1.6657715;-7.7372284;6.16597
a;81904765832064;1.6475677;-7.813324;6.146118
a;81904785973666;1.6982269;-7.7911224;6.1049347
a;81904806115268;1.7753601;-7.806198;6.195175
a;81904826256869;1.8515015;-7.8592987;6.285202
a;81904846398471;1.8400574;-7.7808685;6.273651
a;81904866540072;1.7704926;-7.737564;6.240692
a;81904886681674;1.7269745;-7.7253723;6.1544037
a;81904906823275;1.6563263;-7.729843;6.1895905
a;81904926964877;1.622055;-7.6815643;6.212021
a;81904947106479;1.6439514;-7.751709;6.2621613
a;81904967248080;1.6656494;-7.824585;6.2714996
a;81904987389682;1.7689362;-7.9513245;6.290161
a;81905007531283;1.831665;-8.014221;6.330261
a;81905027672885;1.8548431;-8.009689;6.3550873
a;81905047814486;1.8613739;-7.8990936;6.3268585
a;81905067956088;1.8815002;-7.82283;6.2354736
a;81905088097689;1.8005829;-7.79895;6.2259064
a;81905108239291;1.7456207;-7.7312927;6.1322937
a;81905128380893;1.7548065;-7.789215;6.0858765
a;81905148522494;1.81073;-7.794571;6.1569366
a;81905168664096;1.8059998;-7.7873535;6.122162
a;81905188805697;1.8281555;-7.7995453;6.093506
a;81905208947299;1.895752;-7.7686615;6.208618
a;81905229088900;1.8812103;-7.7962494;6.2254944
a;81905249230502;1.8820953;-7.7234497;6.219528
a;81905269372104;1.8682251;-7.7249603;6.19722
a;81905289513705;1.8662109;-7.674225;6.2023315
a;81905309655307;1.8539581;-7.631302;6.1992188
a;81905329796908;1.8041382;-7.7119446;6.2199707
a;81905349938510;1.7228699;-7.6841736;6.229126
a;81905370080111;1.734314;-7.6669006;6.2644043
a;81905390221713;1.7689362;-7.709137;6.290558
a;81905410363314;1.76828;-7.7149963;6.295807
a;81905430504916;1.7619324;-7.75441;6.3110657
a;81905450646518;1.7839813;-7.7495728;6.350342
a;81905470788119;1.7797089;-7.7038574;6.362442
a;81905490929721;1.7575989;-7.748398;6.314438
a;81905511071322;1.7531128;-7.729706;6.298935
a;81905531212924;1.7843018;-7.689316;6.310486
a;81905551354525;1.7930756;-7.6562805;6.324463
a;81905571496127;1.7887115;-7.652771;6.276291
a;81905591637729;1.7965088;-7.6372833;6.2408447
a;81905611779330;1.8213348;-7.6740417;6.2848663
a;81905631920932;1.8384247;-7.6974792;6.252472
a;81905652062533;1.8586426;-7.748993;6.3230286
a;81905672204135;1.8735352;-7.713928;6.348114
a;81905692345736;1.8495026;-7.769333;6.2953186
a;81905712487338;1.8762665;-7.784912;6.285507
a;81905732628939;1.8821564;-7.7565002;6.244751
a;81905752770541;1.8640442;-7.740387;6.189911
a;81905772912143;1.843399;-7.7228394;6.1881714
a;81905793053744;1.8143768;-7.7546844;6.183197
a;81905813195346;1.8394318;-7.7880554;6.191559
a;81905833336947;1.8244324;-7.7860107;6.215851
a;81905853478549;1.8671265;-7.7894135;6.266617
a;81905873620150;1.8765564;-7.7780914;6.25502
a;81905893761752;1.8409424;-7.7459106;6.2964935
a;81905913903354;1.8371582;-7.6950073;6.2782135
a;81905934044955;1.837265;-7.6944275;6.2517853
a;81905954186557;1.848587;-7.719116;6.28833
a;81905974328158;1.8914185;-7.6908875;6.281906
a;81905994469760;1.86586;-7.6856995;6.249527
a;81906014611361;1.8093567;-7.615097;6.254608
a;81906034752963;1.8063354;-7.5854645;6.2233124
a;81906054894564;1.7867432;-7.576172;6.17041
a;81906075036166;1.8248444;-7.659897;6.2346954
a;81906095177768;1.8242798;-7.662033;6.2231903
a;81906115319369;1.8867798;-7.7758484;6.285553
a;81906135460971;1.8870392;-7.8231354;6.344986
a;81906155602572;1.8580933;-7.781189;6.336685
a;81906175744174;1.8837585;-7.8109436;6.3075256
a;81906195885775;1.9006653;-7.7825165;6.2898254
a;81906216027377;1.904068;-7.8149414;6.268814
a;81906236168979;1.8914032;-7.8053284;6.2507324
a;81906256310580;1.9117432;-7.764557;6.203583
a;81906276452182;1.8816833;-7.6925354;6.202591
a;81906296593783;1.9074707;-7.6988983;6.191147
a;81906316735385;1.9206696;-7.695984;6.1949463
a;81906336876986;1.9159241;-7.655136;6.2184753
a;81906357018588;1.9369202;-7.6368866;6.185089
a;81906377160189;1.9083862;-7.63591;6.1931305
a;81906397301791;1.9339752;-7.589218;6.22789
a;81906417443393;1.9757843;-7.6054688;6.2572174
a;81906437584994;2.0192566;-7.5959473;6.2980194
a;81906457726596;2.0022125;-7.60553;6.331375
a;81906477868197;2.0283203;-7.665222;6.3038483
a;81906498009799;2.034256;-7.6456604;6.3220825
a;81906518151400;2.0137482;-7.708069;6.298065
a;81906538293002;1.997879;-7.718231;6.2899475
a;81906558434604;2.0181885;-7.71373;6.315796
a;81906578576205;2.0152435;-7.724182;6.3438416
a;81906598717807;2.0732727;-7.699585;6.3526764
a;81906618859408;2.0517273;-7.710144;6.326584
a;81906639001010;2.0601501;-7.674347;6.2986603
a;81906659142611;2.043457;-7.6374207;6.314087
a;81906679284213;2.04187;-7.610199;6.349579
a;81906699425814;2.0955658;-7.641342;6.319275
a;81906719567416;2.1143188;-7.6348267;6.3195953
a;81906739709018;2.1094666;-7.606903;6.3446045
a;81906759850619;2.1006622;-7.5723114;6.3782196
a;81906779992221;2.0804138;-7.576294;6.31929
a;81906800133822;2.104721;-7.5562744;6.2993164
a;81906820275424;2.1262207;-7.5597687;6.2726746
a;81906840417025;2.152771;-7.5824585;6.295334
a;81906860558627;2.131546;-7.52594;6.2835693
a;81906880700229;2.1339722;-7.569336;6.2879333
a;81906900841830;2.1253967;-7.5753326;6.2802124
a;81906920983432;2.131012;-7.6012573;6.2524414
a;81906941125033;2.148117;-7.5687714;6.253357
a;81906961266635;2.1388245;-7.5369263;6.224701
a;81906981408236;2.1205597;-7.5944824;6.1791687
a;81907001549838;2.1454926;-7.7169952;6.0775757
a;81907021691439;2.171753;-7.6904144;6.175171
a;81907041833041;2.2105408;-7.622574;6.317871
a;81907061974643;2.1614227;-7.553879;6.29216
a;81907082116244;2.2245483;-7.751114;6.115814
a;81907102257846;2.1622925;-7.6314087;6.209305
a;81907122399447;2.1815186;-7.6484833;6.2019196
a;81907142541049;2.2064667;-7.680084;6.21463
a;81907162682650;2.2044983;-7.6427;6.2661285
a;81907182824252;2.2307434;-7.6634674;6.2390594
a;81907202965854;2.1602478;-7.7221985;6.1587524
a;81907223107455;2.0904083;-7.8174286;6.125229
a;81907243249057;2.0529327;-7.9219055;6.000244
a;81907263390658;1.9498596;-7.9293365;5.7822723
a;81907283532260;1.7472992;-7.973297;5.6645966
a;81907303673861;1.4801178;-7.9891815;5.47493
a;81907323815463;1.3164063;-8.007126;5.2689514
a;81907343957064;1.1904144;-8.140945;5.0188904
a;81907364098666;1.1561127;-8.259415;4.934082
a;81907384240268;1.1647186;-7.926239;5.3181763
a;81907404381869;1.1203308;-7.8475494;5.501831
a;81907424523471;0.91381836;-7.988861;5.4583435
a;81907444665072;1.0537872;-7.275589;5.363693
a;81907464806674;1.2354431;-7.5292206;5.22847
a;81907484948275;1.4241028;-7.9336853;5.415695
a;81907505089877;1.493988;-8.118042;5.524582
a;81907525231479;1.6880646;-7.7658386;5.535385
a;81907545373080;1.9931335;-8.107758;5.2493896
a;81907565514682;2.1667023;-8.325043;5.3246155
a;81907585656283;2.5290985;-8.15361;5.593521
a;81907605797885;2.7500916;-8.109695;5.40271
a;81907625939486;2.9106903;-8.134705;5.048874
a;81907646081088;3.1182404;-8.24028;4.816345
a;81907666222689;3.2756958;-8.126907;4.8992767
a;81907686364291;3.6316376;-7.7274017;5.5164795
a;81907706505893;4.1822968;-7.822006;5.586685
a;81907726647494;4.4785156;-8.07872;5.7123566
a;81907746789096;4.7722473;-7.8730316;5.9512787
a;81907766930697;5.2418213;-7.969223;5.9994965
a;81907787072299;5.2735443;-7.958313;6.042099
a;81907807213900;5.435791;-8.052475;6.0656586
a;81907827355502;5.5365906;-7.8349;6.067169
a;81907847497104;5.4244843;-7.4600983;5.7492065
a;81907867638705;5.2546844;-7.331665;5.3368835
a;81907887780307;5.0811157;-7.377472;5.1259155
a;81907907921908;5.0806427;-7.348572;5.1456146
a;81907928063510;5.1084747;-7.2221375;5.131424
a;81907948205111;4.9783173;-7.15889;4.957733
a;81907968346713;4.6564026;-7.5033264;4.8908234
a;81907988488314;4.696686;-7.837723;5.0308228
a;81908008629916;4.7276;-7.7608185;5.1224365
a;81908028771518;4.6293335;-7.604126;5.107956
a;81908048913119;4.691025;-7.7211456;4.9536285
a;81908069054721;4.8386383;-7.976822;4.96994
a;81908089196322;4.896744;-7.9069366;5.188324
a;81908109337924;4.858612;-7.6117096;5.1799164
a;81908129479525;4.863922;-7.3637543;5.054306
a;81908149621127;4.8598633;-7.350891;4.8477173
a;81908169762729;4.6950226;-7.5398407;4.7670746
a;81908189904330;4.5069427;-7.58638;4.707443
a;81908210045932;4.4548492;-7.5160522;4.7607727
a;81908230187533;4.3271637;-7.584717;4.852829
a;81908250329135;4.1740417;-7.661392;4.845749
a;81908270470736;4.116562;-7.7985535;4.743927
a;81908290612338;4.1459503;-7.837494;4.774948
a;81908310753939;4.183548;-7.83374;4.88414
a;81908330895541;4.148407;-7.8699646;4.833725
a;81908351037143;4.2070465;-7.928482;4.7890472
a;81908371178744;4.3050385;-7.968399;4.8665314
a;81908391320346;4.3460693;-7.9092407;4.7764587
a;81908411461947;4.2990723;-7.735565;4.730728
a;81908431603549;4.207611;-7.6596375;4.705139
a;81908451745150;4.192917;-7.71727;4.735367
a;81908471886752;4.1822815;-7.7607117;4.6816254
a;81908492028354;4.1645966;-7.6557007;4.6797028
a;81908512169955;4.187271;-7.6297913;4.703537
a;81908532311557;4.23909;-7.63031;4.8298187
a;81908552453158;4.350525;-7.689377;4.885498
a;81908572594760;4.3500214;-7.803955;4.835251
a;81908592736361;4.313141;-7.788727;4.8018036
a;81908612877963;4.2709503;-7.9109955;4.8081665
a;81908633019564;4.217224;-7.9623413;4.823639
a;81908653161166;4.1723175;-7.903244;4.7352905
a;81908673302768;4.1548615;-7.9417725;4.732834
a;81908693444369;4.202072;-7.946701;4.7247314
a;81908713585971;4.323242;-7.930649;4.747055
a;81908733727572;4.438202;-7.9194946;4.8062744
a;81908753869174;4.522888;-7.8667755;4.828232
a;81908774010775;4.555176;-7.8391113;4.759506
a;81908794152377;4.627228;-7.768936;4.8247833
a;81908814293979;4.7123413;-7.8007507;4.8983154
a;81908834435580;4.634735;-7.713852;4.8023987
a;81908854577182;4.38533;-7.638504;4.784317
a;81908874718783;4.3073273;-7.542633;4.8430176
a;81908894860385;4.270035;-7.533798;4.8312683
a;81908915001986;4.330002;-7.700485;4.830887
a;81908935143588;4.3476715;-7.631378;4.8451385
a;81908955285189;4.3626556;-7.652878;4.773178
a;81908975426791;4.4332886;-7.7828674;4.7401886
a;81908995568393;4.4526978;-7.91951;4.663452
a;81909015709994;4.409912;-7.9145203;4.6761017
a;81909035851596;4.4023438;-7.9355927;4.701767
a;81909055993197;4.396591;-7.861725;4.742874
a;81909076134799;4.4367676;-7.824234;4.833008
a;81909096276400;4.532379;-7.787491;4.9412384
a;81909116418002;4.501053;-7.667679;5.0411377
a;81909136559604;4.488861;-7.6436005;5.022232
a;81909156701205;4.4624176;-7.6038055;4.989502
a;81909176842807;4.3911285;-7.6490326;4.8855133
a;81909196984408;4.3751373;-7.6105194;4.8994293
a;81909217126010;4.353531;-7.5850983;4.8781586
a;81909237267611;4.289734;-7.647232;4.787201
a;81909257409213;4.2404785;-7.753128;4.823761
a;81909277550814;4.221115;-7.737961;4.805542
a;81909297692416;4.214981;-7.78273;4.765518
a;81909317834018;4.2134247;-7.823395;4.7632294
a;81909337975619;4.2670746;-7.826767;4.8043976
a;81909358117221;4.322281;-7.874817;4.8451233
a;81909378258822;4.3269043;-7.901123;4.864563
a;81909398400424;4.413025;-7.9279785;4.8759003
a;81909418542025;4.437317;-7.9595947;4.8511505
a;81909438683627;4.5505524;-7.9534607;4.80925
a;81909458825229;4.530731;-7.88356;4.7669373
a;81909478966830;4.4105225;-7.5872803;4.6680603
a;81909499108432;4.5127106;-7.558319;4.7490234
a;81909519250033;4.4792023;-7.545761;4.6327972
a;81909539391635;4.3990784;-7.3321533;4.6089935
a;81909559533236;4.4881134;-7.5571136;4.701874
a;81909579674838;4.470688;-7.3049774;4.76651
a;81909599816439;4.534607;-7.5941772;4.7426453
a;81909619958041;4.5872955;-7.6206512;4.773834
a;81909640099643;4.5436554;-7.677246;4.699402
a;81909660241244;4.578537;-7.6630554;4.7372437
a;81909680382846;4.5710297;-7.709381;4.8512573
a;81909700524447;4.469452;-7.756485;4.696121
a;81909720666049;4.463928;-7.7870636;4.779022
a;81909740807650;4.4144287;-7.844528;4.840744
a;81909760949252;4.3932037;-7.8532715;4.7621155
a;81909781090854;4.330063;-8.07515;4.826538
a;81909801232455;4.380234;-7.918106;4.8523407
a;81909821374057;4.390671;-7.899521;4.8224945
a;81909841515658;4.421219;-7.836426;4.839081
a;81909861657260;4.5159454;-7.7611084;4.805008
a;81909881798861;4.5312805;-7.69606;4.808655
a;81909901940463;4.5902557;-7.636078;4.820755
a;81909922082064;4.597809;-7.6009674;4.775009
a;81909942223666;4.516037;-7.656082;4.7588654
a;81909962365268;4.4776;-7.632187;4.7393036
a;81909982506869;4.4936676;-7.6409607;4.7342987
a;81910002648471;4.481659;-7.600876;4.7605286
a;81910022790072;4.514374;-7.5949554;4.720154
a;81910042931674;4.5546875;-7.6446533;4.8430023
a;81910063073275;4.5436554;-7.753784;4.813278
a;81910083214877;4.563797;-7.6332703;4.759674
a;81910103356479;4.543701;-7.6044006;4.728409
a;81910123498080;4.5417786;-7.526245;4.7796936
a;81910143639682;4.537689;-7.5767365;4.744934
a;81910163781283;4.522064;-7.604782;4.7787476
a;81910183922885;4.5423737;-7.6276855;4.7606354
a;81910204064486;4.5139313;-7.6095123;4.735031
a;81910224206088;4.5279694;-7.723892;4.8604584
a;81910244347689;4.5205383;-7.653076;4.8824615
a;81910264489291;4.544464;-7.6321106;4.7143555
a;81910284630893;4.5664215;-7.7135468;4.8164215
a;81910304772494;4.575424;-7.5911407;4.841217
a;81910324914096;4.5799103;-7.602112;4.8689575
a;81910345055697;4.5822144;-7.6066284;4.8417816
a;81910365197299;4.5672607;-7.666641;4.91716
a;81910385338900;4.5569;-7.5807037;4.7978516
a;81910405480502;4.587555;-7.6281433;4.8206635
a;81910425622104;4.574753;-7.5909576;4.857971
a;81910445763705;4.56752;-7.6234436;4.8624573
a;81910465905307;4.5860596;-7.687088;4.843811
a;81910486046908;4.5588684;-7.6307373;4.8686676
a;81910506188510;4.5720825;-7.5995026;4.8033905
a;81910526330111;4.5910645;-7.669937;4.811615
a;81910546471713;4.5537567;-7.643219;4.895813
a;81910566613314;4.6012115;-7.6175385;4.8648224
a;81910586754916;4.5585327;-7.5339966;4.772003
a;81910606896518;4.5397186;-7.466873;4.7950134
a;81910627038119;4.521942;-7.443329;4.8221436
a;81910647179721;4.531845;-7.492691;4.871689
a;81910667321322;4.57106;-7.5123444;4.901413
a;81910687462924;4.5270386;-7.6225586;4.736786
a;81910707604525;4.5580444;-7.759384;4.7696533
a;81910727746127;4.577194;-7.784149;4.923355
a;81910747887729;4.5792084;-7.8469086;4.89505
a;81910768029330;4.630966;-7.8007813;4.9541016
a;81910788170932;4.587448;-7.72876;4.997055
a;81910808312533;4.611847;-7.6783905;4.9239655
a;81910828454135;4.649948;-7.6674194;4.909256
a;81910848595736;4.6769104;-7.6502533;4.954895
a;81910868737338;4.5982056;-7.6865234;4.9075317
a;81910888878939;4.572403;-7.560562;4.8505707
a;81910909020541;4.5212708;-7.45105;4.844589
a;81910929162143;4.543579;-7.433777;4.887802
a;81910949303744;4.585129;-7.4340515;4.8533325
a;81910969445346;4.5888367;-7.39447;4.846161
a;81910989586947;4.5906525;-7.428299;4.949463
a;81911009728549;4.576187;-7.4855347;4.9097137
a;81911029870150;4.570862;-7.435547;4.861389
a;81911050011752;4.573242;-7.3460846;4.8438416
a;81911070153354;4.6191406;-7.341278;4.910675
a;81911090294955;4.628708;-7.464859;4.9659576
a;81911110436557;4.623352;-7.5308533;4.90152
a;81911130578158;4.588928;-7.606827;4.899765
a;81911150719760;4.558914;-7.5440216;4.997467
a;81911170861361;4.55249;-7.5687103;4.9579926
a;81911191002963;4.5799713;-7.5938873;4.997452
a;81911211144564;4.5879364;-7.662216;5.012329
a;81911231286166;4.6166534;-7.6167603;4.956848
a;81911251427768;4.608734;-7.5615997;4.9497833
a;81911271569369;4.586975;-7.524887;4.9001617
a;81911291710971;4.5726013;-7.524643;4.8376007
a;81911311852572;4.5745544;-7.552841;4.836899
a;81911331994174;4.573227;-7.5500183;4.8471985
a;81911352135775;4.5552063;-7.5052643;4.851059
a;81911372277377;4.56723;-7.5362396;4.797394
a;81911392418979;4.566101;-7.594101;4.795639
a;81911412560580;4.5753326;-7.6294403;4.878113
a;81911432702182;4.570648;-7.653061;4.927643
a;81911452843783;4.5607452;-7.573471;4.9154205
a;81911472985385;4.564728;-7.59375;4.8388214
a;81911493126986;4.572998;-7.616806;4.912842
a;81911513268588;4.6095123;-7.5256805;4.936447
a;81911533410189;4.63826;-7.594101;4.9080353
a;81911553551791;4.656296;-7.596039;4.953232
a;81911573693393;4.65213;-7.6030884;5.0334015
a;81911593834994;4.648468;-7.510193;4.9296265
a;81911613976596;4.615677;-7.5562897;4.928543
a;81911634118197;4.6331787;-7.5375977;4.985626
a;81911654259799;4.640091;-7.563431;4.978058
a;81911674401400;4.662277;-7.522583;4.9714813
a;81911694543002;4.63649;-7.4497833;4.8844604
a;81911714684604;4.6674805;-7.4714966;4.9660797
a;81911734826205;4.646759;-7.4313507;4.9135895
a;81911754967807;4.59848;-7.372406;4.932129
a;81911775109408;4.58519;-7.5069885;4.9018707
a;81911795251010;4.6360016;-7.5594635;4.9371185
a;81911815392611;4.6792603;-7.542862;4.9177246
a;81911835534213;4.68277;-7.4620056;4.880493
a;81911855675814;4.695526;-7.4957886;4.92424
a;81911875817416;4.7031403;-7.534073;4.9455566
a;81911895959018;4.6288147;-7.5484467;4.9700317
a;81911916100619;4.6216125;-7.5586395;4.9269714
a;81911936242221;4.6287994;-7.613739;4.9237213
a;81911956383822;4.7166595;-7.656021;4.998703
a;81911976525424;4.7828064;-7.608017;4.97937
a;81911996667025;4.844986;-7.5837555;4.989151
a;81912016808627;4.834732;-7.412842;5.0187836
a;81912036950229;4.7919617;-7.330673;5.0723114
a;81912057091830;4.761841;-7.312195;5.0826263
a;81912077233432;4.723892;-7.3089447;5.1246033
a;81912097375033;4.6083374;-7.3985443;5.038315
a;81912117516635;4.4605865;-7.47377;4.965622
a;81912137658236;4.406433;-7.5684967;4.8742065
a;81912157799838;4.3285217;-7.639282;4.9205933
a;81912177941439;4.3290253;-7.5803986;4.8874054
a;81912198083041;4.25618;-7.5451508;4.9654846
a;81912218224643;4.278961;-7.516876;4.9649506
a;81912238366244;4.2805176;-7.5315094;4.9284363
a;81912258507846;4.4361725;-7.575226;4.9977417
a;81912278649447;4.460251;-7.5227814;5.012619
a;81912298791049;4.5050964;-7.462143;5.0187225
a;81912318932650;4.5398407;-7.4776306;5.0386047
a;81912339074252;4.5767365;-7.486374;5.103012
a;81912359215854;4.4990997;-7.479187;5.0448303
a;81912379357455;4.4872284;-7.48761;5.0354156
a;81912399499057;4.3990936;-7.464157;4.993103
a;81912419640658;4.327133;-7.4591217;4.9516907
a;81912439782260;4.2556;-7.468277;4.9595795
a;81912459923861;4.2048798;-7.599701;5.0151215
a;81912480065463;4.2138214;-7.6345367;5.043152
a;81912500207064;4.1822968;-7.537979;5.119232
a;81912520348666;4.1996155;-7.507904;4.886612
a;81912540490268;4.2745667;-7.5570526;4.959839
a;81912560631869;4.4218597;-7.6298676;5.092163
a;81912580773471;4.5173645;-7.5929413;5.235367
a;81912600915072;4.5839996;-7.5029755;5.106079
a;81912621056674;4.630783;-7.579132;4.9560547
a;81912641198275;4.596115;-7.64711;5.098938
a;81912661339877;4.588135;-7.633835;5.2203064
a;81912681481479;4.5167084;-7.5805664;5.17865
a;81912701618916;4.4670105;-7.558319;5.046219
a;81912721760518;4.468811;-7.627548;5.028656
a;81912741902119;4.361862;-7.6081085;5.0732574
a;81912762043721;4.2880554;-7.6572266;5.15889
a;81912782185322;4.2445984;-7.608795;5.0667114
a;81912802326924;4.181366;-7.472641;4.947571
a;81912822468525;4.135849;-7.56781;4.9637146
a;81912842610127;4.2346954;-7.4800262;4.9522705
a;81912862751729;4.366028;-7.417618;4.9130554
a;81912882893330;4.4945374;-7.4716187;4.9017944
a;81912903034932;4.527054;-7.591797;4.8742523
a;81912923176533;4.612152;-7.837784;4.87088
a;81912943318135;4.7351837;-8.041748;4.8063965
a;81912963459736;4.744934;-8.202072;4.9775696
a;81912983601338;4.9512177;-8.215088;5.071121
a;81913003742940;5.3110657;-8.182343;5.158844
a;81913023884541;5.4503784;-7.996414;5.0817413
a;81913044026143;5.400528;-7.97937;5.123825
a;81913064167744;5.249298;-8.043045;5.279312
a;81913084309346;5.2892456;-8.172607;5.359314
a;81913104450947;5.3377075;-8.244385;5.32135
a;81913124592549;5.261566;-8.335587;5.235916
a;81913144734150;5.0929413;-8.578461;5.402466
a;81913164875752;4.9566345;-8.579819;5.4803925
a;81913185017354;4.828888;-8.702698;5.3397827
a;81913205158955;4.8734283;-8.931366;5.420517
a;81913225300557;4.9357758;-8.954987;5.4821014
a;81913245442158;4.805252;-8.867447;5.503296
a;81913265583760;4.4364777;-8.303299;5.458603
a;81913285725361;3.8371582;-8.187866;5.5532227
a;81913305866963;3.2338562;-8.369904;5.610733
a;81913326008565;2.8420563;-8.701736;5.701004
a;81913346150166;2.7515106;-8.753281;5.670883
a;81913366291768;2.4393158;-8.241592;5.275131
a;81913386433369;2.100525;-7.8876495;5.3442383
a;81913406574971;1.8478241;-7.6828766;5.3963776
a;81913426716572;1.6291962;-7.582199;5.2345734
a;81913446858174;1.3805237;-7.5648804;4.979645
a;81913466999775;1.2497711;-7.6428223;4.8100586
a;81913487141377;1.2108765;-7.5149994;4.910721
a;81913507282979;1.0176239;-7.4957275;5.0152435
a;81913527424580;0.7646942;-7.496414;5.0135803
a;81913547566182;0.703125;-7.4007874;4.9008484
a;81913567707783;0.6463318;-7.3631287;4.8288727
a;81913587849385;0.68336487;-7.46521;4.8567657
a;81913607990986;0.73532104;-7.7272797;5.064728
a;81913628132588;0.75305176;-7.821274;5.2782288
a;81913648274190;0.7594147;-7.7198486;5.239853
a;81913668415791;0.72657776;-7.9109497;5.2927704
a;81913688557393;0.69973755;-7.8822937;5.4259186
a;81913708698994;0.71035767;-7.670746;5.539459
a;81913728840596;0.76168823;-7.6265717;5.4927063
a;81913748982197;0.8627167;-7.642273;5.5052643
a;81913769123799;0.9771118;-7.7288513;5.4733734
a;81913789265400;1.0189819;-7.920639;5.431366
a;81913809407002;0.9674988;-7.97287;5.517807
a;81913829548604;0.999115;-8.051041;5.672287
a;81913849690205;1.0561981;-8.215271;5.8249054
a;81913869831807;1.0717316;-8.225128;5.889206
a;81913889973408;1.0666046;-8.207397;5.899948
a;81913910115010;1.0653534;-8.25946;6.0413055
a;81913930256611;1.088974;-8.28215;6.201584
a;81913950398213;1.1170654;-8.225357;6.124008
a;81913970539815;1.2091522;-8.249466;5.9961853
a;81913990681416;1.2332001;-8.274353;6.0948944
a;81914010823018;1.2193146;-8.091385;6.0900574
a;81914030964619;1.1523132;-7.974411;6.086075
a;81914051106221;1.1980286;-8.037491;6.006485
a;81914071247822;1.1817169;-8.2430725;6.0330048
a;81914091389424;1.1502686;-8.190796;6.0934296
a;81914111531025;1.1988983;-8.039734;6.069336
a;81914131672627;1.213089;-7.9627075;6.177994
a;81914151814229;1.2066803;-7.9541473;6.2053833
a;81914171955830;1.2447662;-8.116089;6.2853546
a;81914192097432;1.2162476;-8.192917;6.2384033
a;81914212239033;1.1423645;-8.117844;6.1402283
a;81914232380635;1.1118927;-8.010193;6.1098175
a;81914252522236;1.0554352;-7.9361877;6.1675873
a;81914272663838;1.0288696;-7.966156;6.0727234
a;81914292805440;0.97109985;-7.9726257;6.000534
a;81914312947041;0.9391022;-7.9709473;5.950226
a;81914333088643;0.9685364;-7.9193115;5.9430084
a;81914353230244;0.9948578;-7.815689;6.0033264
a;81914373371846;1.059906;-7.8641663;6.033127
a;81914393513447;1.1243896;-7.9302063;6.073242
a;81914413655049;1.1870575;-8.075653;6.0553436
a;81914433796650;1.214035;-8.063522;6.1334534
a;81914453938252;1.1896057;-8.059341;6.142151
a;81914474079854;1.1752625;-7.9792786;6.16185
a;81914494221455;1.161087;-7.995926;6.225769
a;81914514363057;1.1672974;-8.061859;6.2035522
a;81914534504658;1.1353302;-8.082184;6.095291
a;81914554646260;1.0414734;-7.9725647;6.046402
a;81914574787861;1.0300751;-7.94429;6.0482635
a;81914594929463;1.0304413;-7.948654;6.0458984
a;81914615071065;1.0474548;-7.9829407;6.0745544
a;81914635212666;1.0605164;-8.007217;6.072769
a;81914655354268;1.0484161;-7.9572144;6.142639
a;81914675495869;1.0949707;-7.935852;6.2255707
a;81914695637471;1.0572662;-7.948349;6.213089
a;81914715779072;1.0737915;-7.9314117;6.1795197
a;81914735920674;1.0681;-7.88443;6.1325684
a;81914756062275;1.0708923;-7.9173126;6.235321
a;81914776203877;1.0369873;-7.9368744;6.2352448
a;81914796345479;1.0122528;-7.974655;6.2063293
a;81914816487080;0.9780121;-7.978821;6.162079
a;81914836628682;0.9897461;-8.002472;6.1215363
a;81914856770283;0.97612;-8.002502;6.107727
a;81914876911885;1.0051727;-8.003601;6.12941
a;81914897053486;1.058197;-7.9821014;6.158539
a;81914917195088;1.0548553;-7.9617004;6.202545
a;81914937336690;1.0769043;-7.9471893;6.172943
a;81914957478291;1.0549774;-7.9699707;6.125061
a;81914977619893;1.0637512;-7.9646454;6.215637
a;81914997761494;1.0522156;-7.9785156;6.1998444
a;81915017903096;1.042038;-7.997452;6.138504
a;81915038044697;1.0389862;-7.9563446;6.1680145
a;81915058186299;0.9888458;-7.896744;6.1844025
a;81915078327900;0.99320984;-7.9733276;6.170639
a;81915098469502;0.9904785;-8.024506;6.243988
a;81915118611104;0.9837189;-7.975754;6.251175
a;81915138752705;0.9823761;-7.931885;6.2345886
a;81915158894307;1.0290985;-7.926651;6.273697
a;81915179035908;1.0340729;-7.968704;6.257492
a;81915199177510;1.0528564;-7.9443207;6.225189
a;81915219319111;1.0913849;-7.9694977;6.225937
a;81915239460713;1.1026611;-7.8633575;6.156784
a;81915259602315;1.1041565;-7.8770905;6.14624
a;81915279743916;1.1156616;-7.939804;6.1434937
a;81915299885518;1.1534119;-8.025101;6.152878
a;81915320027119;1.1235352;-8.041718;6.1063385
a;81915340168721;1.1569977;-7.9319763;6.1433716
a;81915360310322;1.1908417;-7.8927155;6.1544495
a;81915380451924;1.2184296;-7.8926697;6.192215
a;81915400593525;1.1974487;-7.920044;6.1795807
a;81915420735127;1.1595612;-7.922455;6.183487
a;81915440876729;1.1296844;-7.893448;6.174637
a;81915461018330;1.1434174;-7.8562317;6.213806
a;81915481159932;1.1284332;-7.855011;6.239334
a;81915501301533;1.1105652;-7.8259583;6.1713867
a;81915521443135;1.1099548;-7.8854065;6.1946106
a;81915541584736;1.1213226;-7.9361115;6.1837463
a;81915561726338;1.124176;-7.94252;6.229233
a;81915581867940;1.1170654;-7.906891;6.211548
a;81915602009541;1.1058655;-7.859268;6.2087708
a;81915622151143;1.1060638;-7.8796234;6.233139
a;81915642292744;1.0924225;-7.8915253;6.1690216
a;81915662434346;1.0656891;-7.8986053;6.1875153
a;81915682575947;1.0789185;-7.936371;6.176529
a;81915702717549;1.0991364;-7.943573;6.241806
a;81915722859150;1.0862122;-7.9161224;6.191086
a;81915743000752;1.1044769;-7.8985596;6.144867
a;81915763142354;1.1463928;-7.8644714;6.1133423
a;81915783283955;1.1821442;-7.875717;6.177841
a;81915803425557;1.2191772;-7.906311;6.149811
a;81915823567158;1.2530975;-7.918564;6.1636963
a;81915843708760;1.2668915;-7.8789215;6.1690674
a;81915863850361;1.2484131;-7.8106995;6.177536
a;81915883991963;1.2522278;-7.7839813;6.1384583
a;81915904133565;1.2752075;-7.7697144;6.1354065
a;81915924275166;1.2668762;-7.7579193;6.139282
a;81915944416768;1.284195;-7.7162476;6.141388
a;81915964558369;1.2796326;-7.736267;6.128937
a;81915984699971;1.2918854;-7.7398987;6.122925
a;81916004841572;1.3135071;-7.64003;6.1569824
a;81916024983174;1.2344208;-7.499634;6.074188
a;81916045124775;1.2533112;-7.3872986;6.0411835
a;81916065266377;1.2279053;-7.268387;6.0013885
a;81916085407979;1.1712494;-7.150543;5.981827
a;81916105549580;1.0580444;-6.9074554;5.9582977
a;81916125691182;1.1038055;-6.6582947;5.837555
a;81916145832783;1.2100983;-6.577011;5.7782135
a;81916165974385;1.3155365;-6.508484;5.752701
a;81916186115986;1.276886;-6.2976074;5.7145386
a;81916206257588;1.3852539;-6.2958984;5.578293
a;81916226399190;1.3534088;-6.2070313;5.595688
a;81916246540791;1.3442535;-6.039871;5.680084
a;81916266682393;1.552002;-6.143097;5.6036987
a;81916286823994;2.1390533;-6.496521;5.688614
a;81916306965596;2.531067;-6.516556;5.8080597
a;81916327107197;2.8039246;-6.0919495;5.716812
a;81916347248799;3.30661;-6.0968475;5.732666
a;81916367390400;3.7996979;-6.040695;5.82666
a;81916387532002;4.071686;-5.8311768;5.6312103
a;81916407673604;4.7155;-6.366287;5.5049133
a;81916427815205;5.1875916;-6.4331665;5.9027405
a;81916447956807;5.497879;-6.2748566;6.0534363
a;81916468098408;5.8923035;-6.126709;5.9593506
a;81916488240010;6.357727;-5.527588;5.765793
a;81916508381611;6.7841034;-5.374832;5.88031
a;81916528523213;7.309311;-5.6007233;6.1387634
a;81916548664815;7.868454;-5.4595337;6.1103363
a;81916568806416;8.40239;-5.261307;6.1046295
a;81916588948018;8.840225;-4.8685455;6.10907
a;81916609089619;9.209854;-4.1680603;5.9763184
a;81916629231221;9.419052;-3.7803345;5.7384186
a;81916649372822;9.390106;-3.3147888;5.0530853
a;81916669514424;9.382416;-2.5434418;4.085434
a;81916689656025;9.583557;-2.5065002;4.285431
a;81916709797627;9.669846;-2.1777039;4.9138794
a;81916729939229;9.708191;-1.465271;5.0141296
a;81916750080830;9.727402;-0.7501373;4.4966583
a;81916770222432;9.595917;-1.1174927;4.065613
a;81916790364033;9.622879;-1.0338287;4.0388184
a;81916810505635;9.628586;-1.1623383;4.358795
a;81916830647236;9.46077;-0.8443451;4.5848846
a;81916850788838;9.277435;-0.14128113;4.349991
a;81916870930440;9.417114;-0.3043518;4.118881
a;81916891072041;9.41246;-0.7954712;4.345688
a;81916911213643;9.378723;-0.5512543;4.6198273
a;81916931355244;9.531754;-0.34466553;4.5532837
a;81916951496846;9.53421;-1.1640015;4.6174164
a;81916971638447;9.376511;-1.5518341;4.9151154
a;81916991780049;9.4101715;-1.3986053;5.211746
a;81917011921650;9.275421;-1.0904083;4.8545074
a;81917032063252;9.087219;-1.2832489;4.3068237
a;81917052204854;9.096344;-1.811203;4.647644
a;81917072346455;9.263535;-1.3974915;5.236145
a;81917092488057;9.161819;-0.65815735;5.052887
a;81917112629658;8.848145;-0.780426;4.0621643
a;81917132771260;8.860596;-1.0385895;3.2520905
a;81917152912861;9.2890625;-1.276535;2.8615875
a;81917173054463;9.150879;-1.5981903;2.5484467
a;81917193196065;8.894897;-1.2875061;2.283081
a;81917213337666;8.803345;1.4711304;1.6270752
a;81917233479268;8.439621;3.1670074;2.3758698
a;81917253620869;8.44252;3.2049713;3.1460571
a;81917273762471;9.096039;3.8352814;3.437561
a;81917293904072;9.49765;3.3955536;3.2729187
a;81917314045674;9.225845;4.1750336;3.2110748
a;81917334187275;9.214294;4.427658;3.0894318
a;81917354328877;8.843414;4.7377625;3.3958588
a;81917374470479;8.6987;4.265396;3.053711
a;81917394612080;8.945465;3.884613;2.6726074
a;81917414753682;9.040176;3.562561;2.1944275
a;81917434895283;9.032761;3.4257202;2.0647583
a;81917455036885;8.86058;3.653473;1.9125824
a;81917475178486;8.6489105;3.552063;2.072937
a;81917495320088;8.803909;3.3716888;2.7187042
a;81917515461690;8.9539795;3.4370728;3.137024
a;81917535603291;9.216034;3.9029846;3.415451
a;81917555744893;9.420929;3.9192352;2.9178772
a;81917575886494;9.370316;3.2230072;2.5484772
a;81917596028096;9.161133;2.364273;3.1471863
a;81917616169697;9.243362;2.2622986;3.9332275
a;81917636311299;9.145187;1.940918;3.9509277
a;81917656452900;8.67691;1.5661163;4.2599487
a;81917676594502;8.705704;1.1143646;4.193115
a;81917696736104;8.76857;-1.1754913;4.116852
a;81917716877705;8.807404;-3.1464539;4.468628
a;81917737019307;9.0425415;-3.4983063;5.5778046
a;81917757160908;9.486343;-3.883789;6.626129
a;81917777302510;10.007523;-5.3395996;5.456375
a;81917797444111;9.490631;-6.6489716;4.054901
a;81917817585713;8.497726;-6.625992;4.6664734
a;81917837727315;7.1481323;-7.2702637;4.6235657
a;81917857868916;5.7501984;-7.6164856;4.129196
a;81917878010518;4.5477905;-6.5714417;4.1156616
a;81917898152119;4.0099792;-5.970703;4.1965637
a;81917918293721;3.6803894;-7.287033;4.6384277
a;81917938435322;3.5049286;-8.458511;4.9729156
a;81917958576924;3.5624237;-9.2543335;4.671585
a;81917978718525;3.1821594;-8.355713;4.691696
a;81917998860127;3.0374146;-7.3983307;5.0885925
a;81918019001729;2.7606964;-7.483612;5.3307495
a;81918039143330;1.9826508;-6.8140564;4.872711
a;81918059284932;1.683609;-6.2366486;4.6256104
a;81918079426533;1.3215027;-5.685379;4.351074
a;81918099568135;1.089859;-5.319931;4.5182037
a;81918119709736;0.6335144;-4.733444;4.880295
a;81918139851338;-1.2428589;-1.6534424;4.725006
a;81918159992940;-2.5050354;0.5793762;4.1648407
a;81918180134541;-1.3601837;-1.244812;5.045883
a;81918200276143;1.3891754;-6.8329926;8.516998
a;81918220417744;3.333374;-6.2900543;14.200684
a;81918240559346;3.1635895;-2.1365051;10.975525
a;81918260700947;6.9043884;-1.5174255;-4.843689
a;81918280842549;16.22171;-14.431152;-1.7496185
a;81918300984150;16.179932;-17.59967;10.482056
a;81918321125752;10.262421;-10.817337;9.4470825
a;81918341267354;7.9397125;-1.9977264;6.4461365
a;81918361408955;4.75441;0.8057556;4.643219
a;81918381550557;1.2312317;-1.1343384;5.2907257
a;81918401692158;0.95591736;-5.913559;9.184723
a;81918421833760;3.2075043;-3.1565094;11.267273
a;81918441975361;5.225067;-2.686798;4.5231323
a;81918462116963;7.6145782;-6.185196;-3.1827393
a;81918482258565;11.715851;-12.9756775;1.2572327
a;81918502400166;8.666046;-8.388107;6.426483
a;81918522541768;4.892212;-3.4310608;8.616211
a;81918542683369;5.1594086;-1.1032257;8.543457
a;81918562824971;5.3660583;-4.020874;6.827179
a;81918582966572;5.763504;-5.9763947;3.597168
a;81918603108174;6.5730286;-6.7992096;2.4522705
a;81918623249775;6.6036987;-5.9921417;4.9726105
a;81918643391377;6.21994;-4.654068;6.3116302
a;81918663532979;5.9604797;-4.2482147;5.7674713
a;81918683674580;5.9048157;-5.033325;4.5743866
a;81918703816182;6.083267;-5.369873;4.307907
a;81918723957783;6.16716;-4.545471;5.7888947
a;81918744099385;6.369873;-4.3069153;6.816101
a;81918764240986;6.437088;-4.844345;6.4169464
a;81918784382588;6.3194885;-5.280258;6.3277283
a;81918804524190;6.5566406;-4.6550446;6.381317
a;81918824665791;6.5525055;-4.8228455;6.2094727
a;81918844807393;6.5401306;-5.467346;5.558441
a;81918864948994;6.662964;-6.2430573;4.955551
a;81918885090596;6.7323914;-6.629257;4.795639
a;81918905232197;6.787918;-6.1835175;4.962799
a;81918925373799;6.5753174;-5.9380493;5.0789337
a;81918945515400;6.2257996;-5.9063416;4.837204
a;81918965657002;5.8281555;-6.102707;4.219208
a;81918985798604;5.8295135;-6.304062;3.834381
a;81919005940205;5.9189453;-6.212982;3.9818115
a;81919026081807;5.9677887;-6.0659027;4.1601715
a;81919046223408;5.9622955;-6.717224;4.2487183
a;81919066365010;5.962311;-7.155136;4.2725067
a;81919086506611;6.066223;-6.752945;4.502228
a;81919106648213;5.98407;-6.6635437;4.288574
a;81919126789815;5.7029724;-6.661484;4.038513
a;81919146931416;5.2767334;-6.863678;3.5902863
a;81919167073018;4.805435;-6.8803406;3.4342346
a;81919187214619;4.5618134;-6.139496;3.959793
a;81919207356221;4.435379;-5.680237;4.3526
a;81919227497822;4.1718597;-5.551895;4.520279
a;81919247639424;3.997055;-5.267761;4.2037506
a;81919267781025;3.9488373;-5.292938;3.877777
a;81919287922627;4.309082;-5.1565247;3.9139557
a;81919308064229;4.7828064;-4.985733;3.647461
a;81919328205830;5.4652405;-5.6320496;3.2019653
a;81919348347432;6.3131866;-5.8185425;3.1976624
a;81919368489033;7.6549377;-5.769989;3.282669
a;81919388630635;8.753174;-5.4402924;3.8610687
a;81919408772236;9.65744;-4.781784;4.653305
a;81919428913838;10.570023;-4.5575256;5.7279205
a;81919449055440;10.853958;-4.410263;5.8894043
a;81919469197041;10.768494;-4.9983673;5.26001
a;81919489338643;10.470428;-4.8800507;4.8313293
a;81919509480244;10.007462;-4.248657;4.6873627
a;81919529621846;9.68544;-3.695694;4.878067
a;81919549763447;9.515808;-3.989502;4.701706
a;81919569905049;9.42775;-3.9109497;4.640793
a;81919590046650;9.334274;-3.8643494;4.679825
a;81919610188252;9.171768;-3.6676483;4.541107
a;81919630329854;8.803772;-3.550537;3.9291534
a;81919650471455;8.174484;-3.4485474;3.5765686
a;81919670613057;8.023819;-3.36615;3.0640717
a;81919690754658;8.507004;-4.2537537;4.043503
a;81919710896260;8.111542;-4.6618958;3.7602997
a;81919731037861;8.626831;-3.9883118;4.254654
a;81919751179463;8.8484955;-3.9397888;3.926834
a;81919771321065;9.892624;-3.9997253;3.8099213
a;81919791462666;10.391754;-3.951767;4.3907166
a;81919811604268;10.662109;-3.2994843;6.0974274
a;81919831745869;11.115173;-3.6979065;6.37796
a;81919851887471;11.101288;-2.925583;5.320404
a;81919872029072;11.062759;-4.3341064;4.869339
a;81919892170674;11.449036;-6.0442047;5.4203033
a;81919912312275;11.387146;-7.070389;5.299301
a;81919932453877;11.08577;-7.327713;5.331894
a;81919952595479;10.905853;-8.369614;5.6193085
a;81919972737080;10.447845;-9.335449;5.9168854
a;81919992878682;9.836426;-9.991852;6.329056
a;81920013020283;9.272079;-9.695511;7.038666
a;81920033161885;8.185303;-9.01239;7.1816864
a;81920053303486;6.9545746;-9.22287;6.558548
a;81920073445088;5.2931213;-10.3989105;5.3798065
a;81920093586690;3.9107056;-10.98262;4.914917
a;81920113728291;2.6010284;-9.671143;5.2368164
a;81920133869893;1.8629608;-7.909378;5.1971436
a;81920154011494;0.96832275;-6.781021;4.871292
a;81920174153096;0.06707764;-5.901535;4.4917145
a;81920194294697;-0.27056885;-5.7850494;3.8972778
a;81920214436299;-0.73521423;-5.165558;3.514618
a;81920234577900;-0.98301697;-4.4501495;4.1466675
a;81920254719502;-1.1130066;-3.3460236;4.6370697
a;81920274861104;-1.3670349;-2.426773;4.503372
a;81920295002705;-1.7242432;-2.548462;4.391144
a;81920315144307;-1.8793335;-2.5686035;4.5843506
a;81920335285908;-1.8596039;-1.8939972;5.655243
a;81920355427510;-1.8438416;-1.223999;6.398575
a;81920375569111;-2.0613708;-1.0213928;6.2939453
a;81920395710713;-2.2147827;-1.5438843;6.2291107
a;81920415852315;-1.8636475;-1.8465271;6.875473
a;81920435993916;-1.3709869;-2.1277313;7.9497986
a;81920456135518;-1.1763306;-2.9121246;8.534119
a;81920476277119;-1.3034363;-3.2085724;8.531754
a;81920496418721;-1.5609589;-3.0690002;8.721954
a;81920516560322;-1.7299652;-2.904358;9.012344
a;81920536701924;-1.8914948;-2.8999481;9.289383
a;81920556843525;-2.0819702;-3.1409454;8.962723
a;81920576985127;-2.1562347;-3.123703;8.744644
a;81920597126729;-2.075119;-3.114029;8.778961
a;81920617268330;-2.088852;-2.995102;8.946152
a;81920637409932;-2.0135956;-2.8388977;9.099564
a;81920657551533;-1.9542847;-2.7780914;8.9888
a;81920677693135;-1.9880219;-2.8262634;8.837585
a;81920697834736;-1.905365;-3.1641388;9.02327
a;81920717976338;-1.7247162;-2.9523773;9.432312
a;81920738117940;-1.6257629;-1.592926;9.872864
a;81920758259541;-1.0136719;-1.6470642;10.447723
a;81920778401143;-1.0545197;-2.9543304;10.3479
a;81920798542744;-1.4924164;-2.4072418;9.58638
a;81920818684346;-1.3073578;-1.9516602;9.3845825
a;81920838825947;-1.0266876;-1.6405945;10.113632
a;81920858967549;-1.2835999;-1.7674255;10.3307495
a;81920879109150;-1.4654846;-1.886322;9.947601
a;81920899250752;-1.3440247;-1.9360962;9.434341
a;81920919392354;-1.3772888;-2.2619781;8.966263
a;81920939533955;-1.6176605;-2.456726;8.243179
a;81920959675557;-1.7460327;-2.3054962;7.599823
a;81920979817158;-1.917572;-1.3104248;6.520935
a;81920999958760;-1.7118378;-1.2620239;6.0514526
a;81921020100361;-1.4032288;-1.6619568;5.877304
a;81921040241963;-1.2701111;-1.602951;5.8196106
a;81921060383565;-1.2915192;-2.0097046;5.2489777
a;81921080525166;-1.689209;-1.9565887;5.202484
a;81921100666768;-1.3126678;-3.1727905;6.97052
a;81921120808369;-0.34472656;-5.4397583;9.110764
a;81921140949971;-0.43589783;-6.212021;11.117966
a;81921161091572;-0.04824829;-6.6649017;12.19722
a;81921181233174;1.0505524;-7.6233673;11.318146
a;81921201374775;1.8140869;-8.891968;12.011566
a;81921221516377;2.425415;-7.77211;12.949173
a;81921241657979;3.0285645;-5.169113;13.64093
a;81921261799580;3.026535;-3.7986603;13.096909
a;81921281941182;2.7473602;-1.5480194;9.899261
a;81921302082783;3.178833;-2.1163177;8.85965
a;81921322224385;3.473816;-2.4094238;9.358887
a;81921342365986;3.6970673;-0.8096161;9.907486
a;81921362507588;4.0063934;0.20957947;9.929291
a;81921382649190;3.9440765;0.369339;9.159531
a;81921402790791;3.6220093;0.34503174;8.461838
a;81921422932393;3.5262299;0.2138977;8.25058
a;81921443073994;3.666397;0.3629303;8.381805
a;81921463215596;3.842682;0.6053009;8.504654
a;81921483357197;3.7923126;0.501297;8.712097
a;81921503498799;3.5784607;0.46795654;8.782928
a;81921523640400;3.5886688;0.43443298;8.873474
a;81921543782002;3.544464;0.4009552;9.058197
a;81921563923604;3.4345398;0.26304626;9.114914
a;81921584065205;3.2804413;0.077804565;9.138733
a;81921604206807;3.1367188;0.023513794;9.140625
a;81921624348408;3.0359344;-0.11340332;9.22612
a;81921644490010;3.0144958;-0.096969604;9.228119
a;81921664631611;2.96521;-0.09111023;9.272873
a;81921684773213;2.884781;-0.14396667;9.279846
a;81921704914815;2.864029;-0.104141235;9.318161
a;81921725056416;2.882187;-0.037399292;9.371063
a;81921745198018;2.8783417;0.06965637;9.413773
a;81921765339619;2.7955475;0.030197144;9.518524
a;81921785481221;2.7958527;0.07640076;9.445084
a;81921805622822;2.8167114;0.17562866;9.425171
a;81921825764424;2.8005219;0.12971497;9.479752
a;81921845906025;2.7892609;0.018127441;9.457474
a;81921866047627;2.8479614;-0.09146118;9.468018
