a;82153877147228;1.1801605;-0.8238373;10.154297
a;82153897288830;0.87882996;-1.199997;9.558243
a;82153917430432;1.0390167;-0.9467163;9.827026
a;82153937572033;0.9633179;-0.91503906;9.846985
a;82153957713635;0.9035797;-0.9810028;9.637131
a;82153977855236;0.9045105;-1.0902557;9.463699
a;82153997996838;0.8862457;-1.178894;9.396942
a;82154018138439;0.83613586;-1.1812134;9.382217
a;82154038280041;0.8279724;-1.1778107;9.453354
a;82154058421643;0.82847595;-1.1895294;9.50592
a;82154078563244;0.89009094;-1.2509003;9.5354
a;82154098704846;0.93614197;-1.2455139;9.569275
a;82154118846447;0.9732361;-1.2361298;9.631363
a;82154138988049;0.9854126;-1.2519836;9.628387
a;82154159129650;1.0964508;-1.1960602;9.554901
a;82154179271252;1.2377167;-1.1490631;9.449707
a;82154199412853;1.3353882;-0.9396515;9.271027
a;82154219554455;1.3797607;-0.7133179;9.1697235
a;82154239696057;1.5123291;-0.55810547;8.940399
a;82154259837658;1.5859833;-0.4333191;8.339279
a;82154279979260;1.6187286;-0.50416565;7.804245
a;82154300120861;1.7178192;-0.78718567;7.0920258
a;82154320262463;1.7994232;-0.9272766;6.7635193
a;82154340404064;1.9069519;-0.92141724;6.5300903
a;82154360545666;1.9138336;-1.1272736;6.6341095
a;82154380687268;2.1089478;-2.2131042;7.4113007
a;82154400828869;2.308426;-2.6345062;7.5656433
a;82154420970471;2.6741638;-2.3501434;7.515396
a;82154441112072;2.7106476;-2.3466797;7.6610565
a;82154461253674;2.2475433;-2.4998322;7.982361
a;82154481395275;2.003708;-2.1803284;8.915329
a;82154501536877;2.6440735;-2.358673;9.602798
a;82154521678478;3.277588;-3.7832336;9.4579315
a;82154541820080;3.288559;-3.9950714;8.530594
a;82154561961682;3.2417755;-3.4220123;8.060577
a;82154582103283;3.279251;-3.367691;8.748062
a;82154602244885;3.7388763;-3.7273407;8.28952
a;82154622386486;4.0066833;-4.744522;7.174408
a;82154642528088;4.064377;-6.2783356;6.19223
a;82154662669689;4.1354523;-6.6977234;6.5940094
a;82154682811291;4.5239563;-6.534012;6.8658447
a;82154702952893;5.123932;-6.6502533;6.204712
a;82154723094494;5.3309174;-7.412018;5.4790497
a;82154743236096;5.658188;-7.8061523;5.5053406
a;82154763377697;5.857071;-7.5898438;6.163086
a;82154783519299;6.2285004;-6.9111023;5.769684
a;82154803660900;6.95607;-7.052704;5.3238525
a;82154823802502;7.4669647;-8.016205;5.311249
a;82154843944103;7.5026093;-7.5045624;5.3261414
a;82154864085705;7.787018;-6.38089;4.6940002
a;82154884227307;7.840088;-6.004547;3.9391174
a;82154904368908;8.261124;-5.615906;4.525543
a;82154924510510;8.525131;-5.494034;4.827057
a;82154944652111;8.496933;-5.158951;4.6131287
a;82154964793713;8.607391;-4.591217;4.6592712
a;82154984935314;8.779053;-4.520981;4.42807
a;82155005076916;8.885193;-4.375534;4.5615234
a;82155025218518;9.064255;-4.1680756;4.9331665
a;82155045360119;9.165817;-4.209366;4.7318573
a;82155065501721;9.248093;-4.602585;4.2361145
a;82155085643322;9.224731;-5.064316;4.200363
a;82155105784924;9.191238;-5.5417633;3.7676392
a;82155125926525;9.087463;-5.2733154;3.801468
a;82155146068127;9.296951;-4.6267853;4.008957
a;82155166209728;9.439621;-5.0542603;3.8748322
a;82155186351330;9.608643;-5.5432434;3.541397
a;82155206492932;10.012527;-6.0057526;3.3655853
a;82155226634533;10.0108795;-5.5890045;3.2708282
a;82155246776135;10.281845;-6.1068573;3.5456238
a;82155266917736;9.948563;-6.325226;3.9517517
a;82155287059338;9.8480835;-6.312042;4.428192
a;82155307200939;9.641129;-6.5113373;4.7192383
a;82155327342541;9.199936;-6.2753296;4.4607544
a;82155347484143;8.815994;-6.5653076;3.9741974
a;82155367625744;8.537689;-7.0578613;3.8451996
a;82155387767346;8.355377;-6.9173737;3.973053
a;82155407908947;7.8108215;-6.9673767;3.7072906
a;82155428050549;7.3667145;-7.126938;3.452652
a;82155448192150;7.039917;-7.4074707;3.261856
a;82155468333752;6.805496;-7.5001373;3.3565216
a;82155488475353;6.511032;-7.3049927;3.4351044
a;82155508616955;5.9929047;-7.2591553;3.5153809
a;82155528758557;5.6649933;-7.64003;3.4332428
a;82155548900158;5.510971;-8.062424;3.0864716
a;82155569041760;5.3491364;-8.170517;3.1668854
a;82155589183361;4.592163;-8.287903;3.4515076
a;82155609324963;4.0507813;-8.698822;3.2691956
a;82155629466564;3.9558563;-8.648605;3.2908478
a;82155649608166;3.7033386;-8.290161;3.639618
a;82155669749768;3.103424;-8.392899;4.2546234
a;82155689891369;2.743927;-8.263458;4.4378204
a;82155710032971;2.2434082;-8.565491;4.223633
a;82155730174572;1.9958496;-8.470978;4.3697205
a;82155750316174;1.8665619;-8.613983;4.7273865
a;82155770457775;1.925766;-8.470566;5.35376
a;82155790599377;1.7352905;-7.9019623;5.5750275
a;82155810740978;1.5865021;-7.448044;5.3233795
a;82155830882580;1.5464325;-7.106964;6.306122
a;82155851024182;0.9922638;-6.370331;6.333542
a;82155871165783;0.72546387;-6.913864;6.040146
a;82155891307385;0.65237427;-8.505371;5.5197144
a;82155911448986;0.2414856;-8.612793;4.854126
a;82155931590588;-0.34399414;-7.2544556;4.7163544
a;82155951732189;-0.6871338;-6.820999;4.6961823
a;82155971873791;-0.94944763;-6.3301544;4.892746
a;82155992015393;-0.89390564;-6.1724854;4.777771
a;82156012156994;-1.2993164;-5.6398773;4.981888
a;82156032298596;-1.3067474;-6.207138;4.769623
a;82156052440197;-1.2763062;-6.397003;4.288254
a;82156072581799;-1.3033142;-6.4236145;4.9584656
a;82156092723400;-1.2941895;-7.059326;5.5998535
a;82156112865002;-1.376236;-7.5339355;6.6168976
a;82156133006603;-1.5760498;-8.089355;8.007538
a;82156153148205;-1.9369507;-9.146881;9.803482
a;82156173289807;-3.087906;-10.382568;10.066299
a;82156193431408;-3.3223877;-11.112244;10.513428
a;82156213573010;-2.7142944;-10.602631;10.5265045
a;82156233714611;-1.4860535;-9.452118;8.897537
a;82156253856213;0.7689972;-7.821121;4.0973816
a;82156273997814;2.678894;-5.624176;-1.9079742
a;82156294139416;3.4888;-0.16331482;-5.6820526
a;82156314281018;3.2620392;3.822113;-6.926956
a;82156334422619;0.39123535;4.40921;-3.687912
a;82156354564221;-1.9142303;-0.41601563;3.4655151
a;82156374705822;-3.5684204;-11.847092;13.523041
a;82156394847424;-3.1633148;-19.171585;19.467422
a;82156414989025;-2.2700806;-20.051971;19.670639
a;82156435130627;-4.9882355;-19.238586;18.640137
a;82156455272228;-4.0495453;-13.083908;10.297546
a;82156475413830;1.0883789;-3.9467773;-2.3446503
a;82156495555432;5.6786194;1.8656616;-10.963516
a;82156515697033;7.6834106;6.625839;-11.426956
a;82156535838635;5.705124;8.363159;-7.538391
a;82156555980236;1.5966187;3.5197296;-1.3995667
a;82156576121838;-1.7423553;-9.495422;8.746582
a;82156596263439;-2.718567;-19.761963;18.224457
a;82156616405041;-2.8713531;-20.051971;19.670639
a;82156636546643;-5.5167847;-19.716965;19.670639
a;82156656688244;-5.5156403;-12.691895;14.80101
a;82156676829846;-1.5674744;-6.3881073;5.240753
a;82156696971447;4.1957855;-0.50891113;-5.265564
a;82156717113049;7.324707;1.8036957;-11.675995
a;82156737254650;5.679611;5.313034;-8.907455
a;82156757396252;1.853241;3.84346;-2.4104614
a;82156777537853;-1.4424744;-6.893265;7.219986
a;82156797679455;-3.68898;-16.604553;15.855148
a;82156817821057;-4.8691864;-20.051971;19.670639
a;82156837962658;-6.278778;-19.793518;19.660873
a;82156858104260;-6.1908264;-14.848389;14.557068
a;82156878245861;-2.2986298;-8.679703;5.349991
a;82156898387463;2.583023;-3.4516602;-3.7680511
a;82156918529064;6.990555;0.9392395;-9.350937
a;82156938670666;6.1680603;4.9132385;-7.0071716
a;82156958812268;1.4105072;3.3130493;-0.6337433
a;82156978953869;-1.2450867;-6.5865326;6.4249573
a;82156999095471;-3.0616608;-18.079742;16.736496
a;82157019237072;-5.0012817;-20.051971;19.670639
a;82157039378674;-6.701767;-18.161667;19.591507
a;82157059520275;-5.500473;-13.55864;14.39032
a;82157079661877;-0.08729553;-8.22998;3.4502106
a;82157099803478;4.942642;-3.8743591;-5.039215
a;82157119945080;7.950531;0.98220825;-8.950714
a;82157140086682;5.587265;4.0371246;-7.1646423
a;82157160228283;1.3059235;3.4583435;-3.177597
a;82157180369885;-2.4307709;-2.7915497;4.7010803
a;82157200511486;-2.9167633;-11.888397;13.518936
a;82157220653088;-3.1326447;-19.825699;19.670639
a;82157240794689;-4.7767487;-20.051971;19.670639
a;82157260936291;-5.4811554;-15.605591;16.94963
a;82157281077893;-3.4587402;-9.351318;9.529343
a;82157301219494;1.5340729;-4.8847656;0.34007263
a;82157321361096;5.563507;-1.0684357;-6.4055634
a;82157341502697;6.721985;2.3443756;-8.916153
a;82157361644299;3.3694763;4.581497;-5.483719
a;82157381785900;-0.63183594;2.3914642;0.8604126
a;82157401927502;-2.1489258;-8.654846;9.514893
a;82157422069103;-1.3699188;-17.899933;17.595276
a;82157442210705;-2.6380615;-20.051971;19.670639
a;82157462352307;-4.9516754;-18.89119;18.990097
a;82157482493908;-5.2338257;-12.368805;13.617371
a;82157502635510;-1.5707245;-6.3582306;4.8902893
a;82157522777111;3.1779785;-2.0829468;-4.2582703
a;82157542918713;6.494934;1.5429077;-9.521332
a;82157563060314;5.6674194;5.152298;-8.523544
a;82157583201916;0.7193756;5.1320343;-2.3475647
a;82157603343518;-0.90922546;-3.751587;4.50972
a;82157623485119;0.35430908;-15.021912;13.526703
a;82157643626721;-1.106369;-20.051971;19.155563
a;82157663768322;-4.727539;-19.473068;19.060684
a;82157683909924;-5.136963;-14.193359;15.618134
a;82157704051525;-4.190872;-9.262741;11.432114
a;82157724193127;-2.0621643;-7.203171;6.985901
a;82157744334728;0.123687744;-5.9606323;4.023285
a;82157764476330;1.4887848;-5.556778;2.3812256
a;82157784617932;1.6383209;-5.743927;2.0290833
a;82157804759533;0.96369934;-5.969345;2.3445892
a;82157824901135;0.084243774;-5.9638214;3.2774658
a;82157845042736;-0.8612213;-6.727417;3.748169
a;82157865184338;-1.4148407;-7.2206726;3.981491
a;82157885325939;-1.2081909;-7.376419;4.8724365
a;82157905467541;-0.81925964;-7.708603;5.672409
a;82157925609143;-0.7992096;-7.866287;6.060196
a;82157945750744;-0.8887024;-7.792984;6.2687683
a;82157965892346;-1.0600281;-7.92247;6.3453217
a;82157986033947;-1.4721222;-8.090942;6.3870697
a;82158006175549;-1.626648;-8.1193695;6.3050995
a;82158026322548;-1.6961975;-7.908066;6.320633
a;82158046464150;-1.7224121;-7.9168854;6.2710724
a;82158066605751;-1.8005676;-7.7814484;6.241104
a;82158086747353;-1.7959595;-7.6105804;6.3600464
a;82158106888955;-1.6577148;-7.600174;6.54599
a;82158127030556;-1.4862518;-7.8003387;6.6162415
a;82158147172158;-1.3841858;-8.100998;6.4209747
a;82158167313759;-1.4283447;-8.191681;6.255783
a;82158187455361;-1.3720398;-8.088791;6.3552856
a;82158207596962;-1.3551636;-8.037933;6.357437
a;82158227738564;-1.408905;-8.064178;6.330597
a;82158247880166;-1.3022614;-8.081207;6.2457733
a;82158268021767;-1.3543091;-8.027084;6.1493683
a;82158288163369;-1.3627167;-7.998932;6.2021484
a;82158308304970;-1.3798981;-7.935684;6.262787
a;82158328446572;-1.3239899;-7.933548;6.2753143
a;82158348588173;-1.313446;-7.9949646;6.239044
a;82158368729775;-1.2731018;-8.074097;6.1630554
a;82158388871376;-1.2416534;-8.180115;6.2060547
a;82158409012978;-1.2091827;-8.142044;6.2196045
a;82158429154580;-1.2425385;-8.020584;6.2495575
a;82158449296181;-1.2972412;-7.8907166;6.301483
a;82158469437783;-1.3317871;-7.8704224;6.301651
a;82158489579384;-1.4872131;-7.934677;6.0123596
a;82158509720986;-1.5062714;-8.32634;5.88591
a;82158529862587;-1.4114227;-8.236176;6.040619
a;82158550004189;-1.3061066;-7.8483124;6.4017334
a;82158570145791;-1.1501617;-7.7270203;6.7769623
a;82158590287392;-0.9688568;-7.8397064;6.7644043
a;82158610428994;-0.9885864;-7.703171;6.541748
a;82158630570595;-1.1027222;-7.8402405;6.3291626
a;82158650712197;-1.1352386;-7.876236;6.3275757
a;82158670853798;-1.0311279;-7.646637;6.369934
a;82158690995400;-1.0105591;-7.6405334;6.2641907
a;82158711137001;-1.0076904;-7.5867004;6.1964264
a;82158731278603;-0.9895172;-7.77919;6.3961945
a;82158751420205;-1.1196442;-7.90152;6.553589
a;82158771561806;-1.330719;-7.829193;6.7113647
a;82158791703408;-1.5083008;-7.894516;6.8589325
a;82158811845009;-1.5934601;-8.06102;7.2700806
a;82158831986611;-1.6184692;-8.840317;7.751175
a;82158852128212;-1.9353485;-9.739395;8.803085
a;82158872269814;-2.1133575;-9.641556;9.702515
a;82158892411416;-2.2204895;-9.31868;9.481812
a;82158912553017;-2.4230652;-8.61795;8.518738
a;82158932694619;-2.1658936;-7.8905487;7.4689484
a;82158952836220;-1.39711;-7.015976;5.7808685
a;82158972977822;-0.40222168;-5.498352;3.4371338
a;82158993119423;0.7397156;-3.103897;-0.4189911
a;82159013261025;1.3317719;-1.6968231;-2.040329
a;82159033402626;1.2117004;-1.16362;-2.1331635
a;82159053544228;-0.20631409;-0.7677765;-1.5597534
a;82159073685830;-1.1945801;-2.7202454;1.1775665
a;82159093827431;-0.7034302;-7.947983;6.9135284
a;82159113969033;0.16064453;-12.455246;13.900787
a;82159134110634;0.52375793;-18.465088;19.148438
a;82159154252236;-0.8134613;-18.727036;19.639755
a;82159174393837;-3.199936;-14.321899;15.8875885
a;82159194535439;-3.3256683;-9.8415985;10.913483
a;82159214677041;-1.1062164;-4.690613;4.6438904
a;82159234818642;0.4548645;-1.0179138;-0.4264679
a;82159254960244;1.1962738;1.336319;-4.5065613
a;82159275101845;1.1452484;2.2318878;-4.7650146
a;82159295243447;-0.45228577;0.9404602;-2.7701416
a;82159315385048;-0.0519104;-6.549637;3.4658966
a;82159335526650;2.363449;-15.366745;13.710251
a;82159355668251;0.79849243;-20.051971;19.5242
a;82159375809853;-2.7611847;-19.708633;19.513992
a;82159395951455;-5.3569794;-13.286224;15.080002
a;82159416093056;-2.7361145;-7.053604;8.238327
a;82159436234658;1.0209045;-0.58843994;-0.70651245
a;82159456376259;3.5749664;1.2432709;-5.7543945
a;82159476517861;3.2432098;1.8014374;-6.891861
a;82159496659462;1.793335;1.0025024;-4.2924957
a;82159516801064;1.5086212;-3.8205261;-0.10272217
a;82159536942666;2.5320435;-10.390839;7.1589203
a;82159557084267;1.9186401;-15.04509;14.689056
a;82159577225869;-0.095718384;-16.039124;15.338303
a;82159597367470;-1.4609375;-13.6814575;13.946869
a;82159617509072;-1.8079071;-10.570908;11.216171
a;82159637650673;-1.3664093;-8.344406;9.211517
a;82159657792275;-0.50486755;-6.7887115;7.1114197
a;82159677933876;0.014862061;-6.2869263;5.645233
a;82159698075478;0.39344788;-5.8449097;4.695587
a;82159718217080;0.6061859;-5.948288;4.4754333
a;82159738358681;0.74594116;-6.9251404;5.0105286
a;82159758500283;0.64134216;-7.6676483;5.7847443
a;82159778641884;0.44996643;-8.223541;6.456375
a;82159798783486;0.48036194;-8.590393;6.71492
a;82159818925087;0.5001221;-8.660202;6.9409485
a;82159839066689;0.34735107;-8.405365;7.122818
a;82159859208291;0.07354736;-8.245758;7.0531616
a;82159879349892;-0.021209717;-8.192078;6.8950195
a;82159899491494;-0.03488159;-8.102997;6.760498
a;82159919633095;0.08711243;-8.039185;6.460846
a;82159939774697;0.14442444;-7.936783;6.303299
a;82159959916298;0.20954895;-7.839081;6.3141785
a;82159980057900;0.33865356;-7.7442017;6.464142
a;82160000199501;0.39523315;-7.699295;6.4513397
a;82160020341103;0.37597656;-7.7910004;6.3560333
a;82160040482705;0.23046875;-7.753952;6.3580017
a;82160060624306;0.17926025;-7.725937;6.384674
a;82160080765908;0.15486145;-7.6651306;6.3426056
a;82160100907509;0.13035583;-7.66304;6.3807983
a;82160121049111;0.068878174;-7.733658;6.35878
a;82160141190712;0.035232544;-7.739456;6.355133
a;82160161332314;-0.0045318604;-7.81691;6.435196
a;82160181473916;0.012145996;-7.8578186;6.41951
a;82160201615517;0.081100464;-7.8133698;6.371231
a;82160221757119;0.09706116;-7.822998;6.331009
a;82160241898720;0.055786133;-7.873474;6.3063965
a;82160262040322;0.024520874;-7.864563;6.4066315
a;82160282181923;-0.046691895;-7.8290405;6.3447876
a;82160302323525;-0.034851074;-7.8619385;6.317993
a;82160322465126;-0.058776855;-7.9205933;6.2496643
a;82160342606728;-0.06828308;-7.9066772;6.371353
a;82160362748330;-0.049560547;-7.882782;6.433777
a;82160382889931;-0.09010315;-7.8334656;6.416748
a;82160403031533;-0.060180664;-7.821472;6.2955475
a;82160423173134;0.009002686;-7.8305664;6.3678436
a;82160443314736;0.03656006;-7.801895;6.4599304
a;82160463456337;0.018753052;-7.796585;6.4317474
a;82160483597939;-0.0018157959;-7.7546997;6.3802185
a;82160503739541;0.043930054;-7.8051147;6.4332275
a;82160523881142;0.07348633;-7.898987;6.379883
a;82160544022744;0.048080444;-7.8628845;6.4100037
a;82160564164345;0.025985718;-7.8185883;6.3894806
a;82160584305947;-0.023635864;-7.8413086;6.402664
a;82160604447548;-0.011108398;-7.8671265;6.3911285
a;82160624589150;-0.022918701;-7.8541107;6.3743134
a;82160644730751;-0.023910522;-7.917679;6.373703
a;82160664872353;-0.04031372;-7.8508453;6.401062
a;82160685013955;-0.015472412;-7.8287354;6.366745
a;82160705155556;-0.05467224;-7.896744;6.359787
a;82160725297158;-0.061431885;-7.871414;6.437561
a;82160745438759;-0.097091675;-7.869385;6.3446045
a;82160765580361;-0.029342651;-7.836441;6.429611
a;82160785721962;0.03262329;-7.8749695;6.415512
a;82160805863564;0.045837402;-7.8161774;6.4631042
a;82160826005166;0.036621094;-7.838379;6.4552
a;82160846146767;-0.019424438;-7.800232;6.442642
a;82160866288369;-0.037353516;-7.7560883;6.4426727
a;82160886429970;-0.016845703;-7.765503;6.3817596
a;82160906571572;-7.171631E-4;-7.7558136;6.4382324
a;82160926713173;0.023010254;-7.77565;6.436859
a;82160946854775;0.020202637;-7.6900024;6.5058746
a;82160966996376;-0.0116119385;-7.739609;6.416168
a;82160987137978;-0.06274414;-7.7391663;6.446396
a;82161007279580;-0.07688904;-7.7321014;6.3717346
a;82161027421181;-0.019439697;-7.8525696;6.3704834
a;82161047562783;-0.03125;-7.833618;6.4617157
a;82161067704384;-0.09754944;-7.8687286;6.3469086
a;82161087845986;-0.15257263;-7.9321136;6.3356934
a;82161107987587;-0.13665771;-7.915451;6.476074
a;82161128129189;-0.05329895;-7.9996185;6.4736786
a;82161148270791;0.02798462;-7.96875;6.518936
a;82161168412392;0.084228516;-7.9262085;6.5255127
a;82161188553994;0.0778656;-7.779022;6.5862885
a;82161208695595;0.076171875;-7.7276;6.47287
a;82161228837197;0.09233093;-7.6963654;6.4961853
a;82161248978798;0.074020386;-7.6908875;6.475052
a;82161269120400;0.007751465;-7.6133575;6.4352875
a;82161289262001;-0.026931763;-7.5890045;6.4482574
a;82161309403603;0.044189453;-7.6349792;6.477539
a;82161329545205;0.04258728;-7.708664;6.5291443
a;82161349686806;-0.016784668;-7.6668243;6.520584
a;82161369828408;-0.07287598;-7.6322327;6.498825
a;82161389970009;-0.11807251;-7.6763763;6.515732
a;82161410111611;-0.123916626;-7.6950684;6.546829
a;82161430253212;-0.08534241;-7.795059;6.565811
a;82161450394814;-0.113983154;-7.789505;6.448578
a;82161470536416;-0.11791992;-7.748657;6.4578705
a;82161490678017;-0.19233704;-7.6641693;6.430069
a;82161510819619;-0.1537323;-7.676407;6.5006866
a;82161530961220;-0.106781006;-7.7480927;6.478607
a;82161551102822;-0.049713135;-7.734558;6.554001
a;82161571244423;-0.0056152344;-7.6968994;6.539383
a;82161591386025;0.05227661;-7.6124268;6.535263
a;82161611527626;0.075653076;-7.655945;6.5394287
a;82161631669228;0.052703857;-7.610077;6.598648
a;82161651810830;0.09423828;-7.599411;6.560837
a;82161671952431;0.07937622;-7.6082916;6.5334167
a;82161692094033;0.054214478;-7.635849;6.3931885
a;82161712235634;0.066345215;-7.595703;6.342148
a;82161732377236;0.064315796;-7.5956573;6.4168396
a;82161752518837;0.12767029;-7.662491;6.453903
a;82161772660439;0.06790161;-7.6925507;6.37529
a;82161792802041;0.041137695;-7.658066;6.4772034
a;82161812943642;0.047531128;-7.7155;6.597336
a;82161833085244;0.07194519;-7.718094;6.5459137
a;82161853226845;0.060272217;-7.7225494;6.3967896
a;82161873368447;0.09211731;-7.7928314;6.372589
a;82161893510048;0.16642761;-7.85968;6.4188232
a;82161913651650;0.2210846;-7.9920197;6.3923645
a;82161933793251;0.18222046;-7.9513397;6.400772
a;82161953934853;0.14701843;-7.853119;6.295532
a;82161974076455;0.14331055;-7.681656;6.203537
a;82161994218056;0.15434265;-7.635544;6.160324
a;82162014359658;0.19171143;-7.679062;6.168503
a;82162034501259;0.3345337;-7.686569;6.345886
a;82162054642861;0.47431946;-7.542572;6.633148
a;82162074784462;0.587265;-7.58165;6.6584167
a;82162094926064;0.7041931;-7.699753;6.624695
a;82162115067666;0.8963318;-7.696884;6.4969482
a;82162135209267;0.9276123;-7.7341766;6.519699
a;82162155350869;0.9038391;-7.684372;6.662018
a;82162175492470;0.9246521;-7.528412;6.795578
a;82162195634072;0.9874115;-7.590637;6.842926
a;82162215775673;1.0707092;-7.640396;6.791977
a;82162235917275;1.1203308;-7.652893;6.6148376
a;82162256058876;1.1444702;-7.71756;6.69751
a;82162276200478;1.1373444;-7.5934143;6.67099
a;82162296342080;1.0756836;-7.5211334;6.5630646
a;82162316483681;0.96669006;-7.344635;6.564804
a;82162336625283;0.94636536;-7.2540436;6.5047607
a;82162356766884;0.957077;-7.260208;6.406555
a;82162376908486;1.0172272;-7.2926025;6.3592224
a;82162397050087;1.012085;-7.2847595;6.343582
a;82162417191689;1.0169678;-7.2441254;6.3371735
a;82162437333291;1.0621643;-7.217575;6.2823486
a;82162457474892;1.108078;-7.1479645;6.212433
a;82162477616494;1.167984;-7.208313;6.1183167
a;82162497758095;1.2680359;-7.304718;6.182541
a;82162517899697;1.4022522;-7.314331;6.2956085
a;82162538041298;1.491272;-7.383087;6.3464813
a;82162558182900;1.6218109;-7.555908;6.3573914
a;82162578324501;1.7587891;-7.6016083;6.2542877
a;82162598466103;1.8957825;-7.6072083;6.313919
a;82162618607705;2.1212158;-7.791443;6.430725
a;82162638749306;2.2687225;-7.840317;6.3777313
a;82162658890908;2.3279724;-7.8994293;6.3558655
a;82162679032509;2.3179169;-7.9193573;6.3526917
a;82162699174111;2.4355316;-7.80896;6.431717
a;82162719315712;2.4821014;-7.738922;6.2571716
a;82162739457314;2.5341034;-7.7921753;6.1024933
a;82162759598916;2.5688171;-7.6065063;6.1606903
a;82162779740517;2.5917969;-7.4778137;6.2474365
a;82162799882119;2.5596924;-7.4415894;6.143173
a;82162820023720;2.6434784;-7.450409;6.0390472
a;82162840165322;2.846695;-7.65007;6.0341187
a;82162860306923;2.983612;-7.610138;6.1875916
a;82162880448525;3.1343231;-7.5504303;6.214569
a;82162900590126;3.225891;-7.45932;6.107254
a;82162920731728;3.2674408;-7.379242;5.9890594
a;82162940873330;3.495926;-7.393051;6.0223694
a;82162961014931;3.7638855;-7.4624634;6.0034943
a;82162981156533;4.0389557;-7.4246674;6.09494
a;82163001298134;4.059372;-7.5073395;6.1708374
a;82163021439736;3.9598694;-7.4398193;6.2536163
a;82163041581337;4.0648804;-7.403534;6.054901
a;82163061722939;4.207138;-7.3871765;5.9309998
a;82163081864541;4.3911133;-7.4242706;6.0370483
a;82163102006142;4.4703217;-7.3552856;6.1002197
a;82163122147744;4.4387665;-7.2860107;6.0091095
a;82163142289345;4.424942;-7.135727;5.994629
a;82163162430947;4.413025;-7.106827;5.9841156
a;82163182572548;4.3666534;-7.0880737;6.0550385
a;82163202714150;4.30484;-6.962921;5.9429016
a;82163222855751;4.332016;-7.0166016;5.940445
a;82163242997353;4.4511414;-7.0182953;6.0479584
a;82163263138955;4.508255;-7.065674;6.0079346
a;82163283280556;4.467453;-7.0838165;5.862976
a;82163303422158;4.4428864;-6.9893646;5.827362
a;82163323563759;4.6092377;-7.0372925;5.849701
a;82163343705361;4.781784;-7.113434;5.9157257
a;82163363846962;4.8413086;-6.973587;5.8629456
a;82163383988564;4.7718353;-6.9218597;5.737915
a;82163404130166;4.7694244;-6.9377136;5.7848053
a;82163424271767;4.8278503;-6.9270325;5.846939
a;82163444413369;4.8377686;-6.85997;5.8670654
a;82163464554970;4.854431;-6.8274536;5.847687
a;82163484696572;4.7607117;-6.750351;5.9273376
a;82163504838173;4.695862;-6.7384033;5.8822174
a;82163524979775;4.598572;-6.6860046;5.810135
a;82163545121376;4.461273;-6.7616425;5.7514496
a;82163565262978;4.3364105;-6.772888;5.767807
a;82163585404580;4.369751;-6.7901306;5.8738403
a;82163605546181;4.333786;-6.816574;5.8606415
a;82163625687783;4.280365;-6.912384;5.832657
a;82163645829384;4.2577057;-6.9520874;5.8110504
a;82163665970986;4.287567;-7.0164185;5.7453003
a;82163686112587;4.299286;-6.998413;5.747864
a;82163706254189;4.251816;-6.984314;5.7450867
a;82163726395791;4.2532043;-6.954712;5.804001
a;82163746537392;4.242111;-6.97876;5.898361
a;82163766678994;4.2000427;-6.9756165;5.777252
a;82163786820595;4.113617;-6.99292;5.7274933
a;82163806962197;4.1619415;-6.9918823;5.871277
a;82163827103798;4.3162384;-7.044983;5.994858
a;82163847245400;4.337616;-6.979965;5.9209747
a;82163867387001;4.3206787;-6.908737;5.9920654
a;82163887528603;4.209091;-6.858551;5.9676666
a;82163907670205;4.0709534;-6.8293;5.907486
a;82163927811806;4.02005;-6.9391174;5.9419403
a;82163947953408;4.0723267;-7.050598;5.917511
a;82163968095009;4.120987;-7.149185;5.751343
a;82163988236611;4.255478;-7.2849274;5.7918854
a;82164008378212;4.402237;-7.268921;5.920227
a;82164028519814;4.4897156;-7.430435;5.8158417
a;82164048661416;4.4579926;-7.4009094;5.6672363
a;82164068803017;4.331726;-7.4822845;5.5406036
a;82164088944619;4.2187195;-7.4936066;5.366684
a;82164109086220;4.1439514;-7.5382233;5.3801727
a;82164129227822;4.1447754;-7.4578094;5.4028473
a;82164149369423;4.1673737;-7.466324;5.338135
a;82164169511025;4.1944275;-7.468521;5.3480988
a;82164189652626;4.1896973;-7.4212646;5.392761
a;82164209794228;4.121689;-7.440384;5.313507
a;82164229935830;4.0775146;-7.3925476;5.1717834
a;82164250077431;4.01799;-7.242386;5.2857513
a;82164270219033;4.0280457;-7.2811737;5.4224854
a;82164290360634;3.9780884;-7.3350525;5.3967285
a;82164310502236;4.069336;-7.282303;5.4382477
a;82164330643837;4.1437073;-7.372238;5.3799286
a;82164350785439;4.0970764;-7.509842;5.3210297
a;82164370927041;4.0380554;-7.415207;5.333435
a;82164391068642;3.992691;-7.431885;5.3345795
a;82164411210244;4.018799;-7.5062714;5.3353577
a;82164431351845;4.015793;-7.574646;5.2569427
a;82164451493447;4.0410156;-7.577759;5.262146
a;82164471635048;4.0971375;-7.650299;5.277954
a;82164491776650;4.0204773;-7.6042633;5.36821
a;82164511918251;3.974472;-7.642685;5.4030914
a;82164532059853;3.980545;-7.6033783;5.465851
a;82164552201455;4.078659;-7.6520233;5.4659424
a;82164572343056;4.160858;-7.653763;5.441162
a;82164592484658;4.085312;-7.6470337;5.493225
a;82164612626259;4.0932617;-7.5904083;5.442749
a;82164632767861;4.154785;-7.649338;5.331665
a;82164652909462;4.2001343;-7.699112;5.2884674
a;82164673051064;4.0224915;-7.7156067;5.2884827
a;82164693192666;3.958847;-7.629822;5.275482
a;82164713334267;3.999878;-7.6565094;5.179245
a;82164733475869;4.0188293;-7.6732483;5.1809998
a;82164753617470;4.014984;-7.6695404;5.3017426
a;82164773759072;4.0316315;-7.7586975;5.2920685
a;82164793900673;4.1685944;-7.7374268;5.352356
a;82164814042275;4.1844635;-7.705368;5.356598
a;82164834183876;4.1372986;-7.7397614;5.280319
a;82164854325478;3.9182892;-7.7616577;5.1849365
a;82164874467080;3.8796997;-7.780411;5.281204
a;82164894608681;3.998291;-7.7334137;5.360977
a;82164914750283;4.0259705;-7.721985;5.2903137
a;82164934891884;3.9539642;-7.77977;5.2828827
a;82164955033486;3.8062897;-7.823059;5.343506
a;82164975175087;3.7495117;-7.893738;5.2839355
a;82164995316689;3.7167969;-7.906952;5.185135
a;82165015458291;3.7151642;-7.9134827;5.226242
a;82165035599892;3.8287048;-7.815857;5.262848
a;82165055741494;4.0464935;-7.643463;5.275818
a;82165075883095;4.225067;-7.566025;5.2479553
a;82165096024697;4.1373444;-7.5898743;5.097885
a;82165116166298;3.9798126;-7.3908386;5.1797485
a;82165136307900;3.8667297;-7.266388;5.1553802
a;82165156449501;3.8313751;-7.369507;5.055893
a;82165176591103;3.7742462;-7.2791595;4.919754
a;82165196732705;3.7826843;-7.032364;4.940216
a;82165216874306;4.022629;-7.6235657;5.1914215
a;82165237015908;4.1813965;-7.5657043;5.2436523
a;82165257157509;4.2885437;-7.7001495;5.317566
a;82165277299111;4.231491;-7.768463;5.292206
a;82165297440712;4.066559;-7.794647;5.3211975
a;82165317582314;4.036728;-7.7718506;5.4828186
a;82165337723916;4.0168457;-7.7261963;5.4383698
a;82165357865517;4.04303;-7.7012787;5.375702
a;82165378007119;4.0658417;-7.5562897;5.2345123
a;82165398148720;4.133194;-7.4706116;5.3376617
a;82165418290322;4.3024597;-7.444275;5.451996
a;82165438431923;4.3861237;-7.4817505;5.5202637
a;82165458573525;4.189926;-7.244507;5.3250732
a;82165478715126;4.406372;-7.524475;5.483673
a;82165498856728;4.2881775;-7.452774;5.5411835
a;82165518998330;4.1806335;-7.4027405;5.3940277
a;82165539139931;4.212967;-7.5078583;5.3230286
a;82165559281533;4.1885986;-7.4513855;5.4607697
a;82165579423134;4.24881;-7.3829956;5.4239655
a;82165599564736;4.1941376;-7.3726196;5.4597015
a;82165619706337;4.1367188;-7.4710083;5.4388733
a;82165639847939;4.143265;-7.3950043;5.458618
a;82165659989541;4.2120514;-7.3333893;5.4471436
a;82165680131142;4.3186035;-7.431961;5.230789
a;82165700272744;4.285202;-7.3227997;5.287155
a;82165720414345;4.312256;-7.3627014;5.3588257
a;82165740555947;4.294098;-7.3093414;5.3382263
a;82165760697548;4.2911377;-7.428238;5.3020325
a;82165780839150;4.215042;-7.386032;5.164627
a;82165800980751;4.218445;-7.4807434;5.287979
a;82165821122353;4.2409363;-7.421158;5.2800446
a;82165841263955;4.2690735;-7.375702;5.3875885
a;82165861405556;4.276123;-7.3940735;5.346176
a;82165881547158;4.233856;-7.457245;5.3226013
a;82165901688759;4.113922;-7.389633;5.3793335
a;82165921830361;4.2184753;-7.493408;5.30513
a;82165941971962;4.2674713;-7.536804;5.378708
a;82165962113564;4.1514435;-7.475235;5.3291473
a;82165982255166;4.2445374;-7.556839;5.481064
a;82166002396767;4.188202;-7.517166;5.454071
a;82166022538369;4.3275757;-7.548813;5.420288
a;82166042679970;4.249222;-7.5709076;5.3954773
a;82166062821572;4.138504;-7.4927826;5.3582764
a;82166082963173;4.123398;-7.567459;5.3701477
a;82166103104775;4.177841;-7.528946;5.3235474
a;82166123246376;4.2891235;-7.5162964;5.301285
a;82166143387978;4.3028717;-7.550232;5.26976
a;82166163529580;4.2388763;-7.5310364;5.247574
a;82166183671181;4.2282867;-7.4767456;5.3263855
a;82166203812783;4.2755127;-7.4455414;5.269821
a;82166223954384;4.3044586;-7.411911;5.216873
a;82166244095986;4.339035;-7.477997;5.3030396
a;82166264237587;4.2767334;-7.434784;5.43721
a;82166284379189;4.3121185;-7.4384613;5.4205933
a;82166304520791;4.3610077;-7.3826447;5.304489
a;82166324662392;4.355591;-7.375412;5.351074
a;82166344803994;4.342087;-7.4386597;5.3301697
a;82166364945595;4.3230286;-7.353531;5.3111267
a;82166385087197;4.3168488;-7.3800964;5.31633
a;82166405228798;4.292145;-7.348755;5.3053284
a;82166425370400;4.458206;-7.545044;5.442093
a;82166445512001;4.2253876;-7.3807983;5.286789
a;82166465653603;4.2855377;-7.4534454;5.350754
a;82166485795205;4.3012238;-7.386566;5.3331146
a;82166505936806;4.286667;-7.3978577;5.341034
a;82166526078408;4.281555;-7.368973;5.3243713
a;82166546220009;4.3281403;-7.440918;5.37558
a;82166566361611;4.284729;-7.373581;5.370224
a;82166586503212;4.406433;-7.4529724;5.4273224
a;82166606644814;4.372223;-7.42276;5.369049
a;82166626786416;4.3335876;-7.415848;5.3233795
a;82166646928017;4.3658752;-7.4332886;5.325836
a;82166667069619;4.3228455;-7.452667;5.4729767
a;82166687211220;4.310257;-7.3854218;5.345642
a;82166707352822;4.3451843;-7.3876343;5.2992096
a;82166727494423;4.3262177;-7.315689;5.402237
a;82166747636025;4.3004456;-7.3593597;5.3957977
a;82166767777626;4.3392487;-7.4293976;5.3875732
a;82166787919228;4.334381;-7.4555817;5.332535
a;82166808060830;4.27536;-7.4071503;5.2507324
a;82166828202431;4.417145;-7.451767;5.4596252
a;82166848344033;4.4389496;-7.346924;5.397812
a;82166868485634;4.3462677;-7.3311615;5.3522644
a;82166888627236;4.4012756;-7.3491974;5.431549
a;82166908768837;4.397537;-7.325287;5.4776764
a;82166928910439;4.3318787;-7.368805;5.42572
a;82166949052041;4.344223;-7.2876587;5.3880005
a;82166969193642;4.3674316;-7.368881;5.246689
a;82166989335244;4.371002;-7.509491;5.223587
a;82167009476845;4.310791;-7.3485413;5.1376038
a;82167029618447;4.2858887;-7.25235;5.201706
a;82167049760048;4.3112335;-7.411682;5.238678
a;82167069901650;4.428528;-7.4249115;5.216675
a;82167090043251;4.370056;-7.408539;5.245529
a;82167110184853;4.401642;-7.3907623;5.312561
a;82167130326455;4.382721;-7.2860565;5.367584
a;82167150468056;4.4315796;-7.2093964;5.359131
a;82167170609658;4.3684235;-7.292511;5.4260254
a;82167190751259;4.4161835;-7.2976074;5.4650726
a;82167210892861;4.43515;-7.392746;5.4572754
a;82167231034462;4.424835;-7.354828;5.3714294
a;82167251176064;4.417328;-7.2520294;5.4039764
a;82167271317666;4.4040833;-7.217804;5.3877716
a;82167291459267;4.40242;-7.3171997;5.403595
a;82167311600869;4.4615173;-7.330246;5.388504
a;82167331742470;4.44783;-7.386841;5.4670715
a;82167351884072;4.425705;-7.330658;5.387848
a;82167372025673;4.467575;-7.365204;5.3426666
a;82167392167275;4.4620056;-7.389969;5.3944244
a;82167412308876;4.45401;-7.3277283;5.374008
a;82167432450478;4.4214783;-7.2156525;5.3682556
a;82167452592080;4.4017334;-7.2552032;5.37323
a;82167472733681;4.4138794;-7.298523;5.3422546
a;82167492875283;4.4561615;-7.401993;5.330612
a;82167513016884;4.4561462;-7.4234314;5.3449097
a;82167533158486;4.4200897;-7.295395;5.304718
a;82167553300087;4.4743805;-7.2790527;5.2800446
a;82167573441689;4.4903717;-7.33342;5.290909
a;82167593583291;4.4346924;-7.317978;5.2402954
a;82167613724892;4.4723663;-7.1918335;5.2715454
a;82167633866494;4.501526;-7.2890472;5.316971
a;82167654008095;4.49736;-7.338608;5.2590485
a;82167674149697;4.550812;-7.2591248;5.275116
a;82167694291298;4.475235;-7.307541;5.2121887
a;82167714432900;4.4786377;-7.3064575;5.227112
a;82167734574501;4.512924;-7.3002777;5.293396
a;82167754716103;4.4588776;-7.300522;5.386154
a;82167774857705;4.472946;-7.2382507;5.408554
a;82167794999306;4.4889374;-7.225296;5.3457794
a;82167815140908;4.535614;-7.3239136;5.255356
a;82167835282509;4.5502014;-7.222687;5.2966156
a;82167855424111;4.599182;-7.2073975;5.271164
a;82167875565712;4.535095;-7.251877;5.250168
a;82167895707314;4.478348;-7.2647247;5.3097534
a;82167915848916;4.492096;-7.2977448;5.3931885
a;82167935990517;4.5423584;-7.271286;5.3274536
a;82167956132119;4.617386;-7.373657;5.2487946
a;82167976273720;4.556488;-7.377014;5.282013
a;82167996415322;4.557541;-7.36145;5.3491974
a;82168016556923;4.641983;-7.396637;5.3525085
a;82168036710955;4.647583;-7.416382;5.2926483
a;82168056852556;4.594345;-7.314743;5.1390533
a;82168076994158;4.4710846;-7.2703094;5.2677
a;82168097135760;4.4421387;-7.340164;5.3581696
a;82168117277361;4.4552765;-7.391861;5.110153
a;82168137418963;4.420868;-7.4192657;4.9888
a;82168157560564;4.522644;-7.302063;5.287857
a;82168177702166;4.508316;-7.1461487;5.35614
a;82168197843767;4.482254;-7.074356;5.0749207
a;82168217985369;4.31723;-7.0773926;4.8683624
a;82168238126971;4.2641907;-7.0961914;4.966049
a;82168258268572;4.3092194;-7.3148193;4.9364624
a;82168278410174;4.488693;-7.5414276;4.896866
a;82168298551775;4.7327576;-7.4547424;5.040085
a;82168318693377;4.7851563;-7.308014;5.0865173
a;82168338834978;4.8123627;-7.2964783;5.1736755
a;82168358976580;4.953537;-7.350601;5.3780975
a;82168379118181;5.0341187;-7.567398;5.061142
a;82168399259783;5.146347;-7.64653;4.8913116
a;82168419401385;4.9978027;-7.860199;4.673874
a;82168439542986;5.03656;-7.982605;4.7742004
a;82168459684588;4.9967804;-7.742813;4.8676605
a;82168479826189;4.7593384;-7.578644;4.705124
a;82168499967791;4.696808;-7.6968994;4.635376
a;82168520109392;4.756836;-7.826889;4.776947
a;82168540250994;4.9575195;-7.889084;4.913849
a;82168560392596;4.911026;-7.776428;4.820648
a;82168580534197;4.770035;-7.78656;4.6842194
a;82168600675799;4.54303;-7.75473;4.5553284
a;82168620817400;4.4538574;-7.8199463;4.590683
a;82168640959002;4.3537903;-7.879547;4.6703796
a;82168661100603;4.37294;-7.878067;4.6443634
a;82168681242205;4.4726563;-7.8453064;4.507843
a;82168701383806;4.4863434;-7.816696;4.5601044
a;82168721525408;4.5296326;-7.8451385;4.6662292
a;82168741667010;4.5703735;-7.8320313;4.7183075
a;82168761808611;4.5832367;-7.8504944;4.697418
a;82168781950213;4.545532;-7.8562317;4.6279144
a;82168802091814;4.4060974;-7.796829;4.543564
a;82168822233416;4.275955;-7.8970947;4.5031433
a;82168842375017;4.429779;-7.9077454;4.6444244
a;82168862516619;4.4080353;-7.815979;4.569046
a;82168882658221;4.343399;-7.781906;4.4800873
a;82168902799822;4.329605;-7.826874;4.5568695
a;82168922941424;4.3779297;-7.8962708;4.6028137
a;82168943083025;4.4795074;-7.855896;4.614563
a;82168963224627;4.461853;-7.7445374;4.552307
a;82168983366228;4.3247375;-7.788925;4.5918427
a;82169003507830;4.332367;-8.022324;4.682129
a;82169023649431;4.4149323;-8.007202;4.7591553
a;82169043791033;4.4413605;-7.906128;4.750473
a;82169063932635;4.4606934;-7.861328;4.739609
a;82169084074236;4.4108124;-7.9548798;4.7023315
a;82169104215838;4.3548737;-7.956894;4.76474
a;82169124357439;4.335785;-7.837921;4.8267365
a;82169144499041;4.371933;-7.8387604;4.791641
a;82169164640642;4.445816;-7.8647003;4.791504
a;82169184782244;4.4655304;-7.890091;4.8180237
a;82169204923846;4.4036865;-7.926117;4.7972717
a;82169225065447;4.424759;-7.8614044;4.824875
a;82169245207049;4.466049;-7.7873383;4.822876
a;82169265348650;4.535248;-7.7106934;4.8348694
a;82169285490252;4.554352;-7.7203064;4.805588
a;82169305631853;4.6271515;-7.7492676;4.818039
a;82169325773455;4.6618347;-7.7449493;5.0144043
a;82169345915056;4.6370697;-7.6952057;5.0387115
a;82169366056658;4.587387;-7.783737;5.0480804
a;82169386198260;4.600235;-7.7346344;5.179428
a;82169406339861;4.558777;-7.723877;5.2365265
a;82169426481463;4.5345;-7.7615356;5.12941
a;82169446623064;4.35524;-7.6619873;5.1245575
a;82169466764666;4.2775116;-7.6267395;5.190872
a;82169486906267;4.3597107;-7.7685394;5.294281
a;82169507047869;4.3598633;-7.8307953;5.391098
a;82169527189471;4.242386;-7.5922546;5.177536
a;82169547331072;4.1779633;-7.689438;5.189316
a;82169567472674;4.086487;-7.765442;5.314392
a;82169587614275;3.876236;-7.8966064;5.538666
a;82169607755877;3.8258514;-7.882736;5.541519
a;82169627897478;3.7045135;-7.866379;5.314728
a;82169648039080;3.5087585;-7.8595886;5.1479645
a;82169668180681;3.342804;-7.8872986;5.3394775
a;82169688322283;3.3216705;-7.8247986;5.4528046
a;82169708463885;3.29628;-7.7688446;5.4664307
a;82169728605486;3.1311798;-7.6896973;5.293442
a;82169748747088;2.9018402;-7.7248077;5.1017303
a;82169768888689;2.8514557;-8.056595;5.2502594
a;82169789030291;2.983902;-8.060593;5.3446045
a;82169809171892;2.822281;-7.74498;5.2373505
a;82169829313494;2.9027863;-7.777527;5.2978516
a;82169849455096;2.7761993;-7.864746;5.312195
a;82169869596697;2.7766724;-7.960327;5.2760773
a;82169889738299;2.7339783;-8.050705;5.320526
a;82169909879900;2.749817;-8.03334;5.374817
a;82169930021502;2.7268066;-7.79895;5.398102
a;82169950163103;2.818222;-7.8575287;5.359131
a;82169970304705;2.8431396;-8.009659;5.3603973
a;82169990446306;2.6436615;-8.076996;5.383209
a;82170010587908;2.5607452;-8.046692;5.4467163
a;82170030729510;2.5134888;-7.9895477;5.4284515
a;82170050871111;2.5701447;-7.9224396;5.4263306
a;82170071012713;2.585785;-7.8424225;5.3484497
a;82170091154314;2.5899506;-7.9003906;5.344223
a;82170111295916;2.259903;-7.873657;5.3802032
a;82170131437517;2.1488342;-8.014069;5.3889923
a;82170151579119;2.145111;-7.9252167;5.3535156
a;82170171720721;2.2927856;-8.080612;5.4267426
a;82170191862322;2.2356873;-8.13298;5.483917
a;82170212003924;2.2668304;-8.1188965;5.5097504
a;82170232145525;2.156601;-8.11171;5.44841
a;82170252287127;2.1826935;-8.000595;5.471863
a;82170272428728;2.1582336;-8.013397;5.424301
a;82170292570330;2.2820282;-8.072968;5.311081
a;82170312711931;2.4376373;-8.210861;5.515091
a;82170332853533;2.5557709;-8.346268;5.5656586
a;82170352995135;2.5685425;-8.3467865;5.534073
a;82170373136736;2.521286;-8.222549;5.551544
a;82170393278338;2.485382;-8.213699;5.5393677
a;82170413419939;2.466217;-8.244003;5.5670013
a;82170433561541;2.568756;-8.326706;5.4187775
a;82170453703142;2.6516876;-8.393539;5.4493866
a;82170473844744;2.6080933;-8.313431;5.5527954
a;82170493986346;2.4583893;-8.202118;5.5351715
a;82170514127947;2.3316803;-8.199829;5.4283447
a;82170534269549;2.3411102;-8.241058;5.456604
a;82170554411150;2.3081512;-8.283646;5.428528
a;82170574552752;2.3007965;-8.257385;5.3897705
a;82170594694353;2.3637543;-8.137268;5.5203857
a;82170614835955;2.3107147;-8.031921;5.450531
a;82170634977556;2.2867584;-8.046646;5.4348755
a;82170655119158;2.321289;-8.157669;5.3996735
a;82170675260760;2.3632355;-8.180893;5.3815613
a;82170695402361;2.423645;-8.210388;5.4465027
a;82170715543963;2.460022;-8.192337;5.433777
a;82170735685564;2.5148926;-8.101868;5.4532166
a;82170755827166;2.4719849;-8.107864;5.3775177
a;82170775968767;2.5320435;-8.249008;5.349289
a;82170796110369;2.5293732;-8.2621155;5.4021454
a;82170816251971;2.5108185;-8.214325;5.3624573
a;82170836393572;2.4827118;-8.197479;5.419464
a;82170856535174;2.5698853;-8.305496;5.421112
a;82170876676775;2.6272278;-8.31308;5.317108
a;82170896818377;2.6605072;-8.36058;5.353821
a;82170916959978;2.6198273;-8.308044;5.4562073
a;82170937101580;2.5427551;-8.205902;5.3784027
a;82170957243181;2.505951;-8.248245;5.338669
a;82170977384783;2.5560913;-8.323608;5.3974304
a;82170997526385;2.5182953;-8.255127;5.336441
a;82171017667986;2.5256958;-8.234528;5.277664
a;82171037809588;2.6154175;-8.229126;5.3918
a;82171057951189;2.6308136;-8.269363;5.3278503
a;82171078092791;2.6613464;-8.315033;5.4080353
a;82171098234392;2.6387634;-8.27916;5.431732
a;82171118375994;2.637436;-8.258514;5.3699036
a;82171138517596;2.6973877;-8.278702;5.4027863
a;82171158659197;2.6535492;-8.189011;5.3760223
a;82171178800799;2.6140137;-8.209579;5.408905
a;82171198942400;2.6082458;-8.188995;5.3662567
a;82171219084002;2.6397858;-8.216995;5.339218
a;82171239225603;2.6903992;-8.239044;5.358383
a;82171259367205;2.629898;-8.241455;5.3660736
a;82171279508806;2.5933685;-8.18866;5.290039
a;82171299650408;2.5980225;-8.165207;5.319107
a;82171319792010;2.6365356;-8.182495;5.3740845
a;82171339933611;2.6154022;-8.226913;5.3376465
a;82171360075213;2.6130981;-8.217499;5.3265533
a;82171380216814;2.6322327;-8.251038;5.2475586
a;82171400358416;2.5954132;-8.197647;5.292679
a;82171420500017;2.6329803;-8.199661;5.258148
a;82171440641619;2.6464386;-8.222717;5.296982
a;82171460783221;2.6274872;-8.202408;5.298279
a;82171480924822;2.6431885;-8.218277;5.2904663
a;82171501066424;2.613205;-8.265198;5.3694305
a;82171521208025;2.550003;-8.247192;5.3552856
a;82171541349627;2.5535126;-8.17691;5.314911
a;82171561491228;2.5707397;-8.1493225;5.278885
a;82171581632830;2.5632477;-8.157394;5.3236847
a;82171601774431;2.5553284;-8.058243;5.329666
a;82171621916033;2.4980164;-8.011841;5.2685394
a;82171642057635;2.5757904;-7.980591;5.1949005
a;82171662199236;2.6088715;-8.071167;5.214081
a;82171682340838;2.731491;-8.109863;5.2579346
a;82171702482439;2.746231;-8.176697;5.2136993
a;82171722624041;2.7486877;-8.106583;5.3243866
a;82171742765642;2.6621704;-8.096832;5.2960815
a;82171762907244;2.6065674;-8.058411;5.189926
a;82171783048846;2.5569305;-8.097733;5.032669
a;82171803190447;2.5170288;-7.967346;4.9858246
a;82171823332049;2.5462189;-7.8932495;5.07164
a;82171843473650;2.5361023;-7.8743286;5.180832
a;82171863615252;2.3785858;-7.830414;5.2039185
a;82171883756853;2.2999268;-7.3279266;4.659149
a;82171903898455;2.6206665;-7.4296265;4.3673096
a;82171924040056;2.792694;-7.831726;4.7874146
a;82171944181658;2.8903198;-7.891754;4.781662
a;82171964323260;3.0869446;-8.000046;4.756363
a;82171984464861;2.9925232;-7.7302094;4.678482
a;82172004606463;3.1279602;-7.543915;4.231064
a;82172024748064;3.3278503;-7.658661;4.178253
a;82172044889666;3.547104;-7.8831787;4.3911743
a;82172065031267;3.6753845;-8.3989105;4.5632477
a;82172085172869;3.6933746;-7.8625183;3.5512085
a;82172105314471;4.3101044;-8.012329;3.3316345
a;82172125456072;4.6035614;-8.319702;3.9398804
a;82172145597674;4.813843;-8.428741;4.6313477
a;82172165739275;4.9782257;-8.310318;4.8619385
a;82172185880877;5.0960083;-7.861862;4.6685333
a;82172206022478;5.2988586;-7.3135986;3.9311981
a;82172226164080;5.528549;-7.3528137;3.6799316
a;82172246305681;5.9058533;-8.085861;3.9984589
a;82172266447283;6.1970825;-8.135742;4.4252777
a;82172286588885;6.5298767;-7.6785126;4.0329437
a;82172306730486;6.7545166;-7.80394;3.8263092
a;82172326872088;6.9374695;-8.013123;4.1765137
a;82172347013689;7.1316833;-8.020966;4.9522705
a;82172367155291;7.310669;-7.826645;5.353363
a;82172387296892;7.1669617;-7.3020935;5.268463
a;82172407438494;6.9154053;-7.114273;4.9430084
a;82172427580096;6.694351;-6.9309845;4.509308
a;82172447721697;6.845886;-6.7203827;4.286804
a;82172467863299;6.7437134;-6.2420654;4.289612
a;82172488004900;6.7187653;-6.192398;4.185028
a;82172508146502;6.868698;-6.637863;4.510803
a;82172528288103;6.883301;-6.406372;4.735489
a;82172548429705;6.720871;-5.781128;4.0924835
a;82172568571306;6.715454;-5.8284454;3.905365
a;82172588712908;6.704315;-6.253769;3.84552
a;82172608854510;6.821213;-6.484268;4.2423096
a;82172628996111;6.7552795;-6.1112976;4.516754
a;82172649137713;6.7089996;-5.3087463;4.658432
a;82172669279314;6.745163;-5.32045;4.937454
a;82172689420916;6.715332;-5.5075073;5.1817627
a;82172709562517;6.8304596;-5.5020294;4.995758
a;82172729704119;6.545883;-5.450897;4.6043396
a;82172749845721;6.609497;-4.9391785;4.707138
a;82172769987322;6.5646057;-4.8198547;4.864624
a;82172790128924;6.6373596;-4.5858917;5.183838
a;82172810270525;6.448868;-4.32576;5.0839386
a;82172830412127;6.5027313;-4.5144196;4.9261475
a;82172850553728;6.4747925;-4.569229;4.993454
a;82172870695330;6.1831055;-4.041641;4.82605
a;82172890836931;6.3070526;-3.7199554;4.767288
a;82172910978533;6.892456;-3.2053833;5.4635773
a;82172931120135;6.7879333;-3.469818;5.7629395
a;82172951261736;7.1811676;-2.4524536;5.927307
a;82172971403338;7.223007;-2.216568;5.8604736
a;82172991544939;7.158798;-1.8991394;5.694336
a;82173011686541;7.4013367;-1.6304474;5.524933
a;82173031828142;7.5565643;-1.7903595;5.658539
a;82173051969744;7.6186066;-0.9047241;5.646652
a;82173072111346;7.636551;-0.55914307;5.596115
a;82173092252947;8.194061;-0.32714844;6.2592163
a;82173112394549;8.446671;-0.022277832;6.4342346
a;82173132536150;8.37912;0.43920898;6.4617004
a;82173152677752;8.446411;0.50819397;6.5884857
a;82173172819353;8.495224;0.38180542;6.403656
a;82173192960955;8.180908;0.063705444;5.9956207
a;82173213102556;7.851166;-0.3010559;5.918686
a;82173233244158;7.8605194;-0.42939758;6.085495
a;82173253385760;7.9996033;-0.387146;6.287628
a;82173273527361;7.8952637;-0.42175293;6.0677795
a;82173293668963;7.7465363;-0.28857422;5.950424
a;82173313810564;7.848694;-0.5196991;5.8260956
a;82173333952166;7.931534;-0.36291504;6.1704407
a;82173354093767;8.1549225;-0.24519348;6.315338
a;82173374235369;8.253738;-0.021652222;6.1181183
a;82173394376971;8.319046;-0.02861023;5.9236145
a;82173414518572;8.801575;-0.1535492;6.5022583
a;82173434660174;9.23439;-0.21525574;7.1955414
a;82173454801775;9.614487;-0.5675812;7.308838
a;82173474943377;9.970688;-0.8430939;7.3050537
a;82173495084978;10.089584;-1.1026764;7.396866
a;82173515226580;9.428207;-1.745163;6.672714
a;82173535368181;8.735138;-2.595871;6.390045
a;82173555509783;7.9370575;-3.090393;7.219223
a;82173575651385;7.8584747;-2.8773193;8.268204
a;82173595792986;7.663574;-2.5782928;8.566406
a;82173615934588;6.7898407;-3.2217712;7.961838
a;82173636076189;5.718979;-4.7131653;6.985901
a;82173656217791;4.7649994;-5.1044617;6.792282
a;82173676359392;4.4112854;-5.0584717;7.659317
a;82173696500994;4.4529114;-4.396179;8.548553
a;82173716642596;4.4069824;-3.7847748;8.379425
a;82173736784197;3.7506256;-4.1309357;7.4755707
a;82173756925799;3.397873;-4.4712677;7.276993
a;82173777067400;3.5719452;-4.4143677;7.3029785
a;82173797209002;3.4457703;-4.8851624;7.1873627
a;82173817350603;3.1273804;-4.76947;7.3872223
a;82173837492205;2.7987518;-5.4482574;7.4567566
a;82173857633806;2.6579132;-5.637253;7.3679504
a;82173877775408;2.5505066;-5.1253815;7.281967
a;82173897917010;2.2497253;-4.9824066;7.560562
a;82173918058611;1.8122101;-4.452484;7.597763
a;82173938200213;1.6570282;-5.9478607;7.8479156
a;82173958341814;1.4829712;-6.4423523;7.6030273
a;82173978483416;0.9519043;-5.3688354;7.535034
a;82173998625017;0.94789124;-5.6438904;7.9061127
a;82174018766619;0.7970276;-6.303665;8.454117
a;82174038908221;0.12120056;-5.9966736;8.1324005
a;82174059049822;-0.6299896;-6.1179047;7.9055176
a;82174079191424;-0.7967529;-6.3430786;7.7380066
a;82174099333025;-0.7096863;-6.569641;7.740814
a;82174119474627;-0.89204407;-6.1548157;7.4853973
a;82174139616228;-1.3032532;-5.7632446;7.379898
a;82174159757830;-1.3804626;-6.0921173;7.7575836
a;82174179899431;-1.4771118;-5.9010773;7.427704
a;82174200041033;-1.7081757;-5.350708;6.632477
a;82174220182635;-1.519104;-5.5966034;6.907501
a;82174240324236;-1.33992;-5.729141;7.604889
a;82174260465838;-1.559967;-5.426529;7.657547
a;82174280607439;-1.9020844;-5.134201;7.1953583
a;82174300749041;-1.935379;-4.932266;7.0651245
a;82174320890642;-1.7703705;-5.034668;7.366394
a;82174341032244;-1.8787537;-4.8747864;7.564438
a;82174361173846;-2.1330109;-4.77124;7.6621857
a;82174381315447;-2.173996;-4.8344574;7.611191
a;82174401457049;-2.245224;-4.4383087;7.7424164
a;82174421598650;-2.223526;-4.135269;8.009491
a;82174441740252;-2.22641;-4.3779297;8.111847
a;82174461881853;-2.0884705;-4.5895844;8.43837
a;82174482023455;-2.152069;-4.700302;8.20314
a;82174502165056;-2.173645;-4.961075;8.436157
a;82174522306658;-2.267044;-4.8183594;8.405914
a;82174542448260;-2.318863;-4.524002;8.268494
a;82174562589861;-2.209961;-4.6807556;8.173981
a;82174582731463;-2.1936798;-4.861725;8.165024
a;82174602873064;-2.1305695;-4.78656;8.225189
a;82174623014666;-2.2539368;-4.9890137;8.278076
a;82174643156267;-2.375;-4.600403;8.344086
a;82174663297869;-2.252777;-4.8502045;8.310944
a;82174683439471;-2.334793;-4.848892;8.31987
a;82174703581072;-2.4325256;-4.8042755;8.108261
a;82174723722674;-2.5060577;-4.8060303;7.9776306
a;82174743864275;-2.4267426;-4.8280945;8.120285
a;82174764005877;-2.3304749;-5.0291595;8.063812
a;82174784147478;-2.3749695;-4.930908;8.155273
a;82174804289080;-2.1912231;-4.73761;9.056366
a;82174824430681;-2.1255188;-5.295868;9.438843
a;82174844572283;-2.3756714;-5.1246033;9.221039
a;82174864713885;-2.2725677;-4.7312164;8.983673
a;82174884855486;-2.0929108;-4.3327637;8.673462
a;82174904997088;-1.9369049;-4.426468;8.657394
a;82174925138689;-2.1002808;-4.7948914;8.5121765
a;82174945280291;-2.3367615;-5.0495605;8.1271515
a;82174965421892;-2.2963257;-4.7510223;8.167404
a;82174985563494;-2.2801056;-4.317734;8.323044
a;82175005705096;-2.296936;-4.2814636;8.170731
a;82175025846697;-2.2944946;-4.5322723;8.129547
a;82175045988299;-2.3801117;-4.654541;8.04187
a;82175066129900;-2.3123932;-4.756302;7.933182
a;82175086271502;-2.221527;-4.7097015;7.721176
a;82175106413103;-2.2415009;-4.140167;7.858078
a;82175126554705;-2.1588135;-4.072357;8.068436
a;82175146696306;-1.9035339;-4.2326202;8.245331
a;82175166837908;-1.9508362;-4.0239105;8.1076355
a;82175186979510;-1.8858185;-4.4829407;7.9862213
a;82175207121111;-1.8742371;-4.2127686;8.336807
a;82175227262713;-2.0392303;-3.9585266;8.576523
a;82175247404314;-1.9202118;-4.9867554;8.391861
a;82175267545916;-2.1633148;-5.5019836;7.8582306
a;82175287687517;-1.9187775;-5.313263;8.078964
a;82175307829119;-1.3969574;-5.688843;8.607361
a;82175327970721;-1.263382;-5.490814;8.69632
a;82175348112322;-1.0241089;-5.173828;8.814835
a;82175368253924;-0.6707611;-5.2825317;9.232849
a;82175388395525;-0.55545044;-4.992401;9.562271
a;82175408537127;-0.52563477;-4.857834;9.695663
a;82175428678728;-0.44918823;-4.486664;9.833618
a;82175448820330;-0.2800293;-3.9312897;9.791336
a;82175468961931;-0.12876892;-3.5549622;9.842346
a;82175489103533;0.023147583;-3.2391052;9.940063
a;82175509245135;0.12605286;-2.9550629;9.797867
a;82175529386736;0.30511475;-2.7216034;9.690399
a;82175549528338;0.3929596;-2.8739777;9.61409
a;82175569669939;0.46836853;-2.9577942;9.797165
a;82175589811541;0.5354614;-2.7767487;9.902115
a;82175609953142;0.4749298;-2.4894867;9.774078
a;82175630094744;0.40811157;-2.2436523;9.565323
a;82175650236346;0.4429474;-2.010086;9.59877
a;82175670377947;0.55885315;-2.223343;9.64772
a;82175690519549;0.50605774;-2.202896;9.660782
a;82175710661150;0.5585327;-2.1757202;9.635834
a;82175730802752;0.57432556;-2.109314;9.611023
a;82175750944353;0.5516205;-1.8442078;9.668533
a;82175771085955;0.52256775;-1.9082184;9.682678
a;82175791227556;0.4533081;-2.0641632;9.672791
a;82175811369158;0.39988708;-2.077362;9.593521
a;82175831510760;0.29710388;-2.0305939;9.4617
a;82175851652361;0.20822144;-2.1009827;9.470306
a;82175871793963;0.1845398;-2.198883;9.597427
a;82175891935564;0.11804199;-2.1904144;9.542679
a;82175912077166;0.0942688;-2.297409;9.573471
a;82175932218767;0.12434387;-2.3581848;9.653259
a;82175952360369;0.14277649;-2.446045;9.633621
a;82175972501971;0.09765625;-2.3314514;9.594315
a;82175992643572;0.074645996;-2.234665;9.7274475
a;82176012785174;0.08677673;-2.292099;9.783981
