a;13388812757213;0.097976685;0.6525879;9.157761
a;13388832898815;-0.0723114;0.43855286;8.973541
a;13388853040416;-0.16381836;0.51071167;8.922226
a;13388873182018;-0.11407471;0.34158325;9.277069
a;13388893323619;0.023513794;0.20419312;9.740234
a;13388913465221;0.5701752;0.044067383;10.106537
a;13388933606823;-0.025054932;0.49661255;9.990845
a;13388953748424;-0.11682129;1.3281708;9.667221
a;13388973890026;0.014587402;0.4280243;9.727158
a;13388994031627;0.15827942;0.5562897;9.674118
a;13389014173229;0.039505005;0.6099243;9.679932
a;13389034314830;0.12205505;0.6721344;9.659927
a;13389054456432;0.061462402;0.5193329;9.541031
a;13389074598033;-0.08509827;0.41007996;9.493683
a;13389094739635;-0.15794373;0.23745728;9.492966
a;13389114881237;-0.22921753;0.28993225;9.673233
a;13389135022838;-0.17845154;0.26605225;9.646362
a;13389155164440;-0.12893677;0.20622253;9.594208
a;13389175306041;-0.03466797;0.23068237;9.77739
a;13389195447643;0.12156677;0.2802124;9.921112
a;13389215589244;0.32377625;0.43196106;9.960999
a;13389235730846;0.55992126;0.33314514;10.136551
a;13389255872448;0.7000122;0.8253784;10.10936
a;13389276014049;0.93258667;0.8615875;10.114395
a;13389296155651;1.0068512;0.26513672;10.463486
a;13389316297252;1.0058746;0.067733765;10.639175
a;13389336438854;0.901062;-0.63442993;9.766312
a;13389356580455;0.70747375;-2.3209229;9.120834
a;13389376722057;-0.174469;-4.357666;8.347931
a;13389396863658;-0.53800964;-4.8919067;7.650467
a;13389417005260;-0.9717102;-5.3560486;7.1584625
a;13389437146862;-1.5309601;-6.015213;6.8101654
a;13389457288463;-1.7743835;-5.6649933;7.526245
a;13389477430065;-1.7040863;-5.4804535;7.990265
a;13389497571666;-2.041748;-5.3359985;7.455902
a;13389517713268;-2.1989746;-4.646698;7.442932
a;13389537854869;-1.8217163;-4.766144;8.030746
a;13389557996471;-1.8798828;-5.0182343;8.16095
a;13389578138073;-1.9203644;-5.150177;7.841095
a;13389598279674;-1.8355255;-5.3851776;7.9070435
a;13389618421276;-1.8356628;-5.472046;7.9969482
a;13389638562877;-1.7806549;-5.2571564;7.8099213
a;13389658704479;-1.5960236;-4.919388;7.904434
a;13389678846080;-1.3499451;-4.848007;7.9126587
a;13389698987682;-1.1160431;-4.9583893;8.231003
a;13389719129283;-0.78414917;-5.2795105;8.208115
a;13389739270885;-0.71043396;-5.220169;8.343292
a;13389759412487;-0.6306305;-5.316681;8.325333
a;13389779554088;-0.71824646;-4.938904;8.332764
a;13389799695690;-0.67778015;-5.1582184;8.214859
a;13389819837291;-0.55178833;-5.2756805;8.40181
a;13389839978893;-0.60006714;-5.5146484;8.093552
a;13389860120494;-0.6869049;-5.401306;8.257538
a;13389880262096;-0.72058105;-5.4735107;8.537811
a;13389900403698;-0.78533936;-5.334488;8.502365
a;13389920545299;-0.7680969;-5.381729;8.168762
a;13389940686901;-0.74819946;-5.349182;7.988434
a;13389960828502;-0.76205444;-5.1273346;8.18309
a;13389980970104;-0.7004242;-5.380005;8.354553
a;13390001111705;-0.78178406;-5.474823;8.146042
a;13390021253307;-0.83473206;-5.5168457;7.94458
a;13390041394908;-0.7870178;-5.462845;7.8581085
a;13390061536510;-0.9445648;-4.9565125;8.607941
a;13390081678112;-0.55636597;-5.552429;9.099594
a;13390101819713;-0.6317444;-5.747635;8.702148
a;13390121961315;-0.6576233;-4.5281067;9.072006
a;13390142102916;-0.4159851;-4.1688843;8.985657
a;13390162244518;-0.44758606;-3.8338165;8.1918335
a;13390182386119;-0.5089874;-2.0764313;9.452911
a;13390202527721;-0.14852905;-2.8480682;10.133865
a;13390222669323;-0.041549683;-3.987152;10.392349
a;13390242810924;-0.09291077;-4.488144;10.207321
a;13390262952526;-0.38381958;-5.028839;8.816498
a;13390283094127;-0.6159668;-5.1765747;7.8365326
a;13390303235729;-0.605484;-5.441452;7.215683
a;13390323377330;-0.72688293;-5.676468;6.8703003
a;13390343518932;-0.8713684;-5.7222137;6.4180603
a;13390363660533;-1.0193176;-5.704956;6.263382
a;13390383802135;-1.1674194;-5.6751404;6.0293884
a;13390403943737;-1.225357;-5.748413;5.752777
a;13390424085338;-1.15625;-5.891281;5.793518
a;13390444226940;-1.0473022;-6.288513;5.9369507
a;13390464368541;-0.97325134;-6.3674316;6.0968323
a;13390484510143;-0.8469238;-6.54039;6.2313538
a;13390504651744;-0.6931305;-6.691269;6.515259
a;13390524793346;-0.77770996;-6.447235;6.1602936
a;13390544934948;-0.84458923;-6.524399;5.6700287
a;13390565076549;-0.7345886;-6.89299;5.524231
a;13390585218151;-0.7038269;-7.0990906;5.6679993
a;13390605359752;-0.6813507;-7.1739197;5.9603577
a;13390625501354;-0.7416382;-7.376465;6.215027
a;13390645642955;-0.79933167;-7.420685;6.1600647
a;13390665784557;-0.94337463;-7.3862;6.1896667
a;13390685926158;-0.9601593;-7.417877;6.3529053
a;13390706067760;-0.93218994;-7.6231384;6.4509735
a;13390726209362;-1.1370392;-7.2719574;6.6063232
a;13390746350963;-1.0618439;-7.6054688;7.0451355
a;13390766492565;-0.8511658;-7.8930054;7.3510437
a;13390786634166;-0.9193115;-7.737732;7.483963
a;13390806775768;-0.9799957;-7.649231;7.319687
a;13390826917369;-1.0075531;-7.5594788;6.9040833
a;13390847058971;-0.78627014;-7.9864655;6.686142
a;13390867200573;-0.49386597;-8.176254;6.9530487
a;13390887342174;-0.16819763;-7.187134;7.2944336
a;13390907483776;-0.117889404;-6.8593597;6.881241
a;13390927625377;0.029830933;-6.6216125;6.171356
a;13390947766979;0.26548767;-7.794693;6.3139496
a;13390967908580;0.6543579;-7.9729767;7.727783
a;13390988050182;1.3993835;-8.1262665;8.805237
a;13391008191783;1.7506104;-7.5625;8.069687
a;13391028333385;1.9135895;-7.743622;7.3749847
a;13391048474987;2.5129242;-8.256897;8.045044
a;13391068616588;3.3969421;-8.457947;8.735489
a;13391088758190;3.949707;-8.412018;8.082275
a;13391108899791;3.806488;-8.34935;6.9868774
a;13391129041393;3.271881;-8.12709;6.3942566
a;13391149182994;2.9917755;-7.88089;6.151947
a;13391169324596;2.7301788;-7.257965;5.939438
a;13391189466198;2.2995758;-6.6013794;5.3770294
a;13391209607799;2.2180634;-6.5368958;5.411911
a;13391229749401;2.6389313;-7.377762;5.3256836
a;13391249891002;3.4285278;-8.690552;6.228821
a;13391270032604;3.3974457;-10.459549;7.6601563
a;13391290174205;4.0791626;-10.978699;11.751144
a;13391310315807;5.270691;-13.137329;14.485046
a;13391330457408;5.0567627;-16.293213;14.924271
a;13391350599010;4.66008;-19.865341;11.968384
a;13391370740612;4.1067505;-20.031967;7.365219
a;13391390882213;3.4631195;-18.057175;4.6296387
a;13391411023815;3.6904144;-10.20697;1.5112152
a;13391431165416;5.017395;-1.4528046;-5.3313904
a;13391451307018;10.4678955;9.974533;-12.459686
a;13391471448619;12.126526;12.650574;-15.3918
a;13391491590221;3.8344116;12.017288;-15.198471
a;13391511731823;0.084869385;11.65712;-13.075363
a;13391531873424;0.39749146;7.2380066;-7.312851
a;13391552015026;-0.15080261;-3.5102386;2.745453
a;13391572156627;-0.2606659;-17.41864;14.015366
a;13391592298229;3.704773;-20.031967;13.897308
a;13391612439830;2.15036;-20.031967;10.997604
a;13391632581432;-1.427536;-20.031967;11.231506
a;13391652723033;-2.1658173;-18.609299;7.787918
a;13391672864635;0.8628998;-5.4723053;0.3441162
a;13391693006237;5.4145355;10.697708;-8.510208
a;13391713147838;6.2540283;18.879196;-9.32399
a;13391733289440;0.7979126;18.967438;-10.87709
a;13391753431041;1.5229187;17.311417;-8.0997925
a;13391773572643;3.0086212;10.202362;-4.2098694
a;13391793714244;4.1967926;-2.2675476;1.5698242
a;13391813855846;5.7355347;-16.755585;7.754074
a;13391833997448;9.22171;-20.031967;9.25029
a;13391854139049;5.4789886;-20.031967;7.314789
a;13391874280651;-0.26454163;-20.031967;9.937561
a;13391894422252;-2.8024292;-17.21399;7.2143097
a;13391914563854;0.17617798;-6.1514435;1.6395721
a;13391934705455;4.8358917;7.8998566;-6.2276
a;13391954847057;4.6906433;17.849411;-9.189377
a;13391974988658;1.5179291;18.967438;-10.273621
a;13391995130260;1.8688354;17.0009;-7.880295
a;13392015271862;3.3282928;10.3246765;-3.6016998
a;13392035413463;4.6921997;-1.7394409;2.6841736
a;13392055555065;5.704239;-16.883728;9.108612
a;13392075696666;8.8207245;-20.031967;9.988892
a;13392095838268;5.8698273;-20.031967;7.2619324
a;13392115979869;0.24943542;-20.031967;10.063812
a;13392136121471;-2.788025;-17.8423;7.807556
a;13392156263073;-0.40974426;-6.213501;2.8775024
a;13392176404674;4.176895;4.9025726;-3.0986938
a;13392196546276;6.57283;15.170181;-7.327408
a;13392216687877;5.1000214;18.20459;-9.26889
a;13392236829479;3.7936249;15.475876;-8.499908
a;13392256971080;3.8621063;10.45047;-5.55249
a;13392277112682;4.115036;4.597473;-2.0727844
a;13392297254283;5.062042;-4.995117;2.6191711
a;13392317395885;6.674774;-17.411316;7.9892426
a;13392337537487;10.30986;-20.031967;8.984879
a;13392357679088;7.4046783;-20.031967;7.6037903
a;13392377820690;1.6768646;-20.031967;10.80867
a;13392397962291;-2.0648804;-19.568634;8.863174
a;13392418103893;-1.899292;-12.358444;5.0606995
a;13392438245494;1.5781403;-3.8471222;0.41952515
a;13392458387096;4.360138;4.8671265;-3.546402
a;13392478528698;5.002487;9.607559;-5.066437
a;13392498670299;2.1478271;10.584915;-5.5211487
a;13392518811901;1.2740936;8.357254;-5.4804535
a;13392538953502;2.1789703;5.5112305;-4.028717
a;13392559095104;2.6985016;1.3886261;-1.6570435
a;13392579236705;3.7003174;-3.6834412;0.2715149
a;13392599378307;5.1592865;-8.528168;1.8262329
a;13392619519908;5.9701385;-14.02301;2.261734
a;13392639661510;5.8468933;-17.962662;2.8984375
a;13392659803112;4.7326813;-18.33548;3.58609
a;13392679944713;3.8981476;-16.572433;3.2235718
a;13392700086315;3.5917358;-14.722488;3.239914
a;13392720227916;3.4888763;-13.148529;3.3475037
a;13392740369518;3.2741241;-12.433899;2.8858185
a;13392760511119;3.0787964;-11.940063;2.251648
a;13392780652721;2.8196716;-10.641434;2.2606964
a;13392800794323;2.7698212;-7.8377686;2.874817
a;13392820935924;3.291565;-6.767044;3.3132172
a;13392841077526;4.15506;-7.383438;2.793869
a;13392861219127;4.7505035;-7.12294;2.2005157
a;13392881360729;5.272766;-7.6151276;1.9348145
a;13392901502330;5.627899;-8.122238;1.7626953
a;13392921643932;5.671829;-7.6310425;1.8901367
a;13392941785533;5.8654175;-7.3058167;1.8998871
a;13392961927135;5.968872;-7.0002594;1.8605652
a;13392982068737;6.2372284;-7.1340027;1.4053802
a;13393002210338;6.016754;-6.873413;1.1340332
a;13393022351940;6.2348022;-6.2226105;1.6161041
a;13393042493541;6.7740784;-6.62677;1.1059113
a;13393062635143;7.4708557;-6.7678223;1.4252167
a;13393082776744;8.025604;-7.1051483;1.4500732
a;13393102918346;8.298996;-6.9720306;1.1549683
a;13393123059948;8.220032;-6.0941772;0.68914795
a;13393143201549;8.562347;-6.215378;0.7078552
a;13393163343151;9.0355835;-6.844574;1.499588
a;13393183484752;9.36351;-6.7217255;1.8506622
a;13393203626354;9.276627;-5.9887238;0.98524475
a;13393223767955;8.976318;-5.5254517;0.89564514
a;13393243909557;9.314453;-6.3103485;1.1638336
a;13393264051158;9.638931;-6.463623;1.5202789
a;13393284192760;9.560059;-5.642685;1.199295
a;13393304334362;9.574554;-4.9457245;0.36863708
a;13393324475963;10.0130005;-5.4969635;1.7067871
a;13393344617565;10.40033;-6.399338;2.0130005
a;13393364759166;9.634399;-6.1156006;1.2376709
a;13393384900768;9.012543;-5.103409;1.4651642
a;13393405042369;9.352585;-4.9835205;2.0923767
a;13393425183971;10.32959;-5.751602;3.4094696
a;13393445325573;10.867966;-6.4390717;3.4856567
a;13393465467174;10.542892;-6.175766;2.4972382
a;13393485608776;10.504929;-5.9794617;2.0787506
a;13393505750377;10.81015;-6.342453;2.0140991
a;13393525891979;10.670914;-5.4700317;2.079605
a;13393546033580;10.871109;-5.5647583;1.8981934
a;13393566175182;10.91832;-6.7196503;2.2715912
a;13393586316783;10.711761;-6.9210052;2.1726074
a;13393606458385;10.124512;-6.1075287;1.8594971
a;13393626599987;9.6586;-5.554596;1.7777557
a;13393646741588;9.750595;-5.8771667;1.9414063
a;13393666883190;9.768967;-5.857254;1.987381
a;13393687024791;9.412216;-6.0611725;1.628952
a;13393707166393;8.94426;-6.391403;1.424118
a;13393727307994;8.706589;-6.4332123;1.6002655
a;13393747449596;8.63681;-5.9887238;1.7158356
a;13393767591198;8.500626;-6.2161255;1.2568512
a;13393787732799;8.1375885;-6.5314636;1.0049591
a;13393807874401;7.7395782;-6.6398315;1.1695251
a;13393828016002;7.5161133;-6.8524933;1.0023499
a;13393848157604;7.0953064;-6.9710083;0.9423828
a;13393868299205;6.6465454;-6.910019;0.9587555
a;13393888440807;6.170212;-6.533783;1.2858124
a;13393908582408;5.7575684;-6.4434967;1.4793854
a;13393928724010;5.431473;-7.0747375;1.0505371
a;13393948865612;5.1929474;-7.333023;1.1431427
a;13393969007213;4.868149;-6.8298492;1.4293976
a;13393989148815;4.7368164;-6.0213165;1.8712311
a;13394009290416;4.676422;-6.0102386;1.9791565
a;13394029432018;4.8506927;-6.3862305;2.3275757
a;13394049573619;5.0755005;-6.9348145;2.3264465
a;13394069715221;5.408066;-6.9475403;2.7731323
a;13394089856823;5.6468353;-6.5457916;2.7478943
a;13394109998424;5.733795;-6.6936493;2.711731
a;13394130140026;5.6966095;-6.632187;3.1617126
a;13394150281627;5.6944885;-6.9692383;3.0575867
a;13394170423229;5.6748505;-7.2989044;2.9358368
a;13394190564830;5.626404;-7.3340454;3.125122
a;13394210706432;5.587372;-7.0624695;3.266861
a;13394230848033;5.5434723;-6.7713013;3.2668
a;13394250989635;5.441147;-6.8388214;3.3897095
a;13394271131237;5.4231415;-6.815384;3.4142609
a;13394291272838;5.359024;-6.585251;3.2043457
a;13394311414440;5.320053;-6.520233;2.9403076
a;13394331556041;5.4319763;-6.4717712;2.6495514
a;13394351697643;5.5308685;-6.4568176;2.6929169
a;13394371839244;5.6598206;-6.3683777;3.106079
a;13394391980846;5.7168427;-6.271042;3.1027527
a;13394412122448;5.920334;-6.511963;3.1577606
a;13394432264049;6.0102997;-7.199051;3.0349731
a;13394452405651;5.732025;-7.60083;3.2771149
a;13394472547252;5.343033;-7.468399;3.133072
a;13394492688854;4.9797363;-7.3475037;2.910019
a;13394512830455;5.199692;-7.3634186;3.0134125
a;13394532972057;5.6988983;-7.210785;2.9497528
a;13394553113658;6.0075684;-7.497513;2.5344086
a;13394573255260;6.2172546;-7.6174164;2.5328827
a;13394593396862;6.2180634;-7.550064;2.5730743
a;13394613538463;6.1423035;-7.2970886;2.6521301
a;13394633680065;6.24617;-7.4466705;2.1760101
a;13394653821666;6.3075256;-7.5173645;1.724289
a;13394673963268;6.5674744;-7.789551;1.7082214
a;13394694104869;6.924423;-8.013107;1.8392334
a;13394714246471;6.892563;-8.063522;1.5300293
a;13394734388073;7.012909;-8.285019;1.5023193
a;13394754529674;6.9533997;-8.2105255;1.4382477
a;13394774671276;6.5903015;-8.059952;1.5373383
a;13394794812877;6.534012;-8.234116;1.829361
a;13394814954479;6.3541565;-7.963684;1.9101868
a;13394835096080;6.021515;-7.899658;1.6533661
a;13394855237682;6.067856;-8.062302;1.770401
a;13394875379283;6.1048126;-8.018204;1.7419128
a;13394895520885;5.878113;-7.667984;1.7289581
a;13394915662487;5.7896423;-7.541748;1.8394623
a;13394935804088;5.785431;-7.8259583;1.6327972
a;13394955945690;5.8190155;-8.268448;1.2351532
a;13394976087291;5.9460907;-8.557114;1.3005066
a;13394996228893;5.9031677;-8.268539;1.347702
a;13395016370494;5.86145;-7.9886627;1.4483032
a;13395036512096;6.0654144;-8.445709;1.3378143
a;13395056653698;6.0825653;-8.4952545;1.3396149
a;13395076795299;5.7930145;-8.276337;1.3792877
a;13395096936901;5.6473694;-7.9860077;1.6046448
a;13395117078502;5.317734;-7.371002;1.551651
a;13395137220104;5.4595947;-7.9207916;1.6183472
a;13395157361705;5.6331635;-8.201569;1.3787384
a;13395177503307;5.6293488;-8.013855;1.4792175
a;13395197644908;5.6764374;-7.951477;1.4778137
a;13395217786510;5.8140106;-7.951889;1.5823822
a;13395237928112;6.034561;-8.2221985;1.5457153
a;13395258069713;6.121689;-8.505676;1.4185333
a;13395278211315;6.064041;-8.40448;1.5053253
a;13395298352916;5.9046783;-8.293015;1.5395203
a;13395318494518;5.7466736;-8.29306;1.4283905
a;13395338636119;5.536957;-7.8386536;1.622345
a;13395358777721;5.5127563;-7.8642883;1.7850189
a;13395378919323;5.547821;-8.086136;1.5916901
a;13395399060924;5.63768;-8.101044;1.7199097
a;13395419202526;5.70726;-8.200745;1.7646027
a;13395439344127;5.56575;-8.394302;1.3662415
a;13395459485729;5.521652;-7.9787445;1.7784119
a;13395479627330;5.6609344;-8.189667;2.0028687
a;13395499768932;5.660843;-8.175827;1.8628998
a;13395519910533;5.6843567;-8.243118;1.7370758
a;13395540052135;5.7087708;-8.122726;1.7984772
a;13395560193737;5.6849213;-7.8488617;1.8381195
a;13395580335338;5.689331;-7.886841;1.8839569
a;13395600476940;5.7563324;-8.021988;1.9894409
a;13395620618541;5.6771545;-8.045578;1.7461853
a;13395640760143;5.614334;-8.142563;1.6446686
a;13395660901744;5.541168;-8.073486;1.7915802
a;13395681043346;5.5328064;-7.962799;1.9759064
a;13395701184948;5.4982758;-7.979294;1.7042847
a;13395721326549;5.4151917;-8.075989;1.5289001
a;13395741468151;5.4841766;-8.300919;1.5052185
a;13395761609752;5.574066;-8.069092;1.7685089
a;13395781751354;5.666336;-7.944336;1.9373474
a;13395801892955;5.751068;-8.1358185;1.7505493
a;13395822034557;5.763916;-8.364532;1.5956879
a;13395842176158;5.6175995;-8.175919;1.710495
a;13395862317760;5.591339;-8.297195;1.7510681
a;13395882459362;5.502594;-8.446518;1.7525482
a;13395902600963;5.4062195;-8.468231;1.6628113
a;13395922742565;5.3213806;-8.3923645;1.6564941
a;13395942884166;5.427292;-8.3046875;1.5611267
a;13395963025768;5.523636;-8.269684;1.6169128
a;13395983167369;5.6302795;-8.187714;1.8765717
a;13396003308971;5.7780457;-8.144745;1.8018036
a;13396023450573;5.751953;-8.112839;1.6943512
a;13396043592174;5.7481995;-8.411942;1.7841034
a;13396063733776;5.7209015;-8.415512;1.8864136
a;13396083875377;5.6669617;-8.455856;1.9785614
a;13396104016979;5.58374;-8.455414;1.9477844
a;13396124158580;5.4675903;-8.468704;1.8373413
a;13396144300182;5.382004;-8.432877;1.7379608
a;13396164441783;5.365692;-8.422714;1.6643372
a;13396184583385;5.395355;-8.540756;1.5437622
a;13396204724987;5.3217163;-8.366409;1.5527802
a;13396224866588;5.4086304;-8.227493;1.4356384
a;13396245008190;5.311905;-8.241394;1.4387665
a;13396265149791;5.3146515;-8.297363;1.3533478
a;13396285291393;5.394516;-8.354889;1.4893188
a;13396305432994;5.337616;-8.298553;1.4262085
a;13396325574596;5.2882233;-8.241928;1.5019684
a;13396345716198;5.3190613;-8.392792;1.6678467
a;13396365857799;5.3517;-8.460358;1.7917023
a;13396385999401;5.316086;-8.339645;1.8400116
a;13396406141002;5.278702;-8.593018;1.6590118
a;13396426282604;5.3378143;-8.727554;1.6190643
a;13396446424205;5.3259583;-8.629196;1.6811981
a;13396466565807;5.3039703;-8.621124;1.678894
a;13396486707408;5.2285614;-8.338882;1.5877228
a;13396506849010;5.081421;-8.181061;1.5787964
a;13396526990612;5.2283173;-8.55954;1.6044312
a;13396547132213;5.197098;-8.665802;1.6667328
a;13396567273815;5.2434387;-8.474228;1.7533264
a;13396587415416;5.2157745;-8.244736;1.7911377
a;13396607557018;5.1755066;-8.369965;1.5556183
a;13396627698619;5.2927094;-8.491013;1.7424622
a;13396647840221;5.2899933;-8.534622;1.7734833
a;13396667981823;5.2209625;-8.471451;1.7476044
a;13396688123424;5.228714;-8.544998;1.6534119
a;13396708265026;5.1545563;-8.333038;1.5450745
a;13396728406627;5.1780243;-8.290619;1.6209412
a;13396748548229;5.234329;-8.522049;1.7035217
a;13396768689830;5.2621765;-8.629669;1.7272339
a;13396788831432;5.109329;-8.516083;1.5096436
a;13396808973033;5.147583;-8.452942;1.5206146
a;13396829114635;5.1820374;-8.402939;1.6078033
a;13396849256237;5.175522;-8.358002;1.6967468
a;13396869397838;5.1668854;-8.595459;1.6438599
a;13396889539440;5.1877594;-8.704483;1.7039337
a;13396909681041;5.176407;-8.63089;1.7432861
a;13396929822643;5.174103;-8.554199;1.7183533
a;13396949956496;5.1193085;-8.440002;1.610733
a;13396970098098;5.118271;-8.379822;1.5409241
a;13396990239700;5.193405;-8.4275055;1.5867615
a;13397010381301;5.239853;-8.553604;1.65271
a;13397030522903;5.243469;-8.505402;1.6054688
a;13397050664504;5.133148;-8.299927;1.4610901
a;13397070806106;5.1822815;-8.375366;1.5758362
a;13397090947707;5.228958;-8.510605;1.7654877
a;13397111089309;5.2220306;-8.58905;1.8152924
a;13397131230910;5.1737366;-8.678741;1.788971
a;13397151372512;5.1464233;-8.49231;1.6377716
a;13397171514114;5.1456146;-8.335861;1.4910431
a;13397191655715;5.204071;-8.537155;1.5628357
a;13397211797317;5.2270966;-8.601212;1.572525
a;13397231938918;5.1947937;-8.41539;1.5351715
a;13397252080520;5.2235107;-8.498932;1.548584
a;13397272222121;5.255539;-8.606049;1.5710449
a;13397292363723;5.174881;-8.433182;1.5857697
a;13397312505325;5.178604;-8.374603;1.7203522
a;13397332646926;5.2388306;-8.345215;1.8560181
a;13397352788528;5.2492523;-8.462357;1.8537445
a;13397372930129;5.212555;-8.552124;1.7542267
a;13397393071731;5.2341614;-8.70723;1.7708893
a;13397413213332;5.2301025;-8.788345;1.89328
a;13397433354934;5.1539;-8.664017;1.9508362
a;13397453496535;5.0382843;-8.520203;1.8347168
a;13397473638137;4.966263;-8.558563;1.5155334
a;13397493779739;4.9578247;-8.797272;1.3604584
a;13397513921340;4.9760895;-8.83342;1.3820801
a;13397534062942;4.8343964;-8.530991;1.3878784
a;13397554204543;4.84079;-8.472473;1.3830414
a;13397574346145;4.9265594;-8.424011;1.5352631
a;13397594487746;5.019409;-8.328552;1.7101746
a;13397614629348;5.0857697;-8.515137;1.671402
a;13397634770950;5.0522003;-8.418213;1.552536
a;13397654912551;5.1395416;-8.251099;1.5507965
a;13397675054153;5.216568;-8.1883545;1.7501526
a;13397695195754;5.3356476;-8.448975;1.9284515
a;13397715337356;5.2561035;-8.666901;1.8467712
a;13397730443557;5.1797943;-8.71373;1.712677
a;13397750585159;5.1238556;-8.755722;1.6986084
a;13397770726760;5.1397095;-8.708557;1.6810913
a;13397790868362;5.1735992;-8.6879425;1.8153229
a;13397811009963;5.1731873;-8.567368;1.8108368
a;13397831151565;5.1226196;-8.532944;1.58992
a;13397851293166;5.1649323;-8.451691;1.6603851
a;13397871434768;5.190796;-8.363632;1.7876129
a;13397891576369;5.2256317;-8.306564;1.8860626
a;13397911717971;5.218277;-8.370163;1.8610687
a;13397931859573;5.180191;-8.355606;1.748642
a;13397952001174;5.2052765;-8.343094;1.7445831
a;13397972142776;5.234497;-8.318024;1.9057312
a;13397992284377;5.2931366;-8.30098;1.857544
a;13398012425979;5.292038;-8.34996;1.662796
a;13398032567580;5.2831116;-8.449127;1.5359497
a;13398052709182;5.322006;-8.509857;1.6278229
a;13398072850784;5.3270416;-8.374176;1.8012085
a;13398092992385;5.33374;-8.352539;1.8275604
a;13398113133987;5.408371;-8.355331;1.9394531
a;13398133275588;5.4005737;-8.285782;2.050888
a;13398153417190;5.3830414;-8.247528;2.2119598
a;13398173558791;5.39299;-8.139709;2.1411285
a;13398193700393;5.444229;-7.9405518;2.26503
a;13398213841994;5.4914246;-7.9107666;2.3996887
a;13398233983596;5.470108;-7.8575287;2.3751373
a;13398254125198;5.4712677;-7.887451;2.3932953
a;13398274266799;5.567169;-7.979782;2.3479462
a;13398294408401;5.634445;-8.191238;2.2328644
a;13398314550002;5.642151;-8.169479;2.1473846
a;13398334691604;5.5257874;-8.113617;2.1226807
a;13398354833205;5.5939636;-8.178268;2.2795715
a;13398374974807;5.6667633;-8.40329;2.383133
a;13398395116409;5.60083;-8.406143;2.0678253
a;13398415258010;5.553177;-8.034592;2.049881
a;13398435399612;5.6427765;-7.7102814;2.2790527
a;13398455541213;5.81308;-7.7974243;2.4427185
a;13398475682815;5.806534;-7.6580048;2.4092407
a;13398495824416;5.812149;-7.563736;2.2004547
a;13398515966018;5.7217712;-7.4805603;2.2404633
a;13398536107619;5.4033966;-7.338394;1.9275208
a;13398556249221;5.181961;-7.3623047;1.9593048
a;13398576390823;5.0745544;-7.3845367;2.0652008
a;13398596532424;5.007416;-7.591263;1.6807861
a;13398616674026;4.8598633;-7.4856873;1.5842896
a;13398636815627;4.9525146;-7.4075165;1.6659851
a;13398656957229;4.8455505;-6.641617;1.9058838
a;13398677098830;5.252899;-6.7872925;1.7936707
a;13398697240432;5.4538574;-6.977722;1.5882874
a;13398717382034;5.806061;-6.9304047;1.6983337
a;13398737523635;6.0120087;-7.0163574;1.7760925
a;13398757665237;6.0509644;-6.8296967;1.9399414
a;13398777806838;6.0905914;-6.8218994;1.6214294
a;13398797948440;6.0447845;-6.9170074;1.7391052
a;13398818090041;6.342163;-6.8975677;1.5675354
a;13398838231643;6.453583;-6.8025055;1.9235382
a;13398858373244;6.3472137;-6.99086;2.1840057
a;13398878514846;6.1987457;-7.114273;1.6502533
a;13398898656448;6.253174;-7.0974884;1.2715454
a;13398918798049;6.485153;-6.5744476;1.616806
a;13398938939651;6.455658;-6.212326;1.7419739
a;13398959081252;6.56633;-6.4940033;1.6345978
a;13398979222854;6.934021;-6.57489;1.5440063
a;13398999364455;7.214813;-6.31514;1.4809265
a;13399019506057;7.665512;-6.7104645;2.1160583
a;13399039647659;7.996338;-6.591522;2.5456848
a;13399059789260;7.8695984;-6.5322266;2.3814392
a;13399079930862;7.776413;-6.0535736;2.1656952
a;13399100072463;8.349152;-6.1711273;2.3923035
a;13399120214065;8.70108;-6.301407;2.371704
a;13399140355666;8.532501;-6.0948944;2.2276459
a;13399160497268;8.538635;-5.722595;2.2124023
a;13399180638869;8.611465;-5.5797577;2.1262512
a;13399200780471;8.828217;-5.8056793;1.8742065
a;13399220922073;8.937408;-5.7851715;1.9296417
a;13399241063674;9.041168;-5.4623413;2.2430115
a;13399261205276;9.386856;-5.383545;2.3744965
a;13399281346877;9.466522;-5.505417;2.1125793
a;13399301488479;9.502548;-4.1555634;0.7541504
a;13399321630080;10.135269;-9.199722;3.6002197
a;13399341771682;9.100845;-6.318222;2.43013
a;13399361913284;8.845963;-5.5476227;2.4449463
a;13399382054885;8.541168;-5.5411835;2.389618
a;13399402196487;8.736191;-5.4752655;2.2025757
a;13399422338088;8.318695;-5.247055;1.8414307
a;13399442479690;8.031387;-5.05394;1.6105957
a;13399462621291;7.9867706;-4.7103424;1.7336578
a;13399482762893;8.061752;-5.1985626;2.2285461
a;13399502904494;8.003616;-4.917206;2.5154724
a;13399523046096;7.7989807;-4.3468475;2.1845398
a;13399543187698;7.9503784;-5.0542145;2.056076
a;13399563329299;8.09111;-4.9189453;2.230667
a;13399583470901;8.236053;-4.9693146;2.1474152
a;13399603612502;8.423904;-4.9283752;1.8929749
a;13399623754104;8.670853;-4.735367;1.5381012
a;13399643895705;8.780365;-4.3859253;1.5267944
a;13399664037307;9.306686;-4.7000732;2.127243
a;13399684178909;9.640518;-4.9559937;2.2365265
a;13399704320510;9.924408;-5.6471405;2.0139008
a;13399724462112;10.047897;-5.5666504;2.318283
a;13399744603713;9.915848;-5.2478027;2.1090088
a;13399764745315;9.828537;-5.0720367;1.954422
a;13399784886916;10.20549;-4.862137;2.2123566
a;13399805028518;10.177414;-4.751953;2.1124878
a;13399825170119;9.921875;-4.7521667;2.0746307
a;13399845311721;9.623505;-4.47348;1.7031403
a;13399865453323;9.607956;-4.3915253;1.6977386
a;13399885594924;9.925873;-4.6874847;1.6425934
a;13399905736526;10.093765;-5.0123444;1.5872498
a;13399925878127;10.230957;-4.9969788;2.0430145
a;13399946019729;10.588623;-4.739197;2.1177216
a;13399966161330;10.561951;-4.1506195;1.8353271
a;13399986302932;10.877823;-4.820816;1.8734741
a;13400006444534;10.989685;-6.0742493;2.4731903
a;13400026586135;11.074188;-5.9199066;2.124237
a;13400046727737;10.810165;-5.2884674;1.5284424
a;13400066869338;10.069809;-5.9576874;1.5459442
a;13400087010940;9.908997;-6.528702;2.2737732
a;13400107152541;9.426407;-6.584015;2.5567932
a;13400127294143;8.727661;-6.4914856;2.8267975
a;13400147435744;8.143936;-6.0273438;2.4347687
a;13400167577346;7.440277;-6.657074;2.275116
a;13400187718948;6.9483643;-7.35289;2.842804
a;13400207860549;6.881241;-7.474533;3.4108734
a;13400228002151;6.819092;-6.838333;3.935501
a;13400248143752;6.226059;-6.9355164;3.6096954
a;13400268285354;5.321533;-7.3785553;3.243103
a;13400288426955;4.701004;-7.66951;3.247818
a;13400308568557;4.285446;-7.619446;3.6332245
a;13400328710159;4.035553;-7.1032257;3.7209625
a;13400348851760;3.7466583;-7.2838135;3.6156006
a;13400368993362;3.3699646;-7.6151276;3.3151245
a;13400389134963;3.179184;-7.5840454;3.732193
a;13400409276565;3.1382446;-7.5708923;4.0212555
a;13400429418166;2.9095917;-8.125229;3.9187317
a;13400449559768;2.5405884;-7.9828796;4.2248383
a;13400469701369;2.4254456;-7.702011;4.640854
a;13400489842971;1.9175873;-6.9175873;4.870468
a;13400509984573;1.3197632;-6.418289;4.7380676
a;13400530126174;1.0782623;-6.4016724;4.4597015
a;13400550267776;0.84114075;-6.0019226;4.8532257
a;13400570409377;0.7035675;-5.6574097;4.8361053
a;13400590550979;0.58236694;-5.697235;4.8434296
a;13400610692580;0.42945862;-5.771332;5.1618805
a;13400630834182;0.20817566;-6.0774384;5.384552
a;13400650975784;-0.264328;-6.1832733;5.608246
a;13400671117385;-0.41157532;-6.2322235;5.5328674
a;13400691258987;-0.63412476;-5.5050507;5.717911
a;13400711400588;-0.6503601;-4.688614;5.928421
a;13400731542190;-0.48432922;-5.769165;6.1071014
a;13400751683791;-0.5165558;-6.6980133;6.1763153
a;13400771825393;-0.38890076;-6.872116;6.077484
a;13400791966994;-0.67100525;-6.4120483;6.774948
a;13400812108596;-0.7474365;-6.468994;7.0807037
a;13400832250198;-0.713562;-7.151779;6.966385
a;13400852391799;-0.8160095;-7.424637;6.754196
a;13400872533401;-0.80407715;-7.2644806;6.752121
a;13400892675002;-0.8806305;-6.677109;6.6754456
a;13400912816604;-1.0186768;-6.3832703;6.865692
a;13400932958205;-0.9268036;-6.5990906;7.2347717
a;13400953099807;-0.9228058;-6.6916046;7.004364
a;13400973241409;-1.0068665;-6.888977;7.1614532
a;13400993383010;-1.0607758;-6.682663;7.559021
a;13401013524612;-1.1042786;-6.551544;7.6726837
a;13401033666213;-1.0962219;-6.451706;7.2831726
a;13401053807815;-1.1575165;-6.3151855;6.863556
a;13401073949416;-1.1039581;-6.6123505;7.0694275
a;13401094091018;-1.2013702;-6.531372;7.330139
a;13401114232619;-1.2194366;-6.6213226;7.415024
a;13401134374221;-1.2131958;-6.5201874;7.093643
a;13401154515823;-1.2829285;-6.417038;6.6550293
a;13401174657424;-1.1907349;-6.602005;6.80011
a;13401194799026;-1.2033844;-6.672928;7.0382233
a;13401214940627;-1.2297211;-6.5744934;7.090378
a;13401235082229;-1.283783;-6.334381;7.1308594
a;13401255223830;-1.1896362;-6.611206;6.91658
a;13401275365432;-1.1213379;-6.8579254;7.0214386
a;13401295507034;-1.050354;-6.6181793;7.338791
a;13401315648635;-1.0945892;-6.8585815;7.344467
a;13401335790237;-1.1077881;-6.621521;7.246994
a;13401355931838;-1.134613;-6.223221;7.1528015
a;13401376073440;-0.8726959;-6.4808807;8.059265
a;13401396215041;-0.8410187;-7.221176;8.12767
a;13401416356643;-1.4718933;-5.832779;8.334778
a;13401436498244;-1.2394257;-5.156906;8.072296
a;13401456639846;-1.2659149;-5.0872345;8.572144
a;13401476781448;-1.0417633;-6.035797;8.675034
a;13401496923049;-1.0805359;-6.2829895;8.417496
a;13401517064651;-1.2187042;-5.9540253;8.105774
a;13401537206252;-1.3070679;-5.55571;7.2966003
a;13401557347854;-1.4914246;-5.2183533;6.6730804
a;13401577489455;-1.519516;-5.0153656;6.6946716
a;13401597631057;-1.4827576;-5.2133026;6.6791077
a;13401617772659;-1.2751465;-5.9215546;6.8257294
a;13401637914260;-1.1568451;-6.4971924;6.941162
a;13401658055862;-1.1029053;-6.5860596;6.7787323
a;13401678197463;-1.1561432;-6.758209;6.645508
a;13401698339065;-1.1477509;-6.9448853;7.0340576
a;13401718480666;-0.96061707;-7.1565247;7.604416
a;13401738622268;-0.8924866;-6.8231506;7.9346313
a;13401758763869;-0.8261719;-6.7866516;7.9151154
a;13401778905471;-0.9654083;-6.532837;7.878113
a;13401799047073;-0.987381;-6.1288147;7.8826447
a;13401819188674;-0.77090454;-6.4292603;8.047485
a;13401839330276;-0.7042999;-6.534958;8.224258
a;13401859471877;-0.7835083;-5.858261;8.13382
a;13401879613479;-0.78427124;-4.889908;8.222473
a;13401899755080;-0.5309906;-4.689148;8.544006
a;13401919896682;-0.2440033;-4.8483124;9.233963
a;13401940038284;-0.0881958;-4.5115356;9.259674
a;13401960179885;-0.06500244;-4.056946;8.69017
a;13401980321487;-0.028137207;-3.4663544;8.423798
a;13402000463088;0.23988342;-3.7095642;9.387238
a;13402020604690;0.36842346;-3.8243866;9.592773
a;13402040746291;0.3662262;-3.420761;9.321411
a;13402060887893;0.22288513;-3.1248932;9.067566
a;13402081029494;0.3708954;-2.4872742;9.446884
a;13402101171096;0.53874207;-1.8602142;9.549881
a;13402121312698;0.533905;-1.6438446;9.6380005
a;13402141454299;0.6154938;-1.4151459;9.636993
a;13402161595901;0.63516235;-1.2159576;9.491577
a;13402181737502;0.6503601;-0.88005066;9.466888
a;13402201879104;0.6430664;-0.55467224;9.617279
a;13402222020705;0.614975;-0.3343811;9.661743
a;13402242162307;0.64463806;-0.5615692;9.435089
a;13402262303909;0.57762146;-0.7613373;9.3181305
a;13402282445510;0.39416504;-0.6974335;9.473694
a;13402302587112;0.37939453;-0.70010376;9.485397
a;13402322728713;0.24972534;-0.5584259;9.292709
a;13402342870315;0.18551636;-0.5260925;9.180069
a;13402363011916;0.16868591;-0.565094;9.331238
a;13402383153518;0.16616821;-0.6344147;9.620132
a;13402403295119;0.19210815;-0.5248413;9.510559
a;13402423436721;0.0675354;-0.32611084;9.18515
a;13402443578323;0.2951355;-0.10241699;9.207489
a;13402463719924;0.30511475;-0.4958191;9.158752
a;13402483861526;-0.02798462;-0.17114258;9.192627
