a;17874747508738;3.0856018;0.25724792;9.0881195
a;17874767650339;2.7405243;-0.47346497;8.582855
a;17874787791941;2.2749786;0.5909424;8.666489
a;17874807933542;2.545578;0.052505493;8.151016
a;17874828075144;2.5687103;-0.07984924;7.9143677
a;17874848216745;2.437851;0.5454254;8.780685
a;17874868358347;2.7808075;0.4550476;9.4913025
a;17874888499948;2.9469757;0.32028198;9.830338
a;17874908641550;2.8982239;0.5496521;9.746246
a;17874928783152;2.5939484;0.25543213;9.253067
a;17874948924753;2.8845062;0.09037781;9.210037
a;17874969066355;3.0634308;-0.24409485;9.281982
a;17874989207956;2.7413025;-0.20677185;9.0625
a;17875009349558;2.6920013;0.019515991;8.927231
a;17875029491159;2.7660065;0.02758789;8.979477
a;17875049632761;2.8593445;-0.28477478;8.934265
a;17875069774363;2.8199463;-0.287735;9.009689
a;17875089915964;2.8266907;-0.14451599;9.108429
a;17875110057566;2.8101044;-0.051452637;9.033798
a;17875130199167;2.7694092;-0.18966675;8.941376
a;17875150340769;2.8713226;-0.35369873;8.999817
a;17875170482370;2.8317566;-0.33680725;9.121368
a;17875190623972;2.684967;0.027938843;9.174225
a;17875210765573;2.745163;0.17201233;9.282074
a;17875230907175;2.9138641;-0.08779907;9.146439
a;17875251048777;2.874878;-0.28764343;9.041168
a;17875271190378;2.7768402;-0.19277954;8.973389
a;17875291331980;2.8463745;-0.114151;9.077209
a;17875311473581;2.825943;-0.05886841;9.032959
a;17875331615183;2.742752;-0.30133057;8.986267
a;17875351756784;2.7788696;-0.1759491;8.9348755
a;17875371898386;2.8311615;0.100982666;9.033157
a;17875392039988;2.7885742;0.055221558;9.088516
a;17875412181589;2.7116394;-0.08879089;8.940842
a;17875432323191;2.7154388;-0.1287384;8.877029
a;17875452464792;2.8034973;-0.18922424;8.871338
a;17875472606394;2.8509521;-0.10121155;8.907715
a;17875492747995;3.0401611;-0.15625;8.73259
a;17875512889597;3.0215302;-0.2071991;8.817642
a;17875533031198;2.978897;-0.14996338;8.883377
a;17875553172800;2.8864594;-0.19856262;8.780014
a;17875573314402;2.8304138;-0.45462036;8.654434
a;17875593456003;2.906845;-0.6821747;8.595459
a;17875613597605;2.8950806;-0.7828369;8.429443
a;17875633739206;2.8791351;-0.44918823;8.318695
a;17875653880808;2.9398804;-0.7753601;8.082306
a;17875674022409;2.719284;-1.6875305;7.6424255
a;17875694164011;2.6143951;-2.0073395;7.72171
a;17875714305613;2.5299072;-1.9872131;8.176422
a;17875734447214;2.5891266;-1.905426;8.652481
a;17875754588816;2.6403046;-2.763443;8.08905
a;17875774730417;2.3898773;-4.4785614;7.2360687
a;17875794872019;2.238266;-5.685196;7.142761
a;17875815013620;2.2330322;-5.669342;7.9043427
a;17875835155222;2.1707153;-5.7552032;8.053894
a;17875855296823;2.146164;-6.115738;7.727768
a;17875875438425;1.9352264;-6.170288;7.593048
a;17875895580027;1.686676;-5.9891663;7.6489716
a;17875915721628;1.4554443;-6.5868225;7.578079
a;17875935863230;1.4402313;-7.109497;7.320587
a;17875956004831;1.5945435;-7.1770325;7.144287
a;17875976146433;1.7141266;-7.139496;7.0039063
a;17875996288034;1.6069183;-7.3684998;6.571991
a;17876016429636;1.8431396;-7.6701202;6.4521637
a;17876036571238;2.2072449;-7.418747;6.579071
a;17876056712839;1.9649048;-7.251877;6.242401
a;17876076854441;1.6446381;-7.436966;6.1006165
a;17876096996042;2.0255127;-7.7993927;6.058899
a;17876117137644;2.0104523;-7.8311157;5.605728
a;17876137279245;1.8844757;-7.205536;5.005707
a;17876157420847;1.937149;-7.311493;4.550293
a;17876177562448;2.0200348;-7.0199585;3.6555786
a;17876197704050;1.7645721;-6.61084;2.8083496
a;17876217845652;1.9931793;-6.401474;2.4223633
a;17876237987253;2.6530457;-5.8276978;1.8152771
a;17876258128855;3.1665802;-6.4305267;1.0089264
a;17876278270456;3.4709473;-8.16153;0.27305603
a;17876298412058;3.5572205;-8.727615;-0.3196411
a;17876318553659;4.5666504;-9.472015;-0.7259674
a;17876338695261;5.592453;-9.695084;-1.0732422
a;17876358836863;5.482712;-9.774643;-1.005127
a;17876378978464;5.5143127;-10.112991;-1.1343842
a;17876399120066;5.5373383;-9.876114;-1.229538
a;17876419261667;5.8492584;-9.571777;-2.109436
a;17876439403269;6.838623;-8.997467;-2.77536
a;17876459544870;6.957138;-8.647537;-2.7620087
a;17876479686472;6.751114;-8.697403;-2.4347992
a;17876499828073;6.821808;-7.9818573;-2.563446
a;17876519969675;7.242447;-6.658615;-2.5798798
a;17876540111277;7.2390594;-5.7369995;-2.6126556
a;17876560252878;6.97139;-5.3239746;-2.3718414
a;17876580394480;6.8267517;-4.8141937;-1.9198456
a;17876600536081;6.685364;-4.3055725;-1.598999
a;17876620677683;6.743927;-3.8388824;-1.6889496
a;17876640819284;7.272293;-3.212738;-2.053299
a;17876660960886;8.107925;-2.5660095;-2.733139
a;17876681102488;10.028671;-3.6042633;-2.829956
a;17876701244089;13.5780945;-5.1626434;-3.6372833
a;17876721385691;15.525177;-5.191284;-4.5335083
a;17876741527292;15.630051;-4.927536;-5.1289063
a;17876761668894;15.059341;-5.417267;-5.0867157
a;17876781810495;13.299255;-6.4410553;-4.0586243
a;17876801952097;11.639114;-7.3453217;-2.8352966
a;17876822093698;10.338913;-6.9707947;-1.6748352
a;17876842235300;9.649963;-5.282028;-1.0258331
a;17876862376902;9.511414;-3.6897278;-0.59103394
a;17876882518503;9.601761;-3.278839;-0.4458313
a;17876902660105;9.539352;-3.6203918;-0.79460144
a;17876922801706;9.500961;-3.1547546;-1.2582245
a;17876942943308;9.440765;-2.654419;-1.4856873
a;17876963084909;9.3741;-2.7641602;-1.3332977
a;17876983226511;9.214554;-2.7092285;-1.2936096
a;17877003368113;8.96254;-2.4961548;-1.1956787
a;17877023509714;9.039444;-2.258133;-1.1279144
a;17877043651316;9.824707;-2.5018158;-1.218399
a;17877063792917;10.23233;-2.8408966;-1.161377
a;17877083934519;10.337204;-3.0565948;-1.0618744
a;17877104076120;10.921799;-3.2897491;-0.53741455
a;17877124217722;11.380707;-3.3444214;-0.75312805
a;17877144359323;11.399216;-4.195694;-0.76034546
a;17877164500925;11.317261;-4.9421844;-0.17303467
a;17877184642527;11.420166;-5.3150635;0.17767334
a;17877204784128;11.559036;-6.077408;0.06581116
a;17877224925730;11.653183;-7.6847687;-0.2999115
a;17877245067331;11.764633;-9.052277;-0.038208008
a;17877265208933;11.723785;-9.803864;0.7630615
a;17877285350534;12.180634;-10.612778;0.5556183
a;17877305492136;11.883041;-11.443909;0.065841675
a;17877325633738;11.541458;-13.851334;-0.39950562
a;17877345775339;10.699112;-15.953674;-0.46643066
a;17877365916941;9.992081;-17.026947;-0.65812683
a;17877386058542;9.212555;-17.10698;-1.5376587
a;17877406200144;8.319366;-16.832031;-2.4405823
a;17877426341745;7.891678;-14.75473;-2.5357666
a;17877446483347;6.652893;-11.225403;-1.479248
a;17877466624948;5.2049255;-7.6171875;-1.4631348
a;17877486766550;4.314743;-4.19014;-2.1331482
a;17877506908152;3.4429626;-1.141449;-2.4777374
a;17877527049753;2.4323425;3.396164;-1.1476135
a;17877547191355;1.3475037;8.74559;0.16491699
a;17877567332956;0.52072144;10.465012;-0.35343933
a;17877587474558;1.3461914;8.238052;-2.2985687
a;17877607616159;2.3142242;9.7221985;-3.087326
a;17877627757761;3.107376;9.230972;-3.0244293
a;17877647899363;4.1755524;7.2201843;-3.1401672
a;17877668040964;4.9543457;5.017914;-3.2155762
a;17877688182566;5.520218;1.6270599;-3.974472
a;17877708324167;6.7695923;-1.6032257;-5.502243
a;17877728465769;8.691513;-5.0701447;-7.257324
a;17877748607370;9.733688;-11.742767;-8.453995
a;17877768748972;9.867065;-19.215897;-8.07399
a;17877788890573;7.7249603;-20.031967;-8.775818
a;17877809032175;6.46875;-20.031967;-8.036926
a;17877829173777;4.99144;-20.031967;-5.2905426
a;17877849315378;3.5881348;-20.031967;-3.8708649
a;17877869456980;2.6042633;-20.031967;-3.1939545
a;17877889598581;1.8294678;-20.031967;-1.9324951
a;17877909740183;1.8794098;-20.031967;-1.8408508
a;17877929881784;2.7714539;-20.031967;-2.575058
a;17877950023386;4.116333;-19.076492;-3.3057861
a;17877970164988;5.263077;-15.768143;-3.973999
a;17877990306589;5.6537933;-12.500717;-4.197418
a;17878010448191;5.648407;-8.901703;-4.189926
a;17878030589792;5.38414;-5.8066254;-3.7745056
a;17878050731394;4.477249;-2.7349243;-3.3525543
a;17878070872995;3.2677155;-0.49380493;-2.8757782
a;17878091014597;1.9081268;1.0775299;-2.4934692
a;17878111156198;0.50587463;2.339264;-2.2366486
a;17878131297800;-0.20549011;3.524063;-1.4411316
a;17878151439402;-0.7898407;4.489746;-0.98760986
a;17878171581003;-1.0366364;4.3171844;-0.27041626
a;17878191722605;-0.89808655;3.6301117;-0.010299683
a;17878211864206;-0.5722351;3.2500916;-0.05154419
a;17878232005808;-0.02796936;2.2493439;-0.73020935
a;17878252147409;1.0772095;1.2148743;-1.4036407
a;17878272289011;2.7053223;0.17166138;-1.7233887
a;17878292430613;4.4235992;-1.7177887;-2.2064056
a;17878312572214;5.6926117;-4.5077057;-3.0579376
a;17878332713816;6.257492;-6.9018097;-5.505539
a;17878352855417;8.541092;-15.230362;-7.6928253
a;17878372997019;9.735901;-20.031967;-7.948059
a;17878393138620;8.556335;-20.031967;-9.317886
a;17878413280222;9.550568;-20.031967;-8.792633
a;17878433421823;8.080887;-20.031967;-7.348068
a;17878453563425;6.2855225;-20.031967;-5.3616943
a;17878473705027;4.2924805;-20.031967;-3.2089844
a;17878493846628;3.1098785;-20.031967;-2.8594818
a;17878513988230;3.6547089;-20.031967;-3.039322
a;17878534129831;4.8330994;-17.983078;-3.003357
a;17878554271433;4.808563;-13.665176;-2.976822
a;17878574413034;4.1493683;-8.937714;-3.1862946
a;17878594554636;3.7011719;-4.7469788;-3.5641174
a;17878614696238;3.2929535;-1.5276794;-3.5319366
a;17878634837839;2.6033478;1.123703;-2.734436
a;17878654979441;1.0865631;3.5144806;-2.3303223
a;17878675121042;0.010345459;4.6553497;-2.143753
a;17878695262644;0.15142822;5.413269;-1.7767029
a;17878715404245;0.37471008;6.828659;-1.9478607
a;17878735545847;0.23904419;8.637604;-2.1966553
a;17878755687448;1.291275;8.276596;-2.8249054
a;17878775829050;2.5822296;6.4042816;-3.1849518
a;17878795970652;3.3657837;4.5157166;-3.3065948
a;17878816112253;4.400116;0.7544861;-3.4115295
a;17878836253855;6.8769073;-6.4604645;-3.1559753
a;17878856395456;10.826477;-15.272186;-4.2251434
a;17878876537058;11.124893;-20.031967;-5.2647247
a;17878896678659;10.542999;-20.031967;-4.3398743
a;17878916820261;9.342728;-20.031967;-2.1157227
a;17878936961863;7.6230774;-20.031967;-0.79629517
a;17878957103464;7.009964;-20.031967;0.29292297
a;17878977245066;5.8725433;-19.347458;0.66542053
a;17878997386667;4.632782;-17.644257;1.1713257
a;17879017528269;3.8333588;-16.953354;0.9373779
a;17879037669870;3.3016205;-15.600113;0.4859619
a;17879057811472;3.5798187;-14.134735;0.4618988
a;17879077953073;3.4651184;-12.809998;0.45918274
a;17879098094675;3.3425598;-12.054504;-0.013442993
a;17879118236277;3.1043549;-11.836914;-0.29727173
a;17879138377878;2.9344635;-11.602768;-0.51768494
a;17879158519480;3.0376282;-11.396317;-0.57832336
a;17879178661081;3.242218;-11.108627;-0.66256714
a;17879198802683;3.1348114;-10.595306;-0.9611664
a;17879218944284;3.0382996;-10.210693;-1.2613678
a;17879239085886;3.2854767;-9.793152;-1.509201
a;17879259227488;3.4498138;-8.977249;-1.6572418
a;17879279369089;3.463974;-8.555634;-1.6405334
a;17879299510691;3.5450134;-8.246674;-1.4789734
a;17879319652292;3.4640045;-8.340469;-1.3168488
a;17879339793894;3.3467407;-8.590027;-1.2837219
a;17879359935495;3.3567963;-8.286606;-1.023407
a;17879380077097;3.495224;-7.9273987;-0.571579
a;17879400218698;3.8475647;-7.3360443;-0.123306274
a;17879420360300;4.2630615;-7.6664886;-0.005584717
a;17879440501902;4.681778;-7.7767334;0.017822266
a;17879460643503;4.3316193;-7.3158264;0.3522644
a;17879480785105;4.097229;-5.964142;0.8621216
a;17879500926706;4.0032196;-5.1246796;0.8611145
a;17879521068308;4.095154;-5.0308533;0.5620575
a;17879541209909;3.8948212;-4.7305603;0.18922424
a;17879561351511;3.9046326;-4.362793;0.25808716
a;17879581493113;3.496872;-3.8639526;1.0497589
a;17879601634714;2.6859283;-2.8687592;1.0242462
a;17879621776316;2.2528534;-2.29216;0.4408722
a;17879641917917;2.078308;-1.9335632;-0.018981934
a;17879662059519;2.2831726;-2.34404;0.8032532
a;17879682201120;2.844162;-3.3960114;1.5659485
a;17879702342722;3.1715393;-4.715042;2.567459
a;17879722484323;4.423935;-7.7071075;3.3612518
a;17879742625925;5.8512573;-10.879211;3.7097015
a;17879762767527;7.386078;-11.259293;2.9073486
a;17879782909128;8.826843;-10.371674;3.0934753
a;17879803050730;9.502319;-9.659912;4.315796
a;17879823192331;9.758942;-8.608246;5.2151337
a;17879843333933;10.437393;-7.922867;5.1315765
a;17879863475534;10.662827;-7.02446;4.3525696
a;17879883617136;10.038116;-6.1002197;4.6189575
a;17879903758738;9.904907;-4.8266296;4.9765015
a;17879923900339;9.835251;-3.8964996;4.4026184
a;17879944041941;10.084763;-3.4242249;4.009308
a;17879964183542;10.712112;-2.8742676;3.8709412
a;17879984325144;10.325775;-3.3125763;3.5018158
a;17880004466745;9.7361145;-3.5714722;2.7172546
a;17880024608347;9.555267;-3.7914581;2.1113586
a;17880044749948;10.659943;-4.497116;2.2178345
a;17880064891550;11.42482;-5.125763;2.628418
a;17880085033152;10.838516;-4.2404633;3.206955
a;17880105174753;10.385178;-3.2962646;3.1916504
a;17880125316355;10.232315;-3.287796;3.0012512
a;17880145457956;10.238266;-3.9027863;3.1399841
a;17880165599558;9.961716;-3.8624573;3.5103607
a;17880185741159;9.208267;-2.9190063;3.837555
a;17880205882761;8.682434;-3.42305;3.6759949
a;17880226024363;9.14267;-3.7953796;3.4761658
a;17880246165964;9.517929;-3.5318298;3.353836
a;17880266307566;9.551529;-3.550827;3.284668
a;17880286449167;9.224701;-3.7238922;3.3368835
a;17880306590769;9.071701;-3.5643158;3.2691498
a;17880326732370;8.901428;-3.1743011;3.452591
a;17880346873972;9.246674;-3.5519257;3.58107
a;17880367015573;9.080917;-3.8696136;3.4479523
a;17880387157175;8.917007;-3.6504974;3.454071
a;17880407298777;8.532654;-3.6743774;3.1583405
a;17880427440378;8.740219;-3.9029083;2.879654
a;17880447581980;9.207855;-3.9568176;2.9756775
a;17880467723581;10.0345;-4.10524;3.149582
a;17880487865183;10.003464;-4.001663;2.9577332
a;17880508006784;9.130402;-3.8054962;3.0585785
a;17880528148386;8.98085;-4.291687;3.0666656
a;17880548289988;8.735367;-4.247528;2.6956482
a;17880568431589;8.793076;-4.511154;2.8133087
a;17880588573191;8.700989;-4.794342;2.6452637
a;17880608714792;8.077225;-4.672516;3.2089844
a;17880628856394;7.6743317;-4.603958;3.6496124
a;17880648997995;7.6691437;-4.7816925;3.1543121
a;17880669139597;7.7827454;-4.711746;2.91391
a;17880689281198;8.117966;-4.62204;3.8012543
a;17880709422800;7.8758698;-4.469681;4.5144653
a;17880729564402;7.4421234;-4.3531647;4.4525604
a;17880749706003;7.3766327;-4.279007;4.6497345
a;17880769847605;7.125366;-4.292343;4.622238
a;17880789989206;6.785614;-4.2218475;4.215378
a;17880810130808;6.8175964;-4.543091;3.8282776
a;17880830272409;7.019409;-4.2674255;4.061432
a;17880850414011;6.693054;-3.9630585;4.622223
a;17880870555613;6.5438232;-3.969818;4.9014587
a;17880890697214;6.6125946;-4.0779877;4.574188
a;17880910838816;6.724655;-4.207199;4.214859
a;17880930980417;6.875473;-3.810913;4.5730286
a;17880951122019;7.052002;-3.7858582;4.8159637
a;17880971263620;6.917938;-3.7238922;4.7160645
a;17880991405222;6.8250427;-3.861374;4.483551
a;17881011546823;7.0497437;-3.8430786;4.9228973
a;17881031688425;7.2047424;-3.9687042;4.954071
a;17881051830027;7.232544;-3.953064;4.7547607
a;17881071971628;7.526367;-4.0920715;4.5762177
a;17881092113230;7.353195;-4.0197754;4.916931
a;17881112254831;7.210617;-3.9385223;5.285431
a;17881132396433;7.1314697;-3.8910522;5.3258057
a;17881152538034;7.3176727;-3.8801117;5.237503
a;17881172679636;7.452667;-3.8246002;5.325882
a;17881192821238;7.6520386;-3.9639435;5.4927216
a;17881212949811;7.6914215;-3.8830566;5.752472
a;17881233091413;7.5151825;-3.8609772;5.7479553
a;17881253233014;7.4049835;-3.8296204;5.5906982
a;17881273374616;7.301071;-3.7180176;5.362152
a;17881293516217;7.297409;-3.6567383;5.40361
a;17881313657819;7.2543488;-3.7780914;5.446472
a;17881333799420;7.175003;-3.7519226;5.3680725
a;17881353941022;7.173294;-3.6587677;5.413269
a;17881374082624;7.0800934;-3.5791779;5.4882355
a;17881394224225;7.005478;-3.548294;5.281433
a;17881414365827;7.056778;-3.6338348;5.2207336
a;17881434507428;7.188156;-3.6094666;5.2019653
a;17881454649030;7.326126;-3.7140198;5.14476
a;17881474790631;7.354004;-3.6278534;5.0157166
a;17881494932233;7.352066;-3.5769043;4.9583435
a;17881515073835;7.350174;-3.6793365;5.0068665
a;17881535215436;7.441574;-3.6569061;5.0688934
a;17881555357038;7.420639;-3.6845398;5.0069275
a;17881575498639;7.4868774;-3.6537018;4.890442
a;17881595640241;7.375656;-3.635376;4.7416687
a;17881615781842;7.5392;-3.8153229;5.0407104
a;17881635923444;7.718643;-3.8246155;5.141098
a;17881656065045;7.9989624;-3.8552856;5.1087494
a;17881676206647;8.604111;-3.845993;5.039734
a;17881696348249;9.058807;-3.6662903;4.7183075
a;17881716489850;8.69902;-4.0462036;3.9695587
a;17881736631452;8.007385;-4.8820496;3.6643524
a;17881756773053;7.461334;-5.0191956;4.4356995
a;17881776914655;7.667053;-5.1474915;4.975342
a;17881797056256;7.474594;-5.2799377;4.688614
a;17881817197858;7.0723877;-5.095581;4.9342957
a;17881837339460;6.5818787;-5.3618774;5.2668
a;17881857481061;6.197464;-5.786438;5.1784515
a;17881877622663;6.008133;-5.715744;5.049301
a;17881897764264;6.4772644;-5.482834;4.7242737
a;17881917905866;6.844986;-5.045471;4.037552
a;17881938047467;7.177475;-3.870407;3.290268
a;17881958189069;7.708664;-3.0009766;2.3654785
a;17881978330670;8.843109;-2.3448944;1.0218811
a;17881998472272;9.067535;-0.4542694;0.050247192
a;17882018613874;8.1115265;1.2516937;-0.074523926
a;17882038755475;7.14682;2.0751038;0.3017578
a;17882058897077;6.942276;1.8104553;0.24449158
a;17882079038678;7.3525085;1.1325531;-0.76268005
a;17882099180280;7.766693;0.40356445;-2.1342163
a;17882119321881;7.5888214;-0.978302;-3.7588196
a;17882139463483;8.386215;-3.0496979;-5.3035583
a;17882159605085;10.002197;-7.5468445;-4.957779
a;17882179746686;10.33606;-7.510742;-3.971405
a;17882199888288;12.103134;-7.343048;-3.5475159
a;17882220029889;13.607773;-7.624527;-4.051132
a;17882240171491;14.151154;-6.527405;-4.6623993
a;17882260313092;14.763443;-6.9746704;-5.3132477
a;17882280454694;14.820923;-7.3871155;-5.603531
a;17882300596295;14.094666;-6.854904;-5.776352
a;17882320737897;13.233307;-5.7455444;-5.7202454
a;17882340879499;12.416946;-4.6549377;-4.841736
a;17882361021100;11.971771;-4.0311584;-3.9029236
a;17882381162702;11.408432;-3.4123688;-3.9017944
a;17882401304303;10.855286;-3.516571;-3.4977264
a;17882421445905;10.411331;-3.0551453;-2.8339844
a;17882441587506;10.058731;-2.425476;-2.0046082
a;17882461729108;9.643234;-2.2900543;-1.4798431
a;17882481870710;9.385941;-2.7562866;-1.1993256
a;17882502012311;9.170029;-2.7926788;-0.54112244
a;17882522153913;9.228516;-2.3128967;-0.18197632
a;17882542295514;9.14653;-2.0011902;0.074035645
a;17882562437116;8.995956;-1.8131714;0.18907166
a;17882582578717;9.038681;-1.5095062;-0.19902039
a;17882602720319;8.993454;-1.1111908;-0.9526825
a;17882622861920;8.5522;-0.65948486;-2.118164
a;17882643003522;7.582184;-0.8880615;-2.95224
a;17882663145124;6.4651947;-1.7828674;-4.6492157
a;17882683286725;4.012985;-2.4638062;-11.78923
a;17882703428327;4.5032196;-6.2682953;-8.275482
a;17882723569928;8.1035;-6.96138;-9.871262
a;17882743711530;4.594925;-11.10704;-8.259827
a;17882763853131;6.779251;-12.62294;-7.147064
a;17882783994733;7.3018646;-10.016571;-5.822159
a;17882804136335;7.5644226;-8.554367;-4.3013
a;17882824277936;7.35878;-7.956787;-3.0439453
a;17882844419538;7.2716217;-7.4181366;-2.15625
a;17882864561139;7.735031;-6.707138;-1.7853851
a;17882884702741;8.075668;-5.240082;-2.1911163
a;17882904844342;8.615692;-4.262329;-2.6928864
a;17882924985944;8.675751;-4.2210693;-3.3971252
a;17882945127545;7.8982697;-4.846405;-4.132187
a;17882965269147;7.514145;-5.25296;-4.0451508
a;17882985410749;7.632614;-5.4497223;-3.5515594
a;17883005552350;7.664978;-5.4217377;-3.375183
a;17883025693952;7.57782;-5.385971;-3.0507355
a;17883045835553;7.6699677;-5.619644;-2.8894348
a;17883065977155;7.655121;-5.922943;-2.938675
a;17883086118756;7.7344513;-6.0790253;-3.1817017
a;17883106260358;7.6818695;-5.8857117;-3.322052
a;17883126401960;7.768585;-5.6786804;-3.490799
a;17883146543561;7.627487;-5.7308655;-3.5513153
a;17883166685163;7.4598846;-5.8640594;-3.5437622
a;17883186826764;7.2879486;-5.889496;-3.4695435
a;17883206968366;7.0294647;-5.6318054;-3.3880768
a;17883227109967;6.947632;-5.4227295;-3.2604218
a;17883247251569;6.918167;-5.3987427;-3.1632996
a;17883267393170;7.0847015;-5.4031067;-3.1688843
a;17883287534772;7.305191;-5.5770264;-3.1403198
a;17883307676374;7.5420837;-5.8941345;-3.2273102
a;17883327817975;7.687607;-6.052109;-3.3976593
a;17883347959577;7.7626953;-6.0975494;-3.4078674
a;17883368101178;7.7477875;-6.144394;-3.3527832
a;17883388242780;7.697571;-6.175064;-3.2774048
a;17883408384381;7.5623474;-6.0284424;-3.4199066
a;17883428525983;7.507736;-5.936325;-3.587082
a;17883448667585;7.5171204;-5.93486;-3.5823822
a;17883468809186;7.5237885;-5.9138336;-3.544159
a;17883488950788;7.79274;-5.9110107;-3.5023499
a;17883509092389;7.9873962;-5.9033813;-3.46904
a;17883529233991;8.155182;-5.83934;-3.5333557
a;17883549375592;8.303223;-5.686432;-3.5305023
a;17883569517194;8.388535;-5.6716614;-3.6734924
a;17883589658795;8.175766;-5.767166;-3.6208649
a;17883609800397;7.8920593;-5.898712;-3.4772186
a;17883629941999;7.6740417;-5.8230743;-3.2960358
a;17883650083600;7.453003;-5.739853;-3.1219788
a;17883670225202;7.249527;-5.5778656;-2.974533
a;17883690366803;7.1607513;-5.3698273;-2.965454
a;17883710508405;7.158554;-5.237442;-2.9573517
a;17883730650006;7.213745;-5.180252;-3.036911
a;17883750791608;7.3548584;-5.30748;-3.1698608
a;17883770933210;7.538849;-5.4448853;-3.207718
a;17883791074811;7.653244;-5.5635376;-3.2026215
a;17883811216413;7.598648;-5.635498;-3.2456512
a;17883831358014;7.4841766;-5.5773315;-3.4455109
a;17883851499616;7.430298;-5.6420135;-3.629364
a;17883871641217;7.434433;-5.627777;-3.696869
a;17883891782819;7.426773;-5.5829773;-3.6282196
a;17883911924420;7.4327545;-5.6138763;-3.5641174
a;17883932066022;7.4739075;-5.588257;-3.4283142
a;17883952207624;7.4614105;-5.573349;-3.4272308
a;17883972349225;7.4752502;-5.5697784;-3.4055176
a;17883992490827;7.473831;-5.5469055;-3.3641205
a;17884012632428;7.446167;-5.4768524;-3.3462067
a;17884032774030;7.4406433;-5.3908997;-3.3016968
a;17884052915631;7.4848175;-5.4076233;-3.2567596
a;17884073057233;7.489502;-5.455017;-3.2669525
a;17884093198835;7.4897766;-5.5547028;-3.2967987
a;17884113340436;7.514084;-5.667633;-3.379547
a;17884133482038;7.538101;-5.6755676;-3.3500671
a;17884153623639;7.5818787;-5.7548065;-3.3318481
a;17884173765241;7.56723;-5.701935;-3.3589325
a;17884193906842;7.6622314;-5.6356506;-3.3546906
a;17884214048444;7.7652283;-5.55455;-3.2880096
a;17884234190045;7.852936;-5.514633;-3.2314148
a;17884254331647;7.861191;-5.7326202;-3.2629395
a;17884274473249;7.7991943;-5.69812;-3.2760773
a;17884294614850;7.742462;-5.375885;-3.3309937
a;17884314756452;7.780548;-4.750351;-3.3980408
a;17884334898053;7.8230133;-3.9815369;-3.6129608
a;17884355039655;7.7044067;-2.5549164;-3.6841278
a;17884375181256;7.724182;0.08705139;-3.8425293
a;17884395322858;8.447433;2.391983;-3.5223236
a;17884415464460;9.387253;1.7315979;-3.5844574
a;17884435606061;9.661377;-0.744751;-5.162674
a;17884455747663;9.636154;-1.1878662;-5.845337
a;17884475889264;9.471024;-1.3091888;-5.552719
a;17884496030866;10.07489;-1.0157318;-4.8951874
a;17884516172467;8.491592;1.2990875;-3.7927856
a;17884536314069;9.759491;-2.03508;-6.2416534
a;17884556455670;10.309631;-2.1131592;-6.607605
a;17884576597272;9.61113;-1.8569946;-6.6645355
a;17884596738874;9.696884;-3.519333;-6.7907104
a;17884616880475;9.3736725;-2.1478882;-4.588562
a;17884637022077;9.117142;-0.31030273;-2.5732117
a;17884657163678;9.073227;-0.32424927;-1.7872925
a;17884677305280;9.535675;-0.41844177;-2.4176178
a;17884697446881;11.204132;-0.589386;-3.0475159
a;17884717588483;10.292709;-1.6874695;-3.7256317
a;17884737730085;10.48082;0.6160431;-1.5190277
a;17884757871686;11.408524;-1.0397034;-3.0213165
a;17884778013288;12.290604;-2.9937592;-3.2407532
a;17884798154889;12.3059845;-4.128708;-2.5921783
a;17884818296491;12.358215;-4.5538635;-1.6586151
a;17884838438092;12.891983;-5.775055;-0.901474
a;17884858579694;13.158081;-6.6042786;-0.37338257
a;17884878721295;13.540207;-7.4660797;0.07783508
a;17884898862897;13.459488;-8.95253;0.8273926
a;17884919004499;13.360611;-10.53653;1.465805
a;17884939146100;13.2912445;-10.549301;1.9713135
a;17884959287702;13.122894;-10.208298;1.8720856
a;17884979429303;12.643173;-11.225586;0.77638245
a;17884999570905;12.153503;-13.069077;-0.10102844
a;17885019712506;12.624924;-14.588043;-1.0211182
a;17885039854108;12.712875;-15.723511;-2.6440277
a;17885059995710;11.470688;-16.241776;-3.643158
a;17885080137311;10.586304;-14.566513;-3.4622803
a;17885100278913;9.891449;-12.350876;-3.709961
a;17885120420514;8.758789;-10.222641;-3.731018
a;17885140562116;7.5426025;-6.1093445;-3.1857452
a;17885160703717;6.0889435;-2.479782;-3.340866
a;17885180845319;5.29953;0.8312073;-3.7829742
a;17885200986920;5.0046234;6.531204;-3.3202362
a;17885221128522;5.9071655;13.397156;-4.1024323
a;17885241270124;5.7265778;15.567459;-2.188919
a;17885261411725;3.371231;17.466156;-1.1572266
a;17885281553327;3.3289032;17.208786;-1.6272583
a;17885301694928;3.6904602;13.043518;-2.549942
a;17885321836530;4.787277;9.070572;-3.4775696
a;17885341978131;5.7207947;5.514511;-4.0156403
a;17885362119733;7.853882;1.660141;-5.080719
a;17885382261335;10.88829;-3.748291;-9.197235
a;17885402402936;11.662888;-15.1562195;-12.135452
a;17885422544538;14.07312;-20.031967;-19.400162
a;17885442686139;12.097809;-20.031967;-20.213547
a;17885462827741;6.663742;-20.031967;-19.765244
a;17885482969342;3.8993683;-20.031967;-15.28508
a;17885503110944;1.7704773;-20.031967;-11.29393
a;17885523252545;1.5488892;-20.031967;-8.260315
a;17885543394147;3.5477142;-20.011002;-4.4202576
a;17885563535749;6.305542;-14.339432;-3.4872894
a;17885583677350;9.975662;-3.4124298;-5.292816
a;17885603818952;14.520767;12.150238;-9.599899
a;17885623960553;9.794434;18.967438;-4.9987183
a;17885644102155;1.5818481;18.967438;-1.656601
a;17885664243756;3.2244568;18.967438;-2.4513245
a;17885684385358;3.6580658;18.586502;-3.2395325
a;17885704526960;5.065384;13.960785;-4.6447144
a;17885724668561;5.931793;8.831223;-4.785431
a;17885744810163;7.394821;2.1950684;-5.447006
a;17885764951764;10.758591;-5.906372;-6.4116516
a;17885785093366;13.117203;-17.243622;-10.333954
a;17885805234967;11.544174;-20.031967;-10.29277
a;17885825376569;7.634201;-20.031967;-7.2424316
a;17885845518170;4.792572;-20.031967;-6.719528
a;17885865659772;1.8733673;-20.031967;-4.612198
a;17885885801374;-0.086502075;-20.031967;-1.9506683
a;17885905942975;-1.1607971;-20.031967;-3.2592926
a;17885926084577;-0.11946106;-20.031967;-4.478897
a;17885946226178;2.3011475;-17.246399;-4.445053
a;17885966367780;3.7133331;-11.702286;-4.444107
a;17885986509381;4.293991;-6.403961;-4.669998
a;17886006650983;4.836548;-1.54599;-4.883194
a;17886026792585;4.713135;2.6304626;-4.41774
a;17886046934186;3.0186157;5.075531;-3.3206482
a;17886067075788;1.0870361;5.6816254;-2.4634094
a;17886087217389;-0.10588074;5.070862;-1.542511
a;17886107358991;-0.7377167;3.6621246;-0.82907104
a;17886127500592;-1.1791992;2.7431793;-0.8023834
a;17886147642194;-1.0084839;2.2987976;-0.9184723
a;17886167783795;-0.84880066;2.627777;-1.1118774
a;17886187925397;-0.6195679;2.5223236;-1.0171661
a;17886208066999;0.22860718;1.9820862;-0.9717102
a;17886228208600;1.5655823;-0.22467041;-0.46406555
a;17886248350202;2.1478882;-2.8356018;-0.6450043
a;17886268491803;3.1386566;-5.8744507;-0.99842834
a;17886288633405;5.65477;-10.395142;-1.3836212
a;17886308775006;5.261917;-6.6866302;-2.5358734
a;17886328916608;7.2377167;-7.87323;-1.4555511
a;17886349058210;11.914429;-14.123169;-3.2853851
a;17886369199811;12.265854;-16.882935;-4.1825714
a;17886389341413;10.897293;-18.244888;-3.2052917
a;17886409483014;10.995621;-17.347519;-2.5746307
a;17886429624616;11.437607;-14.171265;-1.3312836
a;17886449766217;11.436569;-11.83934;-0.57876587
a;17886469907819;11.079468;-11.452866;-0.46618652
a;17886490049420;9.980545;-10.584625;-0.88578796
a;17886510191022;9.182266;-8.182785;-1.3371735
a;17886530332624;8.789368;-5.165909;-2.0239563
a;17886550474225;8.608627;-3.2601776;-2.2056122
a;17886570615827;9.038696;-3.1108398;-1.8937378
a;17886590757428;10.864487;-2.7388763;-1.2219238
a;17886610899030;14.485428;-4.719467;-0.32388306
a;17886631040631;13.0733185;-7.1528625;-1.7799072
a;17886651182233;12.271332;-9.351791;-1.8178406
a;17886671323835;11.726837;-7.96286;-1.2198639
a;17886691465436;10.659378;-7.0020905;-0.9864807
a;17886711607038;10.081802;-5.7830048;-1.6006775
a;17886731748639;10.422028;-3.5135345;-1.2822266
a;17886751890241;10.728775;-1.0041351;-0.77516174
a;17886772031842;10.770279;-0.12162781;-0.42294312
a;17886792173444;9.825409;-1.1282806;-0.5762634
a;17886812315045;9.371841;-1.7970734;-1.0200348
a;17886832456647;9.44696;-2.148941;-1.2133789
a;17886852598249;9.185471;-2.1659088;-1.3416748
a;17886872739850;9.157639;-2.1969757;-1.1891327
a;17886892881452;9.292908;-1.9846039;-0.9078827
a;17886913023053;9.646393;-1.8403778;-0.9184418
a;17886933164655;9.907776;-1.4286804;-0.99931335
a;17886953306256;10.0368805;-1.1604156;-1.1886597
a;17886973447858;9.924652;-1.0416718;-1.2954559
a;17886993589460;9.666443;-0.8117523;-1.3716431
a;17887013731061;9.423431;-0.85595703;-1.4046631
a;17887033872663;9.365814;-0.88949585;-1.3602142
a;17887054014264;9.350189;-0.9608002;-1.3112335
a;17887074155866;9.332077;-0.9358063;-1.1824493
a;17887094297467;9.364395;-0.9708252;-1.1935577
a;17887114439069;9.389587;-1.3084412;-1.2814178
a;17887134580670;9.442154;-1.3292389;-1.1873016
a;17887154722272;9.47023;-1.4361877;-1.0710907
a;17887174863874;9.576187;-1.5249786;-1.040451
a;17887195005475;9.701996;-1.541748;-1.0426788
a;17887215147077;9.747726;-1.5895386;-1.0069733
a;17887235288678;9.7105255;-1.6102295;-1.0650482
a;17887255430280;9.717377;-1.6447754;-1.0720215
a;17887275571881;9.710281;-1.6710815;-1.1308899
a;17887295713483;9.678833;-1.7101135;-1.09906
a;17887315855085;9.709976;-1.6677246;-1.2445068
a;17887335996686;9.7283325;-1.6529236;-1.3084412
a;17887356138288;9.686279;-1.6197968;-1.3593597
a;17887376279889;9.642288;-1.5870514;-1.2724152
a;17887396421491;9.64917;-1.578949;-1.2249908
a;17887416563092;9.69281;-1.5419312;-1.244339
a;17887436704694;9.693222;-1.4779968;-1.22052
a;17887456846295;9.650406;-1.4389801;-1.2081757
a;17887476987897;9.653046;-1.3995361;-1.1540222
a;17887497129499;9.714859;-1.3947144;-1.1418915
a;17887517271100;9.725876;-1.3804932;-1.0929565
a;17887537412702;9.711227;-1.4047089;-1.0705414
a;17887557554303;9.71521;-1.4188538;-1.091568
a;17887577695905;9.726929;-1.4798126;-1.1163483
a;17887597837506;9.694763;-1.5361633;-1.0761719
a;17887617979108;9.663406;-1.5837097;-1.1069336
a;17887638120710;9.651367;-1.6098022;-1.1230469
a;17887658262311;9.622284;-1.6512909;-1.1555939
a;17887678403913;9.5828705;-1.6909485;-1.1466522
a;17887698545514;9.586639;-1.6565857;-1.1231995
a;17887718687116;9.581024;-1.6292877;-1.1335144
a;17887738828717;9.550247;-1.5907745;-1.1022034
a;17887758970319;9.571762;-1.6100311;-1.0832825
a;17887779111920;9.528961;-1.5946503;-1.0588989
a;17887799253522;9.5252075;-1.5715485;-1.096695
a;17887819395124;9.570877;-1.5522003;-1.0947418
a;17887839536725;9.582504;-1.5135803;-1.1103821
a;17887859678327;9.532272;-1.4931641;-1.0920563
a;17887879819928;9.52124;-1.4449615;-1.0652771
a;17887899961530;9.566818;-1.445282;-1.1051025
a;17887920103131;9.591553;-1.4324799;-1.0483093
a;17887940244733;9.565308;-1.4021759;-1.0915527
a;17887960386335;9.579224;-1.3937225;-1.1223755
a;17887980527936;9.625;-1.4074707;-1.1315002
a;17888000669538;9.673096;-1.387146;-1.1304169
a;17888020811139;9.622726;-1.3652649;-1.089447
a;17888040952741;9.606964;-1.3516998;-1.0744629
a;17888061094342;9.596085;-1.3647156;-1.0088043
a;17888081235944;9.571289;-1.440567;-0.99264526
a;17888101377545;9.619095;-1.4480896;-0.9660492
a;17888121519147;9.705017;-1.4527435;-0.9320984
a;17888141660749;9.716721;-1.4252625;-0.9575043
a;17888161802350;9.781723;-1.5156555;-0.96299744
a;17888181943952;10.039825;-2.0154114;-0.58969116
a;17888202085553;10.274567;-2.1230621;-0.48428345
a;17888222227155;10.845245;-1.9469604;-1.0124664
a;17888242368756;11.270416;-2.735443;-0.71536255
a;17888262510358;11.988251;-4.1770477;0.6188965
a;17888282651960;12.374847;-4.315399;1.1181335
a;17888302793561;12.512695;-4.501938;1.00737
a;17888322935163;12.477921;-5.140869;2.633194
a;17888343076764;11.508484;-5.2193146;4.8224487
a;17888363218366;10.945877;-6.2817993;4.06546
a;17888383359967;10.005646;-7.8320923;2.6012726
a;17888403501569;8.63266;-8.511826;2.439148
a;17888423643170;6.8521576;-7.8809204;3.3976593
a;17888443784772;5.162674;-6.8280487;4.0658875
a;17888463926374;4.315384;-6.296982;3.1269073
a;17888484067975;3.438324;-6.3335266;1.8390656
a;17888504209577;2.499054;-5.582794;1.1775513
a;17888524351178;1.5159912;-4.6947784;0.75076294
a;17888544492780;1.3221588;-4.5114746;0.5804291
a;17888564634381;1.611618;-3.8499756;0.76509094
a;17888584775983;1.5930634;-2.9351654;1.5080872
a;17888604917585;2.084961;-3.6657562;1.8037262
a;17888625059186;3.2083435;-4.1074677;1.345459
a;17888645200788;3.9475098;-4.399704;0.6868439
a;17888665342389;5.0012054;-4.814911;0.50257874
a;17888685483991;6.049103;-5.157959;1.2070313
a;17888705625592;6.5983887;-5.014038;1.5042877
a;17888725767194;7.717209;-4.8117676;1.4651489
a;17888745908795;9.406433;-5.114212;0.56155396
a;17888766050397;10.760513;-4.7321777;0.27983093
a;17888786191999;11.886917;-4.438843;1.0804596
a;17888806333600;12.436432;-3.6287537;1.6660919
a;17888826475202;12.637833;-4.101303;1.128952
a;17888846616803;12.964401;-3.6773834;0.5402527
a;17888866758405;12.725006;-2.5935822;1.5204163
a;17888886900006;12.387329;-3.2596588;2.376587
a;17888907041608;11.999588;-3.7574768;3.2826233
a;17888927183210;10.622208;-3.1514893;4.11055
a;17888947324811;9.608185;-2.9207764;3.887146
a;17888967466413;9.4214325;-3.3532715;3.6859589
a;17888987608014;9.626846;-4.0452576;4.097168
a;17889007749616;9.75296;-4.228531;3.514801
a;17889027891217;10.057983;-3.3434448;4.6341553
a;17889048032819;9.322144;-4.45903;4.3852234
a;17889068174420;10.256439;-4.5806427;2.6673126
a;17889088316022;10.971191;-5.1291656;3.6184998
a;17889108457624;10.421448;-4.9432526;3.96698
a;17889128599225;9.74855;-4.853195;4.116791
a;17889148740827;9.467209;-5.9478607;4.6157837
a;17889168882428;8.980896;-6.5085754;4.5019226
a;17889189024030;8.468414;-7.0662537;4.2155
a;17889209165631;7.963089;-7.817337;3.8239594
a;17889229307233;7.1655273;-7.6914673;3.6940765
a;17889249448835;6.2658386;-8.001648;4.138153
a;17889269590436;5.657379;-8.84761;4.033325
a;17889289732038;4.8395233;-8.3007965;3.75029
a;17889309873639;4.3011475;-7.690094;3.2024841
a;17889330015241;3.7599182;-7.098465;3.10318
a;17889350156842;3.9812012;-7.1969147;3.6993713
a;17889370298444;3.3173218;-7.4029083;3.5932465
a;17889390440045;3.3706665;-7.0016174;3.2230072
a;17889410581647;3.7904968;-6.9135284;3.278595
a;17889430723249;4.1182556;-7.266205;3.0326996
a;17889450864850;4.3887787;-7.1668243;3.166092
a;17889471006452;4.7553406;-7.047943;3.6296844
a;17889491148053;5.0466614;-7.2909546;3.9887695
a;17889511289655;5.1997986;-7.6427917;3.7119446
a;17889531431256;5.3453674;-7.608124;3.1151276
a;17889551572858;5.3810883;-7.5993347;3.0197449
a;17889571714460;5.1831055;-8.19458;3.1737976
a;17889591856061;4.768112;-8.464584;3.8241272
a;17889611997663;4.3662567;-7.964279;3.899765
a;17889632139264;3.9964447;-7.9598083;3.447998
a;17889652280866;3.5850983;-8.247787;3.5168
a;17889672422467;3.314209;-8.087524;4.143158
a;17889692564069;3.1914215;-8.11348;3.956833
a;17889712705670;3.1009064;-8.233643;3.6476593
a;17889732847272;2.8700867;-8.039886;3.7563782
a;17889752988874;2.7263336;-7.9723663;3.830658
a;17889773130475;2.7074127;-8.030289;3.6581116
a;17889793272077;2.716095;-8.369202;3.6726227
a;17889813413678;2.735794;-8.425858;3.883316
a;17889833555280;2.7309265;-8.49704;3.860199
a;17889853696881;2.6827393;-8.578796;3.6926575
a;17889873838483;2.8443146;-8.704544;3.4345398
a;17889893980085;2.850708;-8.454712;3.3249664
a;17889914121686;2.9271698;-8.445618;3.3329468
a;17889934263288;2.8790283;-8.402267;3.3086395
a;17889954404889;2.7274017;-8.392059;3.25148
a;17889974546491;2.7289276;-8.548798;3.1691284
a;17889994688092;2.664627;-8.672852;3.1155548
a;17890014829694;2.6962738;-8.94574;3.4087372
a;17890034971295;2.765976;-9.121445;3.6015167
a;17890055112897;2.8199463;-9.063492;3.6765594
a;17890075254499;2.574524;-9.008148;3.631195
a;17890095396100;2.67424;-8.442276;3.3928223
a;17890115537702;2.8868866;-8.64473;3.496338
a;17890135679303;2.9417725;-8.308975;3.6162262
a;17890155820905;2.9757233;-8.634476;3.6716156
a;17890175962506;3.0168304;-8.737808;3.7613068
a;17890196104108;3.044876;-8.818481;3.8262787
a;17890216245710;3.1719055;-8.728195;3.7678223
a;17890236387311;3.3150635;-8.767471;3.8083496
a;17890256528913;3.1716003;-8.824066;3.806366
a;17890276670514;3.1707306;-8.9653015;3.901291
a;17890296812116;3.298233;-8.979187;3.9390717
a;17890316953717;3.396637;-8.760056;3.9807892
a;17890337095319;3.3781738;-8.726196;3.902176
a;17890357236920;3.4319;-8.667267;3.9429016
a;17890377378522;3.4911346;-8.562317;4.0401917
a;17890397520124;3.4996033;-8.848999;4.0213623
a;17890417661725;3.494995;-8.698486;4.003311
a;17890437803327;3.621292;-8.717499;3.9731445
a;17890457944928;3.6217957;-8.7604065;3.9562225
a;17890478086530;3.480545;-8.43219;3.9149323
a;17890498228131;3.5701904;-8.45079;3.91745
a;17890518369733;3.6926117;-8.465271;3.8635712
a;17890538511335;3.703659;-8.515915;3.741043
a;17890558652936;3.6428375;-8.596832;3.8425446
a;17890578794538;3.630127;-8.53624;3.984665
a;17890598936139;3.6210175;-8.51239;4.1381073
a;17890619077741;3.6125183;-8.515045;4.1999664
a;17890639219342;3.5771484;-8.562347;3.9887085
a;17890659360944;3.5213928;-8.438263;3.8208923
a;17890679502545;3.5673523;-8.447067;3.8151855
a;17890699644147;3.6278381;-8.557846;3.8018036
a;17890719785749;3.6343536;-8.488632;3.7491913
a;17890739927350;3.62706;-8.370819;3.7739716
a;17890760068952;3.737854;-8.557816;3.9885101
a;17890780210553;3.7261963;-8.507095;3.9958038
a;17890800352155;3.7117004;-8.545578;3.8883972
a;17890820493756;3.7151642;-8.696365;3.8310394
a;17890840635358;3.6729736;-8.6189575;3.8735352
a;17890860776960;3.6528473;-8.404907;3.8431854
a;17890880918561;3.6568146;-8.34491;3.8319702
a;17890901060163;3.6770782;-8.402771;3.949463
a;17890921201764;3.749298;-8.338287;3.9964447
a;17890941343366;3.7819824;-8.305634;3.9064026
a;17890961484967;3.711258;-8.261047;4.019333
a;17890981626569;3.650238;-8.395798;4.203064
a;17891001768170;3.6664276;-8.42363;4.0710754
a;17891021909772;3.6597748;-8.468079;3.939865
a;17891042051374;3.6317291;-8.463715;3.9642181
a;17891062192975;3.6226807;-8.308517;3.8537598
a;17891082334577;3.7513275;-8.5103;3.8291779
a;17891102476178;3.7534332;-8.492798;3.9885254
a;17891122617780;3.6939392;-8.3354645;4.112091
a;17891142759381;3.6589355;-8.155228;4.1593323
a;17891162900983;3.7019653;-8.228348;4.206711
a;17891183042585;3.682953;-8.413452;4.105774
a;17891203209563;3.6766815;-8.45993;4.044464
a;17891223351165;3.6716766;-8.455185;4.0321045
a;17891243492766;3.6541748;-8.4748535;4.1174774
a;17891263634368;3.6585236;-8.388504;4.1899414
a;17891283775969;3.7123108;-8.387405;4.121811
a;17891303917571;3.7484589;-8.37384;3.9689636
a;17891324059172;3.6957245;-8.398315;3.930954
a;17891344200774;3.7257996;-8.331833;3.9766235
a;17891364342376;3.710266;-8.361435;4.035187
a;17891384483977;3.6268005;-8.455536;4.102829
a;17891404625579;3.572281;-8.332733;4.106079
a;17891424767180;3.5761871;-8.098633;4.0403748
a;17891444908782;3.7037506;-8.355774;4.01001
a;17891465050383;3.7107239;-8.495148;4.0728607
a;17891485191985;3.6438599;-8.386734;4.2094116
a;17891505333587;3.7008667;-8.220917;4.2154083
a;17891525475188;3.6993866;-8.259079;4.1602783
a;17891545616790;3.6297913;-8.314484;4.1602783
a;17891565758391;3.6397858;-8.313202;4.082443
a;17891585899993;3.7398376;-8.3159485;4.0856934
a;17891606041594;3.778656;-8.388702;4.0737305
a;17891626183196;3.8482819;-8.4483795;4.2384796
a;17891646324797;3.7819824;-8.438049;4.223572
a;17891666466399;3.894104;-8.330627;4.160187
a;17891686608001;3.847519;-8.406601;4.2014465
a;17891706749602;3.7892761;-8.207596;4.3031616
a;17891726891204;3.728012;-8.053162;4.334442
a;17891747032805;3.7182465;-8.137268;4.3348236
a;17891767174407;3.7210693;-8.195297;4.25885
a;17891787316008;3.8083649;-8.26001;4.148361
a;17891807457610;3.7851257;-8.356369;4.0942993
a;17891827599212;3.8188934;-8.559158;4.1777496
a;17891847740813;3.824997;-8.592545;4.213791
a;17891867882415;3.7286377;-8.494843;4.0373993
a;17891888024016;3.5732727;-8.497162;3.9012756
a;17891908165618;3.502716;-8.578506;4.1813507
a;17891928307219;3.488327;-8.561127;4.2668457
a;17891948448821;3.4939575;-8.519394;4.14415
a;17891968590422;3.4741516;-8.524658;4.144623
a;17891988732024;3.4950256;-8.398773;4.292633
a;17892008873626;3.591568;-8.278366;4.1219482
a;17892029015227;3.6727905;-8.395767;3.923935
a;17892049156829;3.6616821;-8.530624;4.0321655
a;17892069298430;3.607727;-8.489716;4.2537994
a;17892089440032;3.6152344;-8.257309;4.095825
a;17892109581633;3.60112;-8.141022;4.0027466
a;17892129723235;3.6972046;-8.164017;4.075531
a;17892149864837;3.687088;-8.20755;4.1146545
a;17892170006438;3.667801;-8.1923065;4.223297
a;17892190148040;3.6219025;-7.9774475;4.1792145
a;17892210289641;3.626068;-8.003052;3.9180145
a;17892230431243;3.7120056;-8.094482;4.035568
a;17892250572844;3.837143;-8.106125;4.3269043
a;17892270714446;3.945816;-8.160492;4.26593
a;17892290856047;4.0081024;-8.434982;4.0975494
a;17892310997649;3.9918518;-8.340515;4.1934204
a;17892331139251;3.9904938;-8.205505;4.376465
a;17892351280852;4.027191;-8.052856;4.146454
a;17892371422454;3.953537;-8.088806;4.101593
a;17892391564055;3.75885;-8.090347;4.252365
a;17892411705657;3.6419983;-7.822525;4.23526
a;17892431847258;3.5485077;-7.7265472;4.075302
a;17892451988860;3.554657;-7.612808;4.0362244
a;17892472130462;3.68013;-7.433899;3.986908
a;17892492272063;3.6873322;-7.522278;3.7991486
a;17892512413665;3.6189423;-7.6418457;4.1207733
a;17892532555266;3.5488281;-7.4284515;4.2931976
a;17892552696868;3.6293793;-7.4081726;4.2309875
a;17892572838469;3.8583374;-7.666458;4.047943
a;17892592980071;3.956314;-7.8039246;4.097473
a;17892613121672;4.033371;-7.7233276;4.3513794
a;17892633263274;4.0980225;-7.698944;4.4690704
a;17892653404876;4.1575775;-7.5687714;4.5304413
a;17892673546477;4.3056183;-7.5414886;4.8025513
a;17892693688079;4.614456;-7.77388;5.031479
a;17892713829680;4.516159;-7.6264954;5.178665
a;17892733971282;4.5720673;-7.6166687;5.1179047
a;17892754112883;4.600998;-7.6798096;5.076248
a;17892774254485;4.646805;-7.9014587;5.406128
a;17892794396087;4.6486816;-8.028748;5.5914917
a;17892814537688;4.693329;-8.144669;5.7041626
a;17892834679290;4.7203827;-8.178589;5.4718475
a;17892854820891;4.659546;-7.720764;5.55484
a;17892874962493;4.5924225;-7.687744;5.7907867
a;17892895104094;4.7690887;-7.0075684;5.5831146
a;17892915245696;4.937622;-6.6377563;5.544922
a;17892935387297;5.458481;-6.5032654;5.193817
a;17892955528899;5.4920197;-5.9502716;5.1402283
a;17892975670501;5.7568665;-5.8238525;5.449585
a;17892995812102;6.3105774;-5.396225;5.915344
a;17893015953704;6.647644;-3.9026184;5.396103
a;17893036095305;7.306076;-4.032425;4.635269
a;17893056236907;7.593231;-4.291748;5.1995544
a;17893076378508;7.6623535;-3.4547272;5.5525055
a;17893096520110;7.8088684;-2.579712;5.4517975
a;17893116661712;8.152359;-2.2839508;5.4294586
a;17893136803313;8.445435;-2.1343231;5.3006287
a;17893156944915;8.592026;-1.9966278;5.356415
a;17893177086516;8.465134;-1.5948944;5.183304
a;17893197228118;8.478867;-1.1134338;4.6346436
a;17893217369719;8.688446;-0.34165955;4.568634
a;17893237511321;8.80188;-0.72883606;5.1915894
a;17893257652922;8.746811;-0.9167023;5.5865784
a;17893277794524;8.682388;-0.73435974;5.4114685
a;17893297936126;8.438309;0.19744873;4.646164
a;17893318077727;8.615463;0.29449463;4.3303223
a;17893338219329;8.754471;-0.5529022;4.9125214
a;17893358360930;8.310883;0.3412323;5.2962036
a;17893378502532;8.135544;0.15480042;5.036743
a;17893398644133;8.005234;-0.0029754639;4.9360657
a;17893418785735;7.9913483;0.75694275;4.787796
a;17893438927337;8.200775;0.282135;4.584091
a;17893459068938;7.7053833;1.2120667;5.43161
a;17893479210540;7.800934;1.4750977;5.2377625
a;17893499352141;7.8514404;1.0836029;5.056137
a;17893519493743;7.810425;0.7737427;4.620636
a;17893539635344;7.755478;0.9557953;4.6013184
a;17893559776946;7.715988;1.6695862;4.925949
a;17893579918547;7.6397552;2.095749;4.879822
a;17893600060149;7.5118713;2.1832886;4.6937256
a;17893620201751;7.724579;1.5662384;4.7234497
a;17893640343352;7.842331;1.2692261;5.241089
a;17893660484954;7.772537;1.8713837;5.6711273
a;17893680626555;7.597412;2.340744;5.5825195
a;17893700768157;7.6064453;2.2395325;5.514633
a;17893720909758;7.429123;2.5288544;5.4142914
a;17893741051360;7.60849;2.2160492;5.056076
a;17893761192962;7.7314606;0.88194275;5.017029
a;17893781334563;7.654358;0.96603394;5.3126526
a;17893801476165;7.5520935;0.8191681;5.123825
a;17893821617766;7.4282837;0.7308197;5.0178375
a;17893841759368;7.0796967;1.051178;5.122345
a;17893861900969;6.976013;0.8012543;4.8208466
a;17893882042571;7.3324585;-1.2540741;4.3693085
a;17893902184172;6.8597717;-1.8816833;4.322357
a;17893922325774;6.5347443;-1.5260468;4.69368
a;17893942467376;6.403412;-1.5457916;4.281204
a;17893962608977;6.8329773;-3.3388977;3.2182617
a;17893982750579;6.87883;-4.9463196;3.0709991
a;17894002892180;6.6921844;-4.555359;3.2974548
a;17894023033782;6.5809784;-3.9891968;3.7934265
a;17894043175383;6.790695;-3.9070892;3.339508
a;17894063316985;7.1160736;-5.4530945;2.7436829
a;17894083458587;6.793289;-5.073288;3.2787933
a;17894103600188;6.1241913;-4.558182;3.848114
a;17894123741790;6.704132;-4.9965515;3.124817
a;17894143883391;7.1050873;-5.9626923;1.9545288
a;17894164024993;7.3036804;-6.29982;2.3421783
a;17894184166594;7.2967377;-5.102646;2.9060364
a;17894204308196;7.4276123;-5.34523;2.6711578
a;17894224449797;8.060226;-5.46138;2.869751
a;17894244591399;8.681152;-4.9471283;3.47966
a;17894264733001;8.885727;-5.2233276;3.691208
a;17894284874602;9.178177;-4.963745;3.4786224
a;17894305016204;9.624191;-5.0095367;3.429062
a;17894325157805;10.364807;-4.873108;3.694809
a;17894345299407;11.666565;-4.1086426;3.7836914
a;17894365441008;9.804245;-5.4476776;5.222763
a;17894385582610;10.008896;-5.5098267;3.9513397
a;17894405724212;10.558777;-4.004318;3.773468
a;17894425865813;11.52713;-4.307358;3.2607422
a;17894446007415;10.761948;-4.221176;4.4640503
a;17894466149016;10.002899;-3.3815918;5.254471
a;17894486290618;9.921387;-3.4694824;5.1996307
a;17894506432219;10.599426;-2.4142303;5.4322205
a;17894526573821;10.949112;-2.8370972;5.0463867
a;17894546715422;12.016525;-2.1719666;5.1892395
a;17894566857024;13.042755;-1.5157013;4.4772186
a;17894586998626;13.80072;-0.93634033;3.67424
a;17894607140227;14.005783;-1.0129242;4.652313
a;17894627281829;14.409927;-0.7738037;4.8502045
a;17894647423430;13.697556;-0.17070007;4.1347656
a;17894667565032;12.706772;0.6450958;3.3972168
a;17894687706633;11.435379;0.16262817;3.3381805
a;17894707848235;9.696365;-1.009018;2.0335846
a;17894727989837;7.9857635;-1.5274811;0.7406006
a;17894748131438;6.5811462;-1.3787231;0.0110321045
a;17894768273040;5.3893433;-2.6938019;-0.44606018
a;17894788414641;4.087265;-3.636673;-1.0237274
a;17894808556243;3.4393768;-2.686554;-0.90940857
a;17894828697844;2.7831573;-2.254776;-0.533844
a;17894848839446;2.7892609;-3.8011932;-0.53826904
a;17894868981047;3.4621124;-5.268921;-0.72688293
a;17894889122649;4.083893;-6.133255;-1.160553
a;17894909264251;4.034622;-7.278412;-1.6501923
a;17894929405852;3.8262177;-6.7064667;-1.173172
a;17894949547454;3.0724487;-5.58226;0.1812439
a;17894969689055;3.1784973;-5.8148804;1.1009369
a;17894989830657;3.905899;-7.0593567;1.4783478
a;17895009972258;4.915329;-6.2586823;1.6548767
a;17895030113860;7.3416595;-4.9809265;1.1376648
a;17895050255462;11.40033;-7.7109375;-0.027038574
a;17895070397063;13.966705;-11.134796;-0.6388397
a;17895090538665;14.838867;-10.611343;-0.80184937
a;17895110680266;15.371063;-8.293045;-1.4050446
a;17895130821868;14.447037;-5.6779327;-0.4724121
a;17895150963469;13.298004;-4.3667297;0.720871
a;17895171105071;11.991531;-5.023575;1.6858673
a;17895191246672;10.790054;-4.188965;0.71655273
a;17895211388274;11.014725;-2.385147;-0.048934937
a;17895231529876;10.745377;-0.5743103;-0.3935852
a;17895251671477;10.09465;-0.27157593;0.25306702
a;17895271813079;9.876556;-0.04937744;0.2255249
a;17895291954680;9.782242;0.44493103;-0.14189148
a;17895312096282;9.410446;0.9316406;-0.5066681
a;17895332237883;9.209885;0.055221558;-0.8248596
a;17895352379485;9.190872;-0.5387573;-0.65986633
a;17895372521087;9.258789;-0.85272217;-0.93840027
a;17895392662688;9.385498;-0.6457062;-1.2478333
a;17895412804290;9.662994;-0.4235382;-1.297409
a;17895432945891;10.011612;-0.96784973;-1.2842712
a;17895453087493;9.887558;-1.0658569;-1.1568604
a;17895473229094;9.621796;-0.35562134;-0.99142456
a;17895493370696;9.692749;-0.22624207;-0.60092163
a;17895513512297;9.729492;-0.7452698;-0.42565918
a;17895533653899;9.67894;-0.96372986;-0.44961548
a;17895553795501;9.974548;-0.92349243;-0.5804596
a;17895573937102;10.364426;-0.5409241;-0.87145996
a;17895594078704;10.070526;-0.38912964;-0.76342773
a;17895614220305;9.395874;-0.42781067;-0.60975647
a;17895634361907;9.193436;-0.9674072;-0.7143402
a;17895654503508;9.15567;-1.4089203;-0.81240845
a;17895674645110;9.267288;-1.1043396;-0.9222412
a;17895694786712;9.380524;-0.8264313;-0.9784088
a;17895714928313;9.549591;-1.3404083;-0.8667755
a;17895735069915;9.75531;-1.8282776;-0.79777527
a;17895755211516;9.997742;-1.8365936;-0.6527252
a;17895775353118;10.027374;-1.4318542;-0.593277
a;17895795494719;9.860321;-1.220581;-0.70932007
a;17895815636321;9.7846985;-1.3816986;-0.8056183
a;17895835777922;9.864548;-1.7322235;-0.79159546
a;17895855919524;9.831955;-1.9519958;-0.52212524
a;17895876061126;9.757126;-1.7985535;-0.35084534
a;17895896202727;9.705902;-1.5156555;-0.34535217
a;17895916344329;9.493057;-1.4746094;-0.21395874
a;17895936485930;9.50737;-1.6266937;-0.2994995
a;17895956627532;9.570694;-1.7378235;-0.5146637
a;17895976769133;9.706802;-1.7098541;-0.78948975
a;17895996910735;9.731506;-1.6035767;-0.92767334
a;17896017052337;9.603119;-1.5662079;-0.89753723
a;17896037193938;9.579559;-1.5509949;-0.72709656
a;17896057335540;9.63205;-1.618515;-0.827652
a;17896077477141;9.6285095;-1.5388031;-0.8330841
a;17896097618743;9.625549;-1.491333;-0.72247314
a;17896117760344;9.603104;-1.565445;-0.5472412
a;17896137901946;9.5816345;-1.6126862;-0.50320435
a;17896158043547;9.58461;-1.5874634;-0.58703613
a;17896178185149;9.714233;-1.6665344;-0.5713043
a;17896198326751;9.789032;-1.651947;-0.5960541
a;17896218468352;9.757645;-1.494812;-0.6051178
a;17896238609954;9.671005;-1.4369507;-0.5257416
a;17896258751555;9.650894;-1.509018;-0.39508057
a;17896278893157;9.570694;-1.5230408;-0.40568542
a;17896299034758;9.617645;-1.5029297;-0.5389862
a;17896319176360;9.684326;-1.5529175;-0.5932617
a;17896339317962;9.705124;-1.5363464;-0.48731995
a;17896359459563;9.720322;-1.511322;-0.45532227
a;17896379601165;9.680893;-1.4852142;-0.51123047
a;17896399742766;9.589981;-1.5105743;-0.5360565
a;17896419884368;9.5230255;-1.6066437;-0.5249634
a;17896440025969;9.571304;-1.6608276;-0.51828
a;17896460167571;9.566605;-1.6440277;-0.5539551
a;17896480309172;9.607681;-1.6695099;-0.5266571
a;17896500450774;9.641739;-1.6843567;-0.5198517
a;17896520592376;9.567963;-1.6787262;-0.47955322
a;17896540733977;9.570435;-1.7082825;-0.48854065
a;17896560875579;9.628983;-1.7767487;-0.4375763
a;17896581017180;9.699554;-1.7121735;-0.45588684
a;17896601158782;9.690491;-1.6819305;-0.5015869
a;17896621300383;9.618195;-1.7243195;-0.49671936
a;17896641441985;9.558762;-1.72995;-0.44282532
a;17896661583587;9.556946;-1.7279816;-0.49017334
a;17896681725188;9.567413;-1.711792;-0.55088806
a;17896701866790;9.587387;-1.7234039;-0.50827026
a;17896722008391;9.601334;-1.7176819;-0.5068817
a;17896742149993;9.591309;-1.7020264;-0.57029724
a;17896762291594;9.594223;-1.634491;-0.61083984
a;17896782433196;9.599548;-1.648529;-0.54875183
a;17896802574797;9.604233;-1.693924;-0.51408386
a;17896822716399;9.642868;-1.6469879;-0.53141785
a;17896842858001;9.563614;-1.4236145;-0.56889343
a;17896862999602;9.579193;-1.4527588;-0.5832825
a;17896883141204;9.59343;-1.658432;-0.50909424
a;17896903282805;9.593903;-1.7215118;-0.475708
a;17896923424407;9.6427765;-1.6572418;-0.5082855
a;17896943566008;9.808701;-1.6967926;-0.5200653
a;17896963707610;9.708969;-1.6294403;-0.6404419
a;17896983849212;9.645737;-1.7042999;-0.590744
a;17897003990813;9.615204;-1.7543335;-0.46122742
a;17897024132415;9.652374;-1.7946472;-0.5245819
a;17897044274016;9.67392;-1.8605957;-0.64167786
a;17897064415618;9.683823;-1.9878845;-0.67033386
a;17897084557219;9.538574;-1.9425812;-0.6648407
a;17897104698821;9.440338;-1.8089905;-0.6401825
a;17897124840422;9.600464;-1.7518616;-0.60702515
a;17897144982024;9.686661;-1.7554474;-0.63150024
a;17897165123626;9.703781;-1.7577057;-0.7094116
a;17897185265227;9.571075;-1.9359589;-0.82588196
a;17897205406829;9.57579;-2.084961;-0.88604736
a;17897225548430;9.596664;-2.1187134;-0.7814636
a;17897245690032;9.684662;-1.7227173;-0.7798767
a;17897265831633;9.615219;-1.4942627;-0.7484131
a;17897285973235;9.5603485;-1.8196259;-0.7958832
a;17897306114837;9.494873;-2.1140442;-0.85969543
a;17897326256438;9.489334;-2.3096619;-0.9241638
a;17897346398040;9.578308;-2.23732;-0.98220825
a;17897366539641;9.529083;-2.0078583;-0.9429474
a;17897386681243;9.459;-1.9406433;-0.9335327
a;17897406822844;9.506958;-1.9641418;-0.8223572
a;17897426964446;9.661621;-1.9867859;-0.7510681
a;17897447106047;9.711945;-2.0424194;-0.9402466
a;17897467247649;9.66391;-1.9674835;-0.9163971
a;17897487389251;9.584595;-1.9611816;-0.7620697
a;17897507530852;9.551025;-1.937149;-0.6953125
a;17897527672454;9.571442;-2.0050354;-0.73368835
a;17897547814055;9.718933;-2.0225677;-0.91122437
a;17897567955657;9.540482;-2.0075684;-0.9483795
a;17897588097258;9.44516;-1.9201355;-0.75627136
a;17897608238860;9.477844;-1.9932709;-0.7914734
a;17897628380462;9.583008;-2.0778503;-0.9578552
a;17897648522063;9.564407;-2.1560822;-0.92056274
a;17897668663665;9.566345;-2.1137695;-0.81126404
a;17897688805266;9.609711;-2.2241974;-0.69737244
a;17897708946868;9.642822;-2.337616;-0.65875244
a;17897729088469;9.622452;-2.445053;-0.7079773
a;17897749230071;9.67395;-2.7752075;-0.9109802
a;17897769371672;9.850922;-3.1856384;-0.8815613
a;17897789513274;9.88237;-3.0874023;-0.9325104
a;17897809654876;9.777756;-2.899231;-0.87553406
a;17897829796477;9.733398;-3.106247;-0.78681946
a;17897849938079;9.978653;-3.562088;-0.7173767
a;17897870079680;10.020172;-3.5982208;-0.8576813
a;17897890221282;10.040649;-3.7095795;-0.79985046
a;17897910362883;10.569122;-4.777237;-0.72787476
a;17897930504485;10.904083;-5.533386;-0.74261475
a;17897950646087;11.3237;-6.013733;-0.8660126
a;17897970787688;12.073029;-7.6509857;-1.1592407
a;17897990929290;12.659058;-8.17746;-0.9240265
a;17898011070891;13.432114;-7.679306;-0.4710846
a;17898031212493;13.945038;-9.149261;-0.21885681
a;17898051354094;14.244659;-12.00444;-0.27583313
a;17898071495696;13.841721;-13.582413;0.07585144
a;17898091637297;12.972351;-12.4136505;0.4802704
a;17898111778899;11.252411;-12.360031;0.69033813
a;17898131920501;9.364059;-12.891571;0.49725342
a;17898152062102;7.600113;-11.863586;-0.11074829
a;17898172203704;5.8914795;-9.898209;-0.746048
a;17898192345305;5.109375;-8.956696;-0.91104126
a;17898212486907;5.004135;-7.0822754;-0.5661011
a;17898232628508;4.6634216;-5.0067444;0.5024414
a;17898252770110;4.174515;-4.5286713;0.16384888
a;17898272911712;3.6580963;-3.7565765;0.0642395
a;17898293053313;3.0523224;-2.7382355;0.79585266
a;17898313194915;2.4032288;-2.341156;1.2101593
a;17898333336516;1.9860077;-1.7039337;2.0773926
a;17898353478118;1.8962555;-1.3836212;2.8061066
a;17898373619719;1.3506317;-1.2955475;3.6248627
a;17898393761321;1.0605927;-1.3058014;4.557205
a;17898413902922;1.1655884;-1.3766022;5.021164
a;17898434044524;0.93937683;-0.92085266;5.7021484
a;17898454186126;1.0711975;-0.8588562;6.5499268
a;17898474327727;0.78427124;-0.78189087;7.219681
a;17898494469329;0.40771484;-1.0899963;7.7937164
a;17898514610930;0.7015686;-1.9181366;8.547745
a;17898534752532;0.9293976;-3.047348;9.033981
a;17898554894133;0.6489563;-3.0979614;9.464844
a;17898575035735;0.44778442;-2.3495636;9.562881
a;17898595177337;0.28948975;-2.1668396;9.385437
a;17898615318938;0.28979492;-2.6582336;9.428406
a;17898635460540;0.16070557;-2.9360046;9.599991
a;17898655602141;-0.013839722;-2.8247986;9.730377
a;17898675743743;0.028945923;-2.3567505;9.643845
a;17898695885344;0.21572876;-2.7746124;9.538544
a;17898716026946;0.24034119;-2.9632416;9.683075
a;17898736168547;0.13645935;-2.3851013;9.797028
a;17898756310149;0.11729431;-2.0084534;9.691299
a;17898776451751;-0.21287537;-2.113617;9.387253
a;17898796593352;-0.28860474;-1.9511566;9.079529
a;17898816734954;-0.42855835;-1.853775;8.780594
a;17898836876555;-0.30136108;-2.3551636;8.575806
a;17898857018157;-0.10066223;-2.2174683;8.537048
a;17898877159758;-0.21513367;-2.4167023;8.528442
a;17898897301360;0.15290833;-3.0360565;8.590927
a;17898917442962;0.51904297;-2.9055176;9.012695
a;17898937584563;0.73695374;-2.436737;10.026428
a;17898957726165;1.0322418;-1.6023712;10.907043
a;17898977867766;0.96092224;-2.554062;10.802734
a;17898998009368;0.5505676;-3.2101898;10.173813
a;17899018150969;0.7172699;-3.2647095;10.029968
a;17899038292571;0.842041;-3.2857513;9.163803
a;17899058434172;0.5634918;-3.069992;8.804901
a;17899078575774;0.8958435;-2.536789;9.055893
a;17899098717376;0.34654236;-2.3748627;9.838135
a;17899118858977;0.11756897;-2.115158;9.901474
a;17899139000579;-0.23121643;-1.9994202;9.278717
a;17899159142180;-0.4686432;-1.9651794;9.167358
a;17899179283782;-0.65400696;-1.3525391;9.308746
a;17899199425383;-1.08844;-1.4387512;9.04567
a;17899219566985;-1.3463287;-1.8227692;8.593826
a;17899239708587;-1.5717468;-1.8256683;8.2269745
a;17899259850188;-1.1085052;-2.077713;8.768066
a;17899279991790;-1.1772614;-1.6883087;9.046936
a;17899300133391;-0.9874878;-1.4886475;9.179855
a;17899320274993;-0.55636597;-1.9665222;9.547394
a;17899340416594;-0.5263977;-2.6627808;9.809586
a;17899360558196;-0.3282318;-3.0835114;9.257584
a;17899380699797;-0.35899353;-2.6934814;8.5239105
a;17899400841399;0.02885437;-2.1323853;8.486893
a;17899420983001;0.14118958;-2.0707397;9.212128
a;17899441124602;0.91815186;-3.1598816;9.433853
a;17899461266204;0.8952942;-3.6494598;9.361969
a;17899481407805;0.8694763;-2.4898987;9.563522
a;17899501549407;0.8798065;-1.7007294;9.158295
a;17899521691008;0.5517273;-1.733551;8.372665
a;17899541832610;0.41326904;-1.4817047;7.6856995
a;17899561974212;0.47470093;-1.1521912;7.7486877
a;17899582115813;1.9966888;-1.5963745;7.761093
a;17899602257415;2.4899445;-2.8014374;8.331818
a;17899622399016;2.2354736;-3.3117523;9.199783
a;17899642540618;2.6423187;-2.912796;10.032288
a;17899662682219;3.4664612;-2.4449005;10.158722
a;17899682823821;4.0503693;-2.7519073;10.759506
a;17899702965422;3.9930267;-3.8219757;10.90303
a;17899723107024;3.1269073;-3.8114471;10.576416
a;17899743248626;2.6172028;-3.3670807;10.008484
a;17899763390227;2.5198975;-2.28862;9.7487335
a;17899783531829;2.4938812;-1.7404633;9.290421
a;17899803673430;2.5009308;-1.9970703;8.72023
a;17899823815032;2.6359558;-2.0735626;8.582657
a;17899843956633;2.772644;-2.0922089;8.89444
a;17899864098235;2.7625885;-2.342392;9.022171
a;17899884239837;2.6903534;-2.4497528;8.992264
a;17899904381438;2.6292114;-1.9594116;8.954605
a;17899924523040;2.6902008;-1.5364227;8.975647
a;17899944664641;2.6085815;-1.9442291;8.946381
a;17899964806243;2.286911;-2.1513367;9.015686
a;17899984947844;2.2284698;-1.7397766;9.198578
a;17900005089446;2.3702393;-1.186554;9.271866
a;17900025231047;2.2602386;-0.7784729;9.092209
a;17900045372649;2.2013245;-0.7109375;9.043381
a;17900065514251;2.138504;-0.8294983;9.080887
a;17900085655852;2.2352142;-1.128891;9.125595
a;17900105797454;2.26326;-1.2297211;9.186661
a;17900125939055;2.1645203;-1.1363525;9.1232605
a;17900146080657;2.0646973;-1.086441;9.095947
a;17900166222258;1.9469452;-0.95770264;9.048523
a;17900186363860;2.0654297;-0.9987793;9.140869
a;17900206505462;2.025238;-1.1105042;9.016647
a;17900226647063;2.0235596;-1.238739;9.0347595
a;17900246788665;2.2303162;-1.142395;9.37381
a;17900266930266;2.1818542;-1.0123444;9.158203
a;17900287071868;2.3852692;-1.5704498;8.336914
a;17900307213469;2.7258759;-0.69673157;9.136444
a;17900327355071;1.980835;-0.18534851;9.374191
a;17900347496672;1.450882;-0.676239;9.551773
a;17900367638274;1.9063263;-1.4798584;9.657257
a;17900387779876;2.063202;-1.2786713;9.771301
a;17900407921477;2.1865997;-0.6551056;9.868378
a;17900428063079;2.437088;-0.77293396;9.630737
a;17900448204680;2.2127838;-1.3890076;8.466797
a;17900468346282;1.4305115;-0.2381897;9.524399
a;17900488487883;2.0145264;-0.29708862;9.38147
a;17900508629485;1.8920288;-0.60232544;9.1129
a;17900528771087;1.8106995;-0.3846588;9.15802
a;17900548912688;1.9015808;-0.38742065;9.0905
a;17900569054290;1.8159485;-0.49717712;8.970245
a;17900589195891;1.8339386;-0.57533264;9.009003
a;17900609337493;1.893753;-0.6775055;9.125015
a;17900629479094;1.9003143;-0.6940918;9.291214
a;17900649620696;1.8438873;-0.6367798;9.285553
a;17900669762297;1.9662323;-0.7874298;9.197281
a;17900689903899;2.0505524;-0.77516174;9.301025
a;17900710045501;2.0357208;-0.6382904;9.496979
a;17900730187102;1.9702148;-0.7469177;9.49678
a;17900750328704;1.9985504;-0.5449829;9.53511
a;17900770470305;2.0582428;-0.6483307;9.468063
a;17900790611907;2.019928;-0.7544708;9.402039
a;17900810753508;1.8598938;-0.3477173;9.404373
a;17900830895110;1.9111786;-0.2998047;9.38089
a;17900851036712;1.9464111;-0.61979675;9.27034
a;17900871178313;1.8925018;-0.5894165;9.388947
a;17900891319915;1.8536835;-0.47731018;9.354355
a;17900911461516;1.8732605;-0.43392944;9.255539
a;17900931603118;1.9937592;-0.25090027;9.253937
a;17900951744719;2.0556488;-0.22961426;9.459503
a;17900971886321;1.9599457;-0.47322083;9.351791
a;17900992027922;1.8618469;-0.33363342;9.407669
a;17901012169524;2.0221405;-0.425354;9.398514
a;17901032311126;2.0692291;-0.47599792;9.333633
a;17901052452727;2.0178833;-0.5357971;9.261871
a;17901072594329;1.8764343;-0.6130829;9.2617035
a;17901092735930;1.9573059;-0.7774811;9.326157
a;17901112877532;1.9471436;-0.62324524;9.275131
a;17901133019133;1.8614197;-0.3249359;9.169952
a;17901153160735;1.8024597;-0.35084534;9.082138
a;17901173302337;1.7344971;-0.5519409;9.109894
a;17901193410484;1.831543;-0.38139343;9.165283
a;17901213552086;1.913269;-0.33596802;9.266617
a;17901233693687;1.9150085;-0.37834167;9.301407
a;17901253835289;1.901886;-0.300354;9.439606
a;17901273976890;1.9576874;-0.33241272;9.367126
a;17901294118492;1.9403229;-0.41601563;9.233704
a;17901314260093;1.8579712;-0.2785492;9.25502
a;17901334401695;2.0808716;-0.07432556;9.455688
a;17901354543297;2.2509003;-0.017349243;9.478775
a;17901374684898;2.0281525;-0.2135315;9.340683
a;17901394826500;1.9752808;-0.23945618;9.328339
a;17901414968101;1.840622;-0.26542664;9.328018
a;17901435109703;1.8491516;-0.20133972;9.291367
a;17901455251304;1.9082489;-0.32621765;9.303146
a;17901475392906;1.883667;-0.51309204;9.239487
a;17901495534508;1.8565369;-0.44430542;9.323532
a;17901515676109;1.9508972;-0.41116333;9.370819
a;17901535817711;1.8956604;-0.37219238;9.368835
a;17901555959312;1.8724976;-0.3993988;9.343521
a;17901576100914;1.8983154;-0.4292755;9.370514
a;17901596242515;1.9241333;-0.13008118;9.382446
a;17901616384117;1.9631348;0.017593384;9.294815
a;17901636525718;1.9000702;-0.20207214;9.248779
a;17901656667320;1.7679749;-0.15023804;9.248627
a;17901676808922;1.7571106;-0.1289978;9.342392
a;17901696950523;1.7941437;-0.012771606;9.309586
a;17901717092125;1.7687378;0.040161133;9.135117
a;17901737233726;1.7438812;-0.040283203;9.129837
a;17901757375328;1.7705841;-0.12452698;9.215057
a;17901777516929;1.7645416;-0.16682434;9.346146
a;17901797658531;1.9087219;-0.09635925;9.400787
a;17901817800133;1.8313293;-0.05355835;9.354095
a;17901837941734;1.9022217;-0.053451538;9.388504
a;17901858083336;1.8915405;-0.08987427;9.329742
a;17901878224937;1.8450317;-0.1212616;9.400711
a;17901898366539;1.8565521;-0.101135254;9.333923
a;17901918508140;1.8110352;-0.06098938;9.322556
a;17901938649742;1.7880402;-0.15348816;9.344635
a;17901958791343;1.8245239;-0.21681213;9.426239
a;17901978932945;1.8331604;-0.14546204;9.464935
a;17901999074547;1.7393188;-0.1927948;9.502121
a;17902019216148;1.7985992;-0.26255798;9.430832
a;17902039357750;2.1973724;0.22399902;8.407913
a;17902059499351;1.5616913;0.52993774;9.354111
a;17902079640953;1.4366913;0.12997437;9.227646
a;17902099782554;1.6495819;0.09963989;9.566818
a;17902119924156;1.9301605;0.17393494;9.6441345
