a;68789376155162;-2.6761322;-1.1078644;9.542343
a;68789396296764;-2.7614899;-1.0820007;9.495834
a;68789416438366;-2.7567902;-0.849411;9.422653
a;68789436579967;-2.8434753;-0.38986206;8.875107
a;68789456721569;-2.7288818;-1.8819427;9.490265
a;68789476863170;-3.2415771;-0.8859253;9.526459
a;68789497004772;-2.9604034;-0.6836395;9.846954
a;68789517146373;-2.8584137;-1.0241699;9.693985
a;68789537287975;-2.9759216;-0.7667999;9.740311
a;68789557429576;-2.9301453;-0.9771118;9.669479
a;68789577571178;-2.9575958;-1.2097168;9.716736
a;68789597712780;-2.902008;-1.0684204;9.63501
a;68789617854381;-2.7247467;-1.0489807;9.719147
a;68789637995983;-2.8806763;-1.0218811;9.777618
a;68789658137584;-3.2355804;-1.0388489;9.708588
a;68789678279186;-3.1578827;-1.4837952;10.144302
a;68789698420787;-2.9445496;-1.4787445;10.243393
a;68789718562389;-2.95224;-1.3916626;10.279572
a;68789738703991;-3.4337463;-1.523056;10.1706085
a;68789758845592;-3.4951324;-1.2376251;10.326996
a;68789778987194;-2.8763733;-0.9937134;10.136642
a;68789799128795;-2.1434784;-0.85731506;9.839066
a;68789819270397;-1.6944733;-0.77565;9.853516
a;68789839411998;-1.9256744;-0.7348938;9.86351
a;68789859553600;-1.6516113;-0.9447479;10.379623
a;68789879695201;-0.34674072;-1.0175171;10.455658
a;68789899836803;0.19511414;-1.1702576;10.241074
a;68789919978405;0.22218323;-1.5738068;10.201736
a;68789940120006;0.3778534;-2.1399689;10.014557
a;68789960261608;0.79776;-2.7863464;10.515396
a;68789980403209;1.0962524;-2.531784;10.111557
a;68790000544811;1.3512421;-1.8924866;9.436615
a;68790020686412;0.9231415;-1.6599426;8.211014
a;68790040828014;-0.112701416;-1.5776367;7.2355957
a;68790060969616;-0.5612488;-0.8775177;7.134903
a;68790081111217;-0.89753723;-1.01474;7.3389435
a;68790101252819;-1.0232086;-1.3522949;7.9873657
a;68790121394420;-1.3942108;-1.57518;9.035355
a;68790141536022;-2.0871582;-1.9747467;9.367264
a;68790161677623;-2.4550476;-1.6552429;9.952164
a;68790181819225;-2.4498901;-1.4852142;10.062775
a;68790201960826;-2.2737427;-1.3362732;10.037674
a;68790222102428;-1.9730988;-1.6522217;9.929977
a;68790242244030;-1.554306;-1.9674072;9.932632
a;68790262385631;-1.123764;-1.9032135;10.023468
a;68790282527233;-0.8790741;-1.5959778;10.127106
a;68790302668834;-0.75953674;-1.4978027;9.993683
a;68790322810436;-0.5464325;-2.0344696;9.870834
a;68790342952037;-0.5484314;-2.3226624;9.964798
a;68790363093639;-0.61917114;-2.048996;10.017166
a;68790383235241;-0.76478577;-2.0593414;9.842987
a;68790403376842;-0.9346466;-1.9577942;9.652847
a;68790423518444;-0.868103;-2.2651215;9.667252
a;68790443660045;-1.0094452;-2.3425598;9.673569
a;68790463801647;-1.075592;-1.9577332;9.8506775
a;68790483943248;-0.9664154;-1.7587891;9.7539215
a;68790504084850;-0.77890015;-2.398697;9.666992
a;68790524226451;-0.87615967;-2.1670685;9.905624
a;68790544368053;-0.9485016;-1.328476;10.205917
a;68790564509655;-1.2878113;-1.6378937;10.128708
a;68790584651256;-1.4149933;-1.668808;9.963791
a;68790604792858;-1.5202942;-1.9526215;9.72345
a;68790624934459;-1.6992645;-2.062378;9.846756
a;68790645076061;-1.5794525;-1.9752655;9.916595
a;68790665217662;-1.7035217;-1.5458221;9.893005
a;68790685359264;-1.4658661;-1.5711975;9.823227
a;68790705500866;-1.4161377;-1.9438782;9.763596
a;68790725642467;-1.4594574;-2.1674347;9.53537
a;68790745784069;-1.6986542;-2.1322784;9.567032
a;68790765925670;-1.6991272;-2.351944;9.628113
a;68790786067272;-1.8808594;-1.8888397;9.177246
a;68790806208873;-2.0543823;-1.2864227;8.4787445
a;68790826350475;-1.9685822;-1.9434052;8.331741
a;68790846492076;-1.8566284;-1.9084778;8.388199
a;68790866633678;-1.9499664;-1.6496735;8.526367
a;68790886775280;-2.2539825;-2.1153564;8.815903
a;68790906916881;-1.6620026;-2.4915466;8.268082
a;68790927058483;-1.8392334;-2.1428528;7.121002
a;68790947200084;-2.1186523;-1.4500885;6.108856
a;68790967341686;-2.918518;-0.66503906;5.1782837
a;68790987483287;-4.1310577;-1.2194214;4.7961426
a;68791007624889;-4.1872406;-3.842331;6.692108
a;68791027766491;-6.099411;-7.433975;9.152191
a;68791047908092;-9.935242;-14.009872;10.625916
a;68791068049694;-11.088501;-20.051483;11.23613
a;68791088191295;-9.541794;-20.150314;7.648239
a;68791108332897;-6.28244;-20.150314;4.578537
a;68791128474498;-2.404953;-20.150314;-1.5646973
a;68791148616100;1.9193726;-18.279373;-1.9813538
a;68791168757701;4.107086;-4.637451;-2.7548523
a;68791188899303;4.7476654;7.6737976;-3.7827606
a;68791209040905;8.755081;14.202377;-2.1605835
a;68791229182506;8.834778;11.71788;-1.6647797
a;68791249324108;4.3997803;12.141235;-2.2919006
a;68791269465709;4.8239136;10.26799;1.1413269
a;68791289607311;3.1762848;4.491638;3.5443268
a;68791309748912;-15.530273;-16.148163;-4.0607452
a;68791329890514;-17.169647;-20.150314;-8.830841
a;68791350032116;-9.233719;-20.150314;-1.9480438
a;68791370173717;-5.9485016;-20.111511;-2.5334778
a;68791390315319;-4.127899;-10.3949585;-2.3515625
a;68791410456920;-3.400772;8.109879;-0.9373474
a;68791430598522;1.7613983;18.84909;4.0808716
a;68791450740123;4.5141296;18.84909;7.166794
a;68791470881725;3.626648;18.84909;8.163712
a;68791491023326;1.6013641;17.702362;5.2582245
a;68791511164928;-2.6105194;10.15834;-0.25590515
a;68791531306530;-11.371704;-6.686432;-1.0708771
a;68791551448131;-15.278458;-19.855316;1.1833801
a;68791571589733;-14.032181;-20.150314;-6.9136353
a;68791591731334;-5.2534943;-20.150314;-3.0391693
a;68791611872936;-1.0639954;-20.14862;-4.6177673
a;68791632008725;-0.363266;-11.20137;-1.7560883
a;68791652150327;-2.52005;5.7275085;1.4205017
a;68791672291929;-0.040023804;18.48967;3.0581055
a;68791692433530;3.643509;18.84909;4.005295
a;68791712575132;3.2275543;18.84909;7.578781
a;68791732716733;0.10710144;14.84996;5.5309143
a;68791752858335;-3.310318;5.3693695;0.9397888
a;68791772999936;-7.762787;-5.9440155;0.7680969
a;68791793141538;-11.011368;-19.53592;1.37323
a;68791813283139;-10.899979;-20.150314;-2.9436646
a;68791833424741;-5.628708;-20.150314;-2.3937073
a;68791853566343;-1.5274658;-19.962067;-3.217926
a;68791873707944;-0.39767456;-12.152481;-2.9622803
a;68791893849546;-1.7662659;1.5144196;1.0208588
a;68791913991147;-1.7289734;14.625305;0.8736725
a;68791934132749;1.3003082;18.84909;2.118393
a;68791954274350;3.2280273;18.84909;4.717911
a;68791974415952;1.2340851;16.685226;4.5706635
a;68791994557554;-2.3274384;8.183701;1.5137177
a;68792014699155;-5.711975;-0.15473938;0.50120544
a;68792034840757;-9.980804;-15.135651;4.276932
a;68792054982358;-12.838959;-20.150314;2.5878296
a;68792075123960;-9.331146;-20.150314;-1.4343872
a;68792095265561;-2.575592;-20.150314;-0.7243042
a;68792115407163;-1.1349335;-17.992554;-3.3814392
a;68792135548764;-2.9551086;-5.8832703;-0.6088562
a;68792155690366;-4.1692657;7.998657;1.0857239
a;68792175831968;-1.8200684;18.69806;0.47808838
a;68792195973569;0.81307983;18.84909;1.4103241
a;68792216115171;1.6174774;18.792557;3.9234009
a;68792236256772;-0.41018677;13.215485;3.177185
a;68792256398374;-4.131729;3.9244537;0.51937866
a;68792276539975;-8.205597;-4.9765625;0.028640747
a;68792296681577;-9.45314;-19.474457;3.808319
a;68792316823179;-7.547241;-20.150314;1.6653595
a;68792336964780;-3.2905273;-20.150314;1.8284454
a;68792357106382;-0.30166626;-20.150314;1.4371796
a;68792377247983;0.033813477;-13.564163;1.4050446
a;68792397389585;-0.6735382;-4.721756;3.8682861
a;68792417531186;-1.9667816;7.07872;1.9131165
a;68792437672788;-0.8475342;17.088028;-0.3574524
a;68792457814389;1.8141785;17.902695;1.4118347
a;68792477955991;2.153122;13.637222;2.9447174
a;68792498097593;-1.0573578;7.0522766;1.1274567
a;68792518239194;-3.182251;-0.14575195;-0.3704834
a;68792538380796;-3.1716003;-6.350464;-0.005630493
a;68792558522397;-4.3807983;-8.64946;0.5725708
a;68792578663999;-6.891205;-13.912949;4.9587097
a;68792598805600;-4.8927917;-16.836761;6.828888
a;68792618947202;-3.5788422;-12.444305;5.0441895
a;68792639088804;-5.2427673;-6.9924316;-0.43618774
a;68792659230405;-8.9101715;-8.740799;0.5279846
a;68792679372007;-6.8787537;-12.640137;3.5125427
a;68792699513608;-4.3395386;-9.5447235;5.472885
a;68792719655210;-4.915451;-6.486618;6.5443573
a;68792739796811;-6.6734467;-6.9562073;5.605667
a;68792759938413;-8.817566;-8.408142;3.3398743
a;68792780080014;-10.104706;-11.297134;2.942047
a;68792800221616;-9.540268;-10.640228;2.8956451
a;68792820363218;-9.137222;-7.6268463;2.5571747
a;68792840504819;-9.47699;-4.5466003;2.0016632
a;68792860646421;-10.432175;-1.9996796;1.5801239
a;68792880788022;-11.116531;-1.4582672;1.4080048
a;68792900929624;-12.114166;-1.9702759;1.2659149
a;68792921071225;-12.974762;-2.444275;1.0972595
a;68792941212827;-13.381317;-2.8680725;0.9232025
a;68792961354429;-12.789215;-3.0334473;0.7440338
a;68792981496030;-12.249832;-3.1420898;0.86906433
a;68793001637632;-12.465881;-3.1657257;1.5335541
a;68793021779233;-12.404465;-2.6977844;0.9271393
a;68793041920835;-11.924011;-2.0152283;0.43234253
a;68793062062436;-11.212296;-1.5573578;0.4767151
a;68793082204038;-10.687347;-1.3390961;0.57847595
a;68793102345639;-10.438492;-1.2670288;0.5334015
a;68793122487241;-10.353638;-1.3409271;0.69932556
a;68793142628843;-10.497803;-1.5457153;0.58096313
a;68793162770444;-10.282898;-1.8471832;0.34095764
a;68793182912046;-9.753159;-2.2734985;0.29794312
a;68793203053647;-9.405777;-2.5897522;0.44229126
a;68793223195249;-8.9743805;-2.781433;0.7206421
a;68793243336850;-8.692474;-2.861206;0.88923645
a;68793263478452;-8.535309;-2.857254;0.8129883
a;68793283620054;-8.501312;-2.796875;0.5778656
a;68793303761655;-8.526337;-2.7884521;0.42436218
a;68793323903257;-8.680206;-2.7510529;0.16856384
a;68793344044858;-8.878799;-2.738205;0.21159363
a;68793364186460;-9.812653;-2.582779;0.080703735
a;68793384328061;-9.979248;-2.447647;-0.058441162
a;68793404469663;-9.572952;-2.408844;-0.10888672
a;68793424611264;-9.636246;-2.4456635;-0.12939453
a;68793444752866;-10.462112;-2.4574432;0.076431274
a;68793464894468;-10.84111;-2.2723236;-0.2071228
a;68793485036069;-10.268402;-2.0906067;-0.31687927
a;68793505177671;-9.93541;-2.104248;-0.36268616
a;68793525319272;-10.263718;-2.1819153;-0.20474243
a;68793545460874;-10.495041;-2.0505219;-0.48880005
a;68793565602475;-10.017334;-1.9872284;-0.5949707
a;68793585744077;-9.502228;-2.0728607;-0.52615356
a;68793605885679;-9.321136;-2.1968231;-0.3360138
a;68793626027280;-9.076614;-2.3167877;-0.06654358
a;68793646168882;-8.963654;-2.4589233;-0.085235596
a;68793666310483;-9.044464;-2.4222412;-0.32107544
a;68793686452085;-8.92659;-2.3654785;-0.436615
a;68793706593686;-8.98172;-2.2928772;-0.4361725
a;68793726735288;-8.984467;-2.3661804;-0.30297852
a;68793746876889;-8.922089;-2.4093933;-0.15336609
a;68793767018491;-8.915543;-2.5005035;-0.10151672
a;68793787160093;-9.121002;-2.5273743;-0.08128357
a;68793807301694;-9.26622;-2.4585876;-0.036987305
a;68793827443296;-9.402008;-2.3907318;-0.04031372
a;68793847584897;-9.492004;-2.3715668;0.00579834
a;68793867726499;-9.612106;-2.3139496;-0.04550171
a;68793887868100;-9.689529;-2.297409;-0.06552124
a;68793908009702;-9.742523;-2.3814392;-0.046829224
a;68793928151304;-9.740494;-2.4214325;-0.040145874
a;68793948292905;-9.713242;-2.4217987;-0.14112854
a;68793968434507;-9.802078;-2.3896942;-0.19720459
a;68793988576108;-9.983017;-2.4060516;-0.2444458
a;68794008717710;-9.877716;-2.485382;-0.31211853
a;68794028859311;-9.747513;-2.5350647;-0.2673645
a;68794049000913;-9.866043;-2.6049652;-0.2394867
a;68794069142514;-9.907639;-2.649292;-0.2275238
a;68794089284116;-10.019714;-2.6567993;-0.3265686
a;68794109425718;-10.083725;-2.63443;-0.35261536
a;68794129567319;-10.180969;-2.6382904;-0.31422424
a;68794149708921;-10.311661;-2.614853;-0.2412262
a;68794169850522;-10.271362;-2.6290894;-0.21469116
a;68794189992124;-10.138687;-2.640442;-0.2169342
a;68794210133725;-10.2859955;-2.5618744;-0.21678162
a;68794230275327;-10.582199;-2.4538727;-0.17871094
a;68794250416929;-10.669846;-2.3453064;-0.17196655
a;68794270558530;-10.822571;-2.275879;-0.18101501
a;68794290700132;-11.036728;-2.2120514;-0.07467651
a;68794310841733;-10.8160095;-2.03096;-0.0047454834
a;68794330983335;-10.309814;-1.6112671;-0.08030701
a;68794351124936;-9.955597;-1.3852692;0.07807922
a;68794371266538;-9.517899;-1.2832794;0.3446045
a;68794391408139;-9.478134;-1.4346771;0.52223206
a;68794411549741;-9.61879;-1.4853516;0.44735718
a;68794431691343;-9.629013;-1.0984039;0.54693604
a;68794451832944;-9.565262;-0.69789124;0.76490784
a;68794471974546;-9.709045;-0.68426514;0.9060364
a;68794492116147;-9.848282;-0.5793152;0.983963
a;68794512257749;-9.662064;-0.45162964;1.0627441
a;68794532399350;-9.567078;-0.38876343;1.0957794
a;68794552540952;-9.358292;-0.37132263;1.2606049
a;68794572682554;-9.225388;-0.5193939;1.3912354
a;68794592824155;-9.17009;-0.7967682;1.6162262
a;68794612965757;-9.007996;-1.0021973;1.528595
a;68794633107358;-9.031906;-1.1268921;1.5506439
a;68794653248960;-9.089935;-0.9458313;1.7004852
a;68794673390561;-8.868134;-0.5932007;1.8386688
a;68794693532163;-8.682648;-0.38941956;1.9642181
a;68794713673764;-8.806549;-0.4786377;2.104538
a;68794733815366;-9.112122;-0.5858002;2.0835876
a;68794753956968;-9.150894;-0.4963684;2.1230164
a;68794774098569;-9.100632;-0.639801;2.144989
a;68794794240171;-9.3181;-0.6626587;2.1235962
a;68794814381772;-9.384903;-0.5076752;2.058609
a;68794834523374;-9.349747;-0.488739;2.0054474
a;68794854664975;-9.419846;-0.45632935;2.0536346
a;68794874806577;-9.55278;-0.4507904;2.2950745
a;68794894948179;-9.731857;-0.35806274;2.2551575
a;68794915089780;-9.786102;-0.25679016;2.0432587
a;68794935231382;-9.536316;-0.08358765;1.9312592
a;68794955372983;-9.185547;0.043823242;2.0260468
a;68794975514585;-9.044159;0.030075073;2.1471863
a;68794995656186;-9.014328;-0.0039367676;2.2074127
a;68795015797788;-9.05658;-0.07157898;2.2319183
a;68795035939389;-9.216995;-0.16091919;2.1839142
a;68795056080991;-9.293625;-0.21916199;2.1427155
a;68795076222593;-9.5401;-0.25053406;2.0099792
a;68795096364194;-9.602188;0.045425415;2.0023193
a;68795116505796;-9.710602;-0.069625854;2.0323944
a;68795136647397;-9.942413;-0.049087524;1.8899384
a;68795156788999;-10.050598;-0.13508606;1.6761475
a;68795176930600;-10.175262;-0.59669495;1.4719391
a;68795197072202;-10.068481;-0.87094116;1.4047852
a;68795217213804;-9.582825;-0.8789978;1.614685
a;68795237355405;-9.365784;-0.9423218;1.7494049
a;68795257497007;-9.289337;-1.2045746;1.9126434
a;68795277638608;-9.274582;-1.7187042;2.0415802
a;68795297780210;-9.381393;-2.1986084;2.2198029
a;68795317921811;-9.468491;-2.3686829;2.3175201
a;68795338063413;-9.496368;-2.1970673;2.2063751
a;68795358205014;-9.397644;-2.2586823;2.2179718
a;68795378346616;-9.450699;-2.9924011;2.3863525
a;68795398488218;-9.929718;-3.5677032;2.5111694
a;68795418629819;-9.913208;-3.3537903;2.761551
a;68795438771421;-9.657272;-3.2871857;2.8355408
a;68795458913022;-9.643829;-3.6211548;3.0447388
a;68795479054624;-9.569458;-4.595566;3.539215
a;68795499196225;-9.8089905;-5.269989;3.9929657
a;68795519337827;-9.696014;-4.733307;4.0265656
a;68795539479429;-9.268616;-4.0883026;3.941574
a;68795559621030;-8.782761;-5.0684204;4.3364716
a;68795579762632;-8.752716;-6.206604;4.5548553
a;68795599904233;-8.699692;-6.9984894;4.6527405
a;68795620045835;-8.406876;-6.560379;5.0174866
a;68795640187436;-8.118134;-5.793976;5.1073456
a;68795660329038;-7.709442;-6.55661;4.459015
a;68795680470639;-7.042038;-6.7049103;4.6356506
a;68795700612241;-6.969406;-5.3768005;5.5956726
a;68795720753843;-6.488785;-2.6944275;7.129471
a;68795740895444;-6.0898285;0.4742279;8.674438
a;68795761037046;-6.0661163;2.2008514;8.25293
a;68795781178647;-6.224991;0.362854;7.6127014
a;68795801320249;-6.4730377;-1.1898346;7.311569
a;68795821461850;-6.2873993;-1.5170746;7.788559
a;68795841603452;-6.1239624;-1.4833527;8.441086
a;68795861745054;-5.9431915;-1.3433228;8.328842
a;68795881886655;-5.094681;-0.506073;7.8485107
a;68795902028257;-3.9318848;1.0305634;7.9338837
a;68795922169858;-3.419098;1.5514221;7.637985
a;68795942311460;-3.8708954;-0.8894501;6.7225037
a;68795962453061;-3.5685883;-1.2197418;7.451416
a;68795982594663;-3.254242;1.1488647;8.576691
a;68796002736264;-3.7184753;-0.36592102;8.093079
a;68796022877866;-3.5123444;1.4331818;8.163696
a;68796043019468;-3.6033783;1.2543945;7.3216553
a;68796063161069;-3.3512726;2.374771;7.458191
a;68796083302671;-3.269455;2.907837;8.087402
a;68796103444272;-4.0040894;2.8656464;8.808807
a;68796123585874;-3.9809418;2.4492645;8.833954
a;68796143727475;-3.690689;2.3072968;8.674286
a;68796163869077;-2.6208954;1.6837463;7.611786
a;68796184010679;-3.07695;2.930725;8.711075
a;68796204152280;-2.3887787;3.178131;8.049271
a;68796224293882;-2.4021149;3.402069;7.264847
a;68796244435483;-2.0501251;2.2415466;7.391968
a;68796264577085;-1.9984741;2.1584625;7.599762
a;68796284718686;-1.916275;2.0855713;8.128876
a;68796304860288;-2.12883;2.287674;8.822876
a;68796325001889;-2.3259583;3.1728058;8.996841
a;68796345143491;-2.3045807;4.1609497;8.531128
a;68796365285093;-2.6553497;4.0047607;7.9710083
a;68796385426694;-3.1443481;4.3842773;7.2552185
a;68796405568296;-4.217865;5.406067;8.524841
a;68796425709897;-3.2666473;3.8280334;10.768433
a;68796445851499;-2.8849335;3.3677216;11.161804
a;68796465993100;-2.0338745;3.931488;10.301071
a;68796486134702;-2.5634918;1.6915436;7.529602
a;68796506276304;-3.389511;0.13327026;7.069153
a;68796526417905;-3.9786835;-1.5352783;8.649368
a;68796546559507;-2.8072357;2.0316925;11.64122
a;68796566701108;-2.3483734;2.5400238;10.50206
a;68796586842710;-2.162796;1.4811859;8.6922455
a;68796606984311;-1.9551392;3.8625488;9.252777
a;68796627125913;-2.3469238;3.6457367;8.837326
a;68796647267514;-3.2595978;-0.722641;8.413452
a;68796667409116;-3.3663177;-1.9443359;8.995926
a;68796687550718;-2.9908752;-1.7154083;9.8016815
a;68796707692319;-2.541565;-0.09049988;10.21315
a;68796727833921;-2.9798126;-0.22541809;7.9763184
a;68796747975522;-4.540329;-4.6913147;7.1362915
a;68796768117124;-4.515152;-5.7078094;8.997086
a;68796788258725;-3.815857;-3.3173523;10.433594
a;68796808400327;-3.246292;-1.3584442;9.959793
a;68796828541929;-3.2920837;-0.9117737;8.855362
a;68796848683530;-3.801056;-2.295227;8.353912
a;68796868825132;-3.896698;-3.6997528;8.70752
a;68796888966733;-3.5641022;-3.3330994;9.232742
a;68796909108335;-3.2552948;-2.2368622;9.284073
a;68796929249936;-3.2532501;-1.456131;8.7126465
a;68796949391538;-4.213135;-4.026367;7.6694183
a;68796969533139;-4.304657;-5.2483063;8.597809
a;68796989674741;-3.8389587;-3.507492;9.770889
a;68797009816343;-3.4244232;-2.6128082;9.484451
a;68797029957944;-3.5217438;-2.6719666;8.990219
a;68797050099546;-3.687912;-2.9353333;8.618286
a;68797070241147;-3.7143097;-3.200592;8.1137085
a;68797090382749;-3.7409363;-3.2924652;8.623566
a;68797110524350;-3.7215576;-3.1245575;8.965317
a;68797130665952;-3.696167;-3.1866913;9.271103
a;68797150807554;-3.7424011;-3.4124298;8.836334
a;68797170949155;-3.8298645;-3.5018463;8.422958
a;68797191090757;-3.7378082;-2.8827972;8.917938
a;68797211232358;-3.6636505;-2.4818573;9.04007
a;68797231373960;-3.6819;-2.9007874;8.883759
a;68797251515561;-3.7759094;-3.384781;8.712723
a;68797271657163;-3.8499908;-3.5666656;8.536636
a;68797291798764;-3.790451;-3.1042786;8.671036
a;68797311940366;-3.7494507;-2.6611633;9.057068
a;68797332081968;-3.859726;-2.640854;9.105942
a;68797352223569;-3.839386;-3.079773;8.710129
a;68797372365171;-3.8839874;-3.3478546;8.479431
a;68797392506772;-3.8092499;-3.1832886;8.720184
a;68797412648374;-3.7748718;-2.8694458;9.035736
a;68797432789975;-3.7688751;-2.653534;9.277695
a;68797452931577;-3.7732697;-2.7040405;8.870132
a;68797473073179;-3.871109;-3.0749664;8.345444
a;68797493214780;-3.7561493;-2.8673553;8.630646
a;68797513356382;-3.8085632;-2.8119507;8.9272
a;68797533497983;-3.8134766;-2.8740997;9.021896
a;68797553639585;-3.825714;-2.8036652;8.8072815
a;68797573781186;-3.865631;-3.1397247;8.570572
a;68797593922788;-3.764328;-2.7191467;8.861938
a;68797614064389;-3.7461243;-2.7013092;8.993454
a;68797634205991;-3.780075;-2.8868408;8.918076
a;68797654347593;-3.8779602;-3.0853271;8.8103485
a;68797674489194;-3.7892456;-2.9005737;8.723526
a;68797694630796;-3.7318878;-2.7794495;8.700073
a;68797714772397;-3.8521423;-2.864975;8.88179
a;68797734913999;-3.8058472;-2.9183655;9.038803
a;68797755055600;-3.7681274;-3.0173492;8.879074
a;68797775197202;-3.8419495;-3.0340576;8.808533
a;68797795338804;-3.8822174;-3.0035706;8.775803
a;68797815480405;-3.869522;-2.8730927;8.892838
a;68797835622007;-3.8571167;-2.7858734;8.910919
a;68797855763608;-3.7611084;-2.749878;8.803787
a;68797875905210;-3.736435;-2.8167877;8.767731
a;68797896046811;-3.7862701;-2.8402863;8.907852
a;68797916188413;-3.7553558;-3.0438843;8.779648
a;68797936330014;-3.8435974;-2.9058685;8.889908
a;68797956471616;-3.8523407;-2.7539978;8.85112
a;68797976613218;-3.8608093;-2.8695374;8.745422
a;68797996754819;-3.815857;-2.7984924;8.888687
a;68798016896421;-3.847107;-2.7500153;9.003281
a;68798037038022;-3.8440552;-2.900116;8.862671
a;68798057179624;-3.8092957;-2.7722778;8.760208
a;68798077321225;-3.7614288;-2.754425;8.778992
a;68798097462827;-3.8250275;-2.957779;8.766983
a;68798117604429;-3.8328705;-2.8920898;8.911407
a;68798137746030;-3.8271027;-2.7934265;9.011032
a;68798157887632;-3.870819;-2.9579163;8.840454
a;68798178029233;-3.8279114;-2.8678741;8.82283
a;68798198170835;-3.7848663;-2.6851044;8.807419
a;68798218312436;-3.8495789;-2.7646637;8.753967
a;68798238454038;-3.7756653;-2.8088684;8.777145
a;68798258595639;-3.7896729;-2.853424;8.869888
a;68798278737241;-3.8394928;-2.888733;8.885147
a;68798298878843;-3.8156586;-2.8899841;8.869568
a;68798319020444;-3.8274841;-2.9231567;8.816208
a;68798339162046;-3.869522;-2.9314117;8.831665
a;68798359303647;-3.700592;-2.7898102;8.899384
a;68798379445249;-3.7483063;-2.7908936;8.9075775
a;68798399586850;-3.7860565;-2.9284515;8.861481
a;68798419728452;-3.8407135;-2.8918762;8.885376
a;68798439870054;-3.832718;-2.870346;8.76619
a;68798460011655;-3.818695;-2.817398;8.791031
a;68798480153257;-3.782959;-2.796814;8.973877
a;68798500294858;-3.8681793;-2.9210205;8.893402
a;68798520436460;-3.840744;-2.8377228;8.880707
a;68798540578061;-3.724884;-2.648529;8.769379
a;68798560719663;-3.8177795;-2.856186;8.766373
a;68798580861264;-3.8335266;-2.8972626;8.888153
a;68798601002866;-3.8567352;-2.9186707;8.88147
a;68798621144468;-3.797058;-2.73909;8.864471
a;68798641286069;-3.7746887;-2.7725372;8.795105
a;68798661427671;-3.7652893;-2.7658691;8.780884
a;68798681569272;-3.832779;-2.8694763;8.942627
a;68798701710874;-3.8424072;-2.8544922;9.03096
a;68798721852475;-3.8179321;-2.9379578;8.88797
a;68798741994077;-3.7986908;-2.8323517;8.822174
a;68798762135679;-3.83461;-2.7978058;8.891281
a;68798782277280;-3.869217;-2.8180542;8.813309
a;68798802418882;-3.7961426;-2.7338715;8.863632
a;68798817525083;-3.8314667;-2.7599335;8.798126
a;68798837666684;-3.7730408;-2.8762054;8.647766
a;68798857808286;-3.824417;-2.8261414;8.845047
a;68798877949887;-3.8932953;-2.753891;8.974655
a;68798898091489;-3.80661;-2.7275848;8.806885
a;68798918233091;-3.805603;-2.904068;8.71167
a;68798938374692;-3.908661;-3.0378265;8.792496
a;68798958516294;-3.7935486;-2.7950745;8.894821
a;68798978657895;-3.7952423;-2.7697601;8.853287
a;68798998799497;-3.7758026;-2.8656921;8.826706
a;68799018941098;-3.78862;-2.9056396;8.8129425
a;68799039082700;-3.8486328;-2.978363;8.8997345
a;68799059224302;-3.8376617;-2.8745575;8.892548
a;68799079365903;-3.8339233;-2.866394;8.659775
a;68799099507505;-3.8023987;-2.910492;8.764236
a;68799119649106;-3.8453674;-2.8834076;8.776749
a;68799139790708;-3.804123;-2.8699493;8.826813
a;68799159932309;-3.8695374;-2.7610931;8.807556
a;68799180073911;-3.8493805;-2.8089447;8.917725
a;68799200215512;-3.7621765;-2.9405365;8.883743
a;68799220357114;-3.7395782;-3.0589752;8.778168
a;68799240498716;-3.7349548;-3.0410614;8.782135
a;68799260640317;-3.7924042;-3.0355988;8.830627
a;68799280781919;-3.812912;-3.065567;8.934723
a;68799300923520;-3.708252;-2.9207153;8.981613
a;68799321065122;-3.8329773;-2.9436035;8.786072
a;68799341206723;-3.8369293;-3.081665;8.768387
a;68799361348325;-3.7879333;-3.0656433;8.818298
a;68799381489927;-3.7554932;-2.9305267;8.827621
a;68799401631528;-3.7500458;-2.8150787;8.748108
a;68799421773130;-3.7579346;-2.9957886;8.7456665
a;68799441914731;-3.82312;-3.1199493;8.828812
a;68799462056333;-3.9678955;-3.2560883;8.890549
a;68799482197934;-3.7586517;-2.9981537;9.03006
a;68799502339536;-3.486557;-2.7789307;8.85321
a;68799522481137;-3.676834;-3.0147247;8.548248
a;68799542622739;-4.1090546;-3.4556274;8.391083
a;68799562764341;-4.143387;-3.9550781;8.824905
a;68799582905942;-3.61438;-3.5491028;9.431976
a;68799603047544;-3.2245636;-3.0583344;9.213974
a;68799623189145;-3.2298431;-2.7539063;8.703888
a;68799643330747;-3.7131195;-3.6985626;8.039581
a;68799663472348;-3.547577;-3.1174622;8.420288
a;68799683613950;-3.2535248;-3.2463226;8.257111
a;68799703755552;-2.4691467;-2.0000153;10.537186
a;68799723897153;-2.5399933;-1.3404541;10.626846
a;68799744038755;-2.7794037;-1.5310669;9.728302
a;68799764180356;-2.947235;-2.1880035;8.847519
a;68799784321958;-2.9675598;-2.8002472;8.729416
a;68799804463559;-2.4852295;-2.0287323;9.375214
a;68799819569761;-1.9652863;-1.0381012;10.691528
a;68799839711362;-1.986496;-0.38937378;10.48082
a;68799859852964;-2.4581146;-1.0971527;9.080841
a;68799879994565;-2.3318176;-1.0472565;8.393066
a;68799900136167;-1.7091675;0.022827148;8.9019165
a;68799920277768;-1.8238983;0.06904602;10.247116
a;68799940419370;-2.2891388;-0.80944824;9.936783
a;68799960560971;-2.2129974;-0.9595032;9.304367
a;68799980702573;-1.9864502;-0.33488464;8.94426
a;68800000844175;-1.5544739;0.15403748;9.839813
a;68800020985776;-1.5324554;0.40715027;10.239471
a;68800041127378;-1.2132874;1.3864288;10.2730255
a;68800061268979;-1.3495026;1.1200714;9.929535
a;68800081410581;-1.5182648;0.8269806;9.327911
a;68800101552182;-1.4447937;1.0158386;9.8090515
a;68800121693784;-1.3563385;0.92910767;10.880356
a;68800141835386;-1.4074707;0.5335083;10.2052
a;68800161976987;-1.7183228;-0.0637207;9.05307
a;68800182118589;-1.5427856;0.72592163;9.548889
a;68800202260190;-1.5829773;0.89889526;9.645584
a;68800222401792;-1.4543304;1.6727753;10.193893
a;68800242543393;-1.6041565;0.9878235;10.268677
a;68800262684995;-1.8526154;0.17120361;9.719681
a;68800282826596;-2.0117645;-0.2440033;9.607849
a;68800302968198;-1.9024506;0.51283264;9.312866
a;68800323109800;-1.9641418;1.1798553;9.2756195
a;68800343251401;-2.2112274;1.4107819;10.00618
a;68800363393003;-2.5059814;0.6990509;9.923569
a;68800383534604;-2.784027;-0.49266052;9.201675
a;68800403676206;-3.0471344;-0.3309784;9.508209
a;68800423817807;-3.6684875;-1.1416168;8.791946
a;68800443959409;-3.5692596;-0.8994751;8.494568
a;68800464101011;-3.4359589;-0.8298187;7.8569183
a;68800484242612;-3.725891;-1.2897034;7.6345825
a;68800504384214;-3.7378082;-0.9042816;7.8321686
a;68800524525815;-2.9392395;-0.42201233;8.265762
a;68800544667417;-2.8359375;-0.29911804;8.016327
a;68800564809018;-3.0427704;-1.0046082;7.9483795
a;68800584950620;-3.1253662;-0.7470703;7.575531
a;68800605092221;-3.3835754;-0.78578186;6.869293
a;68800625233823;-3.2855225;-0.16697693;6.972183
a;68800645375425;-2.7693787;0.3368225;7.5710144
a;68800665517026;-3.1052094;0.44088745;7.667267
a;68800685658628;-4.8902893;-0.18345642;6.8091583
a;68800705800229;-5.226303;-1.797699;5.962433
a;68800725941831;-4.449524;-0.24707031;6.635803
a;68800746083432;-4.8118134;1.4949036;7.660446
a;68800766225034;-6.6284485;1.7605438;6.760895
a;68800786366636;-8.301849;-0.81752014;5.6316376
a;68800806508237;-7.7189636;-2.3820648;5.4914093
a;68800826649839;-7.197586;-0.13728333;6.833008
a;68800846791440;-7.555542;2.0698547;8.474442
a;68800866933042;-8.4305725;1.982727;8.508713
a;68800887074643;-9.028748;0.33233643;7.1878967
a;68800907216245;-8.813507;1.3895569;6.513748
a;68800927357846;-8.362442;2.612915;6.9925995
a;68800947499448;-8.611145;2.6483154;7.018799
a;68800967641050;-8.7469635;2.5807495;6.849289
a;68800987782651;-9.034531;2.4181519;6.4430084
a;68801007924253;-9.136719;2.1095276;5.787857
a;68801028065854;-9.272156;2.2948456;5.1966553
a;68801048207456;-9.463791;2.2837677;4.9115906
a;68801068349057;-9.465866;1.904068;4.520813
a;68801088490659;-9.545502;1.3179779;4.075165
a;68801108632261;-9.684708;0.8498688;3.6756287
a;68801128773862;-10.096237;0.28538513;3.1326294
a;68801148915464;-10.066177;-8.544922E-4;2.867859
a;68801169057065;-9.966553;0.21896362;2.893753
a;68801189198667;-9.876083;0.5345154;3.0408173
a;68801209340268;-9.914719;0.3651886;2.7940063
a;68801229481870;-10.130402;-0.065322876;2.512268
a;68801249623471;-10.351395;-0.32418823;2.7585754
a;68801269765073;-10.486237;-0.3347473;2.654007
a;68801289906675;-10.346436;-0.16133118;2.4571533
a;68801310048276;-10.128738;0.29986572;2.7945404
a;68801330189878;-10.292252;0.38442993;3.3797455
a;68801350331479;-10.174393;0.67126465;3.8220825
a;68801370473081;-10.117065;-0.14329529;3.1821136
a;68801390614682;-10.057327;-0.5279999;3.2515717
a;68801410756284;-9.647995;0.27412415;3.2547302
a;68801430897886;-9.420578;0.54029846;3.0099335
a;68801451039487;-9.11792;0.11210632;3.284134
a;68801471181089;-9.251419;-0.24986267;3.5327759
a;68801491322690;-9.510681;-0.02508545;3.8896942
a;68801511464292;-9.53978;-0.07077026;3.4714508
a;68801531605893;-9.506134;0.31591797;3.2379303
a;68801551747495;-9.366119;0.68388367;3.46492
a;68801571889096;-9.367218;0.45777893;3.4897156
a;68801592030698;-9.487793;0.34521484;3.3646393
a;68801612172300;-9.489304;0.36569214;3.03479
a;68801632341590;-9.424286;0.48986816;2.9227142
a;68801652483192;-9.352051;0.4496765;2.908661
a;68801672624793;-9.349411;0.25183105;2.5883942
a;68801692766395;-9.294052;0.19737244;2.4571838
a;68801712907996;-9.418823;0.15753174;2.45549
a;68801733049598;-9.464233;0.1078186;2.592331
a;68801753191200;-9.312485;0.27186584;2.8330994
a;68801773332801;-9.367874;0.24058533;2.66214
a;68801793474403;-9.563614;0.33622742;2.5769196
a;68801813616004;-9.392426;0.7131195;2.7299042
a;68801833757606;-9.308701;0.84132385;2.8591156
a;68801853899207;-9.199142;0.9684906;3.0473633
a;68801874040809;-9.105057;1.0496368;3.153183
a;68801894182410;-9.178818;0.79211426;2.9617004
a;68801914324012;-9.044479;0.82237244;2.940567
a;68801934465614;-8.969025;1.0489197;3.1114807
a;68801954607215;-8.811935;1.2777863;3.1965485
a;68801974748817;-8.691406;1.3152618;3.228531
a;68801994890418;-8.7669525;1.056839;3.0280457
a;68802015032020;-8.842361;0.8100128;2.9953613
a;68802035173621;-8.812485;0.51078796;2.9380188
a;68802055315223;-8.782761;0.8444977;3.0517578
a;68802075456825;-8.781113;0.9645996;3.0684204
a;68802095598426;-8.882996;0.89901733;3.068161
a;68802115740028;-8.920654;0.77272034;3.0962372
a;68802135881629;-9.013031;0.5873413;3.049286
a;68802156023231;-9.050873;0.47851563;3.0347748
a;68802176164832;-9.041901;0.34025574;2.9597015
a;68802196306434;-9.165817;0.21765137;2.8762512
a;68802216448035;-9.216568;0.44143677;3.0665283
a;68802236589637;-9.188156;0.5170593;3.097824
a;68802256731239;-9.267731;0.53378296;3.1706238
a;68802276872840;-9.3875885;0.3948059;3.1838684
a;68802297014442;-9.496307;0.20350647;3.111679
a;68802317156043;-9.477737;0.2325592;3.0446014
a;68802337297645;-9.492874;0.29458618;3.0802765
a;68802357439246;-9.464508;0.3521881;3.192871
a;68802377580848;-9.412643;0.33590698;3.2274933
a;68802397722450;-9.469833;0.26693726;3.2449036
a;68802417864051;-9.527985;-0.011260986;3.124237
a;68802438005653;-9.568268;-0.17427063;2.9293976
a;68802458147254;-9.487122;0.14224243;3.118393
a;68802478288856;-9.346725;0.42892456;3.3220978
a;68802498430457;-9.30629;0.6734772;3.354309
a;68802518572059;-9.282837;0.5860596;3.414566
a;68802538713660;-9.248123;0.20713806;3.2774963
a;68802558855262;-9.326263;-0.07644653;2.9912872
a;68802578996864;-9.330704;0.091033936;3.019287
a;68802599138465;-9.222488;0.5024414;3.1591492
a;68802619280067;-9.216476;0.6181946;3.2293396
a;68802639421668;-9.2521515;0.6283264;3.2674408
a;68802659563270;-9.298599;0.6047363;3.2300415
a;68802679704871;-9.32901;0.41227722;3.0879974
a;68802699846473;-9.371399;0.2490387;2.9154053
a;68802719988075;-9.369186;0.3816223;2.916153
a;68802740129676;-9.307816;0.64575195;3.0477448
a;68802760271278;-9.224136;0.766098;3.1320648
a;68802780412879;-9.208298;0.7528229;3.194107
a;68802800554481;-9.239868;0.5589447;3.0445557
a;68802820696082;-9.322296;0.3758545;2.897705
a;68802840837684;-9.318115;0.44732666;2.9179688
a;68802860979285;-9.187637;0.6877289;3.0105896
a;68802881120887;-9.122696;0.8489685;3.0899963
a;68802901262489;-9.032837;0.87394714;3.2078247
a;68802921404090;-8.977707;0.73747253;3.1508484
a;68802941545692;-8.989288;0.59947205;3.139145
a;68802961687293;-8.971222;0.49501038;2.9782257
a;68802981828895;-9.009796;0.5284271;2.988205
a;68803001970496;-8.962494;0.59269714;3.066162
a;68803022112098;-8.949081;0.68644714;3.1830444
a;68803042253700;-8.980606;0.7344055;3.188263
a;68803062395301;-8.983063;0.6461029;3.2028046
a;68803082536903;-9.045532;0.55636597;3.1664581
a;68803102678504;-9.130661;0.24822998;2.9675446
a;68803122820106;-9.233902;0.21072388;2.9056702
a;68803142961707;-9.206741;0.50639343;3.1161194
a;68803163103309;-9.229736;0.5888214;3.245163
a;68803183244910;-9.306305;0.65289307;3.3084717
a;68803203386512;-9.357483;0.5576019;3.2562408
a;68803223528114;-9.427567;0.3093872;3.1240387
a;68803243669715;-9.396118;0.290802;3.0493317
a;68803263811317;-9.390625;0.56967163;3.1459045
a;68803283952918;-9.365372;0.7424774;3.2591705
a;68803304094520;-9.368271;0.82769775;3.3364563
a;68803324236121;-9.411606;0.7306366;3.2834167
a;68803344377723;-9.400909;0.5417023;3.1013794
a;68803364519325;-9.381668;0.5971985;3.0611267
a;68803384660926;-9.370911;0.51322937;3.050064
a;68803404802528;-9.301559;0.84007263;3.2263184
a;68803424944129;-9.301498;0.9312439;3.266861
a;68803445085731;-9.286911;0.9980011;3.2922516
a;68803465227332;-9.317444;0.9303436;3.2262573
a;68803485368934;-9.319977;0.8059082;3.2225037
a;68803505510535;-9.251648;0.73428345;3.2035065
a;68803525652137;-9.180115;0.82902527;3.2365265
a;68803545793739;-9.103287;0.9582367;3.307663
a;68803565935340;-9.0061035;1.1022491;3.4773407
a;68803586076942;-8.996124;1.1502838;3.5358582
a;68803606218543;-9.103302;1.1851501;3.5219574
a;68803626360145;-9.21843;1.1475067;3.523941
a;68803646501746;-9.167175;1.022171;3.4528198
a;68803666643348;-9.2187195;1.0175934;3.4224548
a;68803686784950;-9.221161;1.0343628;3.39682
a;68803706926551;-9.20813;1.0375977;3.334793
a;68803727068153;-9.154678;1.0176392;3.2080994
a;68803747209754;-9.034988;0.971405;3.1715088
a;68803767351356;-8.993332;0.87753296;3.054245
a;68803787492957;-8.900421;0.93688965;3.0690155
a;68803807634559;-8.74585;1.0604095;3.108673
a;68803827776160;-8.653885;1.1015167;2.9592285
a;68803847917762;-8.544922;1.0786133;2.9619598
a;68803868059364;-8.699051;0.871109;2.9071655
a;68803888200965;-8.668732;0.9711151;3.0669098
a;68803908342567;-8.761688;1.464035;3.4256134
a;68803928484168;-8.975876;1.5323944;3.3659363
a;68803948625770;-8.995758;1.4490509;3.2024384
a;68803968767371;-8.876602;1.4759521;3.1250153
a;68803988908973;-8.883484;1.1193542;3.0383148
a;68804009050575;-9.006454;0.7557373;2.9779663
a;68804029192176;-8.948624;1.2683868;3.1726074
a;68804049333778;-8.815735;1.6888885;3.4103699
a;68804069475379;-8.730774;1.8534851;3.485443
a;68804089616981;-8.517639;1.9151154;3.4989166
a;68804109758582;-8.436844;1.6310425;3.3347473
a;68804129900184;-8.42778;1.4808807;3.143631
a;68804150041785;-8.627274;1.2871552;3.1190186
a;68804170183387;-8.840256;1.4396973;3.2640533
a;68804190324989;-8.879242;1.6091766;3.2389984
a;68804210466590;-8.946732;1.6984863;3.121643
a;68804230608192;-9.060425;1.6837769;3.1247253
a;68804250749793;-9.112747;1.3704376;3.091095
a;68804270891395;-9.143417;1.2014618;2.984497
a;68804291032996;-9.164719;1.3695679;2.9369202
a;68804311174598;-9.030411;1.3941956;2.9992676
a;68804331316200;-8.75415;1.2425537;3.0191193
a;68804351457801;-8.724411;1.1226349;3.046341
a;68804371599403;-8.678268;1.0168457;3.0542297
a;68804391741004;-8.687241;0.90670776;2.9761353
a;68804411882606;-8.488602;0.73947144;2.8822937
a;68804432024207;-8.450897;0.6429596;2.926056
a;68804452165809;-8.513184;0.5823364;3.0196686
a;68804472307410;-8.479889;0.6748352;3.012268
a;68804492449012;-8.541763;0.76423645;3.0462189
a;68804512590614;-8.698395;0.74716187;2.9706726
a;68804532732215;-8.846405;0.71276855;3.0518494
a;68804552873817;-8.913315;0.5465088;3.0931091
a;68804573015418;-8.800522;0.338562;3.1434326
a;68804593157020;-8.678238;0.48849487;3.0623932
a;68804613298621;-8.670395;0.6305542;3.0267487
a;68804633440223;-8.783691;0.7055969;3.0130615
a;68804653581825;-8.922974;0.6729431;2.942093
a;68804673723426;-8.934158;0.4589386;2.829956
a;68804693865028;-8.852249;0.022781372;2.5724182
a;68804714006629;-8.740967;-0.17884827;2.4080658
a;68804734148231;-8.672256;-0.13146973;2.2843933
a;68804754289832;-8.668991;-0.19691467;2.276535
a;68804774431434;-8.67717;-0.41793823;2.2061462
a;68804794573035;-8.7413025;-0.716629;2.053894
a;68804814714637;-8.702988;-0.80355835;1.934433
a;68804834856239;-8.903641;-0.8079376;1.8708191
a;68804854997840;-9.453918;-0.72610474;1.7874146
a;68804875139442;-9.727097;-0.7440033;1.7785492
a;68804895281043;-10.073227;-0.7249298;1.7297821
a;68804915422645;-10.769669;-0.87542725;1.6210785
a;68804935564246;-11.178513;-1.0202942;1.490982
a;68804955705848;-11.148239;-0.90519714;1.4844513
a;68804975847450;-11.046066;-0.780838;1.4889069
a;68804995989051;-11.038269;-0.71284485;1.5613251
a;68805016130653;-11.148331;-0.9195099;1.5339966
a;68805036272254;-11.063126;-1.164978;1.3111725
a;68805056413856;-10.995148;-0.95480347;1.1077881
a;68805076555457;-10.909088;-0.8895569;1.0991058
a;68805096697059;-10.597702;-0.85523987;1.2110138
a;68805116838660;-10.396957;-0.7273102;1.3274689
a;68805136980262;-10.373291;-1.0257721;1.1040802
a;68805157121864;-10.321411;-1.2167969;0.91819763
a;68805177263465;-10.4170685;-1.2212372;0.77264404
a;68805197405067;-10.407196;-1.1087189;0.794281
a;68805217546668;-10.277374;-0.97746277;0.90953064
a;68805237688270;-10.218155;-0.94036865;1.0547943
a;68805257829871;-10.093857;-1.0977478;1.1197815
a;68805277971473;-9.944061;-1.2189941;1.0722046
a;68805298113075;-9.797821;-1.2988129;0.92385864
a;68805318254676;-9.545761;-1.2339478;0.7971802
a;68805338396278;-9.3619995;-1.1206512;0.7865448
a;68805358537879;-9.313553;-1.1234894;0.66119385
a;68805378679481;-9.24733;-1.131134;0.57032776
a;68805398821082;-9.099457;-1.2084961;0.5332184
a;68805418962684;-9.055557;-1.4823761;0.41488647
a;68805439104285;-9.182617;-1.6147766;0.46528625
a;68805459245887;-9.323975;-1.5406494;0.7072449
a;68805479387489;-9.399551;-1.4303436;1.0132446
a;68805499529090;-9.469574;-1.2028961;1.2748871
a;68805519670692;-9.813568;-0.80410767;1.3120422
a;68805539812293;-9.94487;-0.79408264;1.246048
a;68805559953895;-9.442856;-1.0771484;1.4398804
a;68805580095496;-8.982285;-1.4096069;1.7160339
a;68805600237098;-8.858734;-1.5620422;1.8029785
a;68805620378700;-8.83902;-1.4427643;2.0286865
a;68805640520301;-8.962112;-1.2791748;2.2578278
a;68805660661903;-9.400192;-1.3993073;2.3999481
a;68805680803504;-9.845978;-1.4517822;2.3229218
a;68805700945106;-10.186737;-1.4701538;2.2219086
a;68805721086707;-10.394714;-1.560669;2.1776123
a;68805741228309;-10.319183;-1.4559784;2.0481262
a;68805761369910;-10.094421;-1.4036865;2.0416565
a;68805781511512;-9.94812;-1.4542542;2.1347504
a;68805801653114;-9.868271;-1.6042023;2.1382904
a;68805821794715;-9.783905;-1.588028;2.0813293
a;68805841936317;-9.700195;-1.6154938;1.9288483
a;68805862077918;-9.607788;-1.5814972;1.6620636
a;68805882219520;-9.5282135;-1.5898743;1.5977936
a;68805902361121;-9.510666;-1.6741333;1.6651154
a;68805922502723;-9.597092;-1.72406;1.6719208
a;68805942644325;-9.907883;-1.70784;1.5445404
a;68805962785926;-10.304825;-1.6047363;1.2548828
a;68805982927528;-10.239578;-1.5052338;1.1902771
a;68806003069129;-10.061737;-1.4892578;1.2444916
a;68806023210731;-10.103485;-1.4822235;1.3339386
a;68806043352332;-10.145645;-1.411026;1.3089294
a;68806063493934;-10.045059;-1.3699951;1.1975708
a;68806083635535;-9.813171;-1.4196167;1.1755066
a;68806103777137;-9.720444;-1.380188;1.1566162
a;68806123918739;-9.739914;-1.3111725;1.196106
a;68806144060340;-9.7144165;-1.1930084;1.2868195
a;68806164201942;-9.610657;-1.1203461;1.4026794
a;68806184343543;-9.569153;-1.1121368;1.378006
a;68806204485145;-9.431168;-1.0724945;1.3404083
a;68806224626746;-9.29895;-1.1432037;1.4090118
a;68806244768348;-9.065231;-1.2338562;1.3735046
a;68806264909950;-8.9270935;-1.2555542;1.2826385
a;68806285051551;-8.818649;-1.2568512;1.3010712
a;68806305193153;-8.733459;-1.2101593;1.3460846
a;68806325334754;-8.753082;-1.210846;1.4011841
a;68806345476356;-8.837753;-1.2663727;1.4151611
a;68806365617957;-8.973465;-1.3083038;1.4108582
a;68806385759559;-8.997787;-1.3780212;1.3614502
a;68806405901160;-9.018814;-1.3945465;1.3655396
a;68806426042762;-9.127457;-1.4480743;1.3391418
a;68806446184364;-9.288376;-1.5122528;1.3987885
a;68806466325965;-9.463516;-1.5732422;1.4423981
a;68806486467567;-9.62117;-1.5652618;1.4541016
a;68806506609168;-9.755127;-1.6224518;1.4951782
a;68806526750770;-9.822739;-1.625;1.4867401
a;68806546892371;-9.787094;-1.5789337;1.5153198
a;68806567033973;-9.729202;-1.6317902;1.5453339
a;68806587175575;-9.763229;-1.5997772;1.6260681
a;68806607317176;-9.810898;-1.6232605;1.5986633
a;68806627458778;-9.884796;-1.6104889;1.5533752
a;68806647600379;-9.917892;-1.6604309;1.4631653
a;68806667741981;-9.953247;-1.7172089;1.4827881
a;68806687883582;-9.887039;-1.7351379;1.4508057
a;68806708025184;-9.888794;-1.7777405;1.471283
a;68806728166785;-9.991287;-1.8020172;1.4141388
a;68806748308387;-10.020325;-1.8257751;1.4128418
a;68806768449989;-9.98201;-1.846283;1.4568481
a;68806788591590;-9.947723;-1.8093109;1.3951874
a;68806808733192;-9.931488;-1.783844;1.4544525
a;68806828874793;-9.814743;-1.7611542;1.4756165
a;68806849016395;-9.698807;-1.6448975;1.4832458
a;68806869157996;-9.645996;-1.6394501;1.5310516
a;68806889299598;-9.6826935;-1.5709839;1.4677429
a;68806909441200;-9.793091;-1.5350342;1.4647522
a;68806929582801;-9.877426;-1.5557861;1.3015594
a;68806949724403;-9.889404;-1.5457458;1.2261963
a;68806969866004;-9.91362;-1.4785004;1.2029266
a;68806990007606;-9.91156;-1.4255524;1.1770172
a;68807010149207;-9.844742;-1.3909302;1.1154633
a;68807030290809;-9.687988;-1.4009247;1.037384
a;68807050432410;-9.573212;-1.4325867;1.0245056
a;68807070574012;-9.472473;-1.4830017;1.070694
a;68807090715614;-9.340363;-1.4719696;1.0925903
a;68807110857215;-9.230881;-1.427887;1.1215363
a;68807130998817;-9.196655;-1.3902435;1.1261597
a;68807151140418;-9.206329;-1.4190063;1.1196136
a;68807171282020;-9.210419;-1.401886;1.1261749
a;68807191423621;-9.267624;-1.4352875;1.1509094
a;68807211565223;-9.289673;-1.4086609;1.1682281
a;68807231706825;-9.341705;-1.405304;1.1482391
a;68807251848426;-9.43541;-1.4441681;1.1189117
a;68807271990028;-9.569962;-1.4824982;1.1143799
a;68807292131629;-9.605072;-1.530716;1.1317902
a;68807312273231;-9.505493;-1.5443268;1.2238159
a;68807332414832;-9.518356;-1.5105286;1.2401123
a;68807352556434;-9.523514;-1.4744263;1.2779388
a;68807372698035;-9.533081;-1.4700775;1.2810974
a;68807392839637;-9.551743;-1.519104;1.2556305
a;68807412981239;-9.566467;-1.5931396;1.2787323
a;68807433122840;-9.631424;-1.5904846;1.235733
a;68807453264442;-9.590118;-1.574234;1.327179
a;68807473406043;-9.651138;-1.5601349;1.2757568
a;68807493547645;-9.686096;-1.5729523;1.2567444
a;68807513689246;-9.666565;-1.6213531;1.3344727
a;68807533830848;-9.684357;-1.6554413;1.250473
a;68807553972450;-9.703522;-1.6729126;1.2012329
a;68807574114051;-9.735519;-1.6721191;1.2210999
a;68807594255653;-9.723022;-1.5963898;1.2821045
a;68807614397254;-9.705673;-1.5766144;1.3271027
a;68807634538856;-9.725418;-1.5801697;1.3308411
a;68807654680457;-9.748199;-1.603241;1.3427582
a;68807674822059;-9.748718;-1.6484833;1.3183136
a;68807694963660;-9.725403;-1.6915436;1.2468567
a;68807715105262;-9.7083435;-1.5951843;1.264389
a;68807735246864;-9.660477;-1.5357971;1.3641968
a;68807755388465;-9.669937;-1.5234528;1.3105774
a;68807775530067;-9.687439;-1.5411987;1.2938995
a;68807795671668;-9.713104;-1.5950012;1.2728882
a;68807815813270;-9.680603;-1.5671844;1.2350922
a;68807835954871;-9.5972595;-1.5486145;1.2315979
a;68807856096473;-9.504547;-1.4939728;1.301178
a;68807876238075;-9.482788;-1.453537;1.2768707
a;68807896379676;-9.5329895;-1.4739075;1.2247925
a;68807916521278;-9.525925;-1.4875946;1.1527863
a;68807936662879;-9.5385895;-1.5174866;1.114914
a;68807956804481;-9.529739;-1.5604553;1.1082458
a;68807976946082;-9.517883;-1.5584869;1.1292267
a;68807997087684;-9.546112;-1.5912781;1.125534
a;68808017229285;-9.579071;-1.5354767;1.1575012
a;68808037370887;-9.621735;-1.5241852;1.1838226
a;68808057512489;-9.625977;-1.4907532;1.1752167
a;68808077654090;-9.62291;-1.5380096;1.1761322
a;68808097795692;-9.659897;-1.5347748;1.2155457
a;68808117937293;-9.629074;-1.4971313;1.2091675
a;68808138078895;-9.647949;-1.4908447;1.1786499
a;68808158220496;-9.657425;-1.4951172;1.201004
a;68808178362098;-9.663574;-1.5287323;1.1460571
a;68808198503700;-9.610306;-1.4454193;1.1414948
a;68808218645301;-9.634476;-1.3923492;1.197815
a;68808238786903;-9.553513;-1.4321747;1.2210693
a;68808258928504;-9.486359;-1.4717407;1.2607574
a;68808279070106;-9.5289;-1.4820557;1.2643127
a;68808299211707;-9.529266;-1.424408;1.1924896
a;68808319353309;-9.614258;-1.4031525;1.2554321
a;68808339494910;-9.573868;-1.4388275;1.2439117
a;68808359636512;-9.562286;-1.5470581;1.2359009
a;68808379778114;-9.612228;-1.5740814;1.1900635
a;68808399919715;-9.636612;-1.5678558;1.2185822
a;68808420061317;-9.647736;-1.5688019;1.1947479
a;68808440202918;-9.626694;-1.5921631;1.1559296
a;68808460344520;-9.704742;-1.6003113;1.1419525
a;68808480486121;-9.63237;-1.6388702;1.1841431
a;68808500627723;-9.6371765;-1.596817;1.218338
a;68808520769325;-9.732895;-1.7637024;1.2984924
a;68808540910926;-10.070587;-2.5731964;1.5370331
a;68808561052528;-10.511841;-3.2042542;1.5150757
a;68808581194129;-10.537018;-3.1107178;1.4765472
a;68808601335731;-10.588425;-3.0973663;1.1425476
a;68808621477332;-10.352219;-3.1011658;1.0538177
a;68808641618934;-10.034927;-3.4517365;1.0508575
a;68808661760535;-9.854919;-3.8159637;1.06987
a;68808681902137;-9.588409;-4.322998;1.1645355
a;68808702043739;-9.48735;-4.4383698;1.0888672
a;68808722185340;-9.409012;-4.557602;1.127182
a;68808742326942;-9.618851;-4.8642426;1.2575836
a;68808762468543;-9.949326;-5.2362976;1.3218384
a;68808782610145;-10.243866;-6.0251465;1.2957458
a;68808802751746;-10.555878;-6.67955;1.0649109
a;68808822893348;-11.055466;-7.408188;0.55940247
a;68808843034950;-11.09314;-8.242676;0.7230072
a;68808863176551;-11.400436;-8.491852;1.1522827
a;68808883318153;-11.263901;-8.606552;1.4596252
a;68808903459754;-10.760544;-8.832245;1.1777344
a;68808923601356;-10.335587;-8.538879;0.9655762
a;68808943742957;-9.809204;-8.156647;1.3939514
a;68808963884559;-8.858627;-8.132507;1.7309875
a;68808984026160;-8.12767;-7.342804;1.701767
a;68809004167762;-7.377411;-7.662857;2.4189606
a;68809024309364;-6.873337;-7.003006;2.3699799
a;68809044450965;-5.251831;-5.071808;2.744995
a;68809064592567;-4.1985474;-5.2857513;2.9261932
a;68809084734168;-3.8863373;-5.5352173;2.9949646
a;68809104875770;-3.5569153;-5.1883545;2.7370453
a;68809125017371;-2.957489;-4.656357;3.1186829
a;68809145158973;-2.6366882;-4.8262024;3.841858
a;68809165300575;-2.5113373;-5.4996643;4.560684
a;68809185442176;-2.3783417;-5.534775;5.053131
a;68809205583778;-2.4873962;-5.096634;5.354767
a;68809225725379;-2.5303802;-5.3009796;5.6903076
a;68809245866981;-2.1546326;-4.960327;6.7003326
a;68809266008582;-1.9276428;-5.1829834;7.3129425
a;68809286150184;-1.4991913;-6.2553253;7.202881
a;68809306291785;-1.1960449;-6.635849;6.963867
a;68809326433387;-0.9381256;-6.5153503;7.3517
a;68809346574989;-0.54849243;-5.7062683;7.9884033
a;68809366716590;-0.0284729;-5.6457825;8.057663
a;68809386858192;-0.032409668;-6.7594147;7.455078
a;68809406999793;-0.072387695;-7.108124;7.159729
a;68809427141395;0.002029419;-6.738968;7.213394
a;68809447282996;0.22265625;-6.4655304;7.2475586
a;68809467424598;0.35305786;-6.5921326;7.4332123
a;68809487566200;0.27444458;-7.063553;7.453583
a;68809507707801;0.15559387;-7.167618;7.182663
a;68809527849403;0.14834595;-6.9990387;7.211136
a;68809547991004;0.04322815;-6.1948395;7.177719
a;68809568132606;0.022613525;-5.874588;7.5480957
a;68809588274207;-0.11645508;-6.465103;7.81015
a;68809608415809;-0.04232788;-6.884506;7.9166718
a;68809628557410;0.046020508;-6.780014;8.060715
a;68809648699012;-0.011947632;-6.584442;7.7940063
a;68809668840614;0.010238647;-6.250229;7.79187
a;68809688982215;-0.18153381;-6.3603363;8.019119
a;68809709123817;-0.09246826;-7.146179;8.120056
a;68809729265418;-0.26808167;-6.5990753;8.334351
a;68809749407020;-0.5964203;-6.1792145;8.305542
a;68809769548621;-0.810379;-5.9174194;8.512497
a;68809789690223;-0.638504;-6.135391;8.249115
a;68809809831825;-0.85791016;-6.1950836;8.89357
a;68809829973426;-0.40385437;-6.3285522;9.164368
a;68809850115028;-0.43200684;-6.715744;8.940231
a;68809870256629;-0.42733765;-6.4301147;8.192108
a;68809890398231;-0.29589844;-6.732727;7.4894257
a;68809910539832;-0.32546997;-6.5584717;7.463745
a;68809930681434;-0.109298706;-5.870758;7.576065
a;68809950823035;0.095718384;-6.061661;7.6364136
a;68809970964637;0.10702515;-5.973831;7.657669
a;68809991106239;0.1568451;-5.977936;7.776825
a;68810011247840;0.18328857;-6.7311096;7.721924
a;68810031389442;0.5243988;-6.4135895;7.8716125
a;68810051531043;0.9365692;-5.9241333;7.7011566
a;68810071672645;0.6557007;-5.265869;7.3611755
a;68810091814246;0.33815002;-4.5075684;6.9914093
a;68810111955848;-0.41342163;-4.16066;7.0633545
a;68810132097450;-1.201889;-4.157959;8.072144
a;68810152239051;-1.9134979;-3.4495087;9.401596
a;68810172380653;-2.317398;-3.0730133;9.764786
a;68810192522254;-2.8761444;-2.7495422;9.707397
a;68810212663856;-3.5612183;-2.613556;10.60965
a;68810232805457;-3.6212006;-2.6598969;11.090836
a;68810252947059;-3.278305;-2.446518;11.01506
a;68810273088660;-3.1192017;-2.2765808;10.275757
a;68810293230262;-3.0413513;-2.6533813;9.794266
a;68810313371864;-2.953888;-3.0018616;9.535202
a;68810333513465;-2.8776398;-2.625061;9.387238
a;68810353655067;-3.0046692;-2.0503845;9.224442
a;68810373796668;-2.9518738;-2.226944;9.468109
a;68810393938270;-2.823761;-2.273178;9.487198
a;68810414079871;-2.9261627;-2.2022858;9.466003
a;68810434221473;-2.8328247;-1.7042694;9.427048
a;68810454363075;-2.6165009;-1.7915955;9.375824
a;68810474504676;-2.520523;-1.913269;9.169693
a;68810494646278;-2.5816956;-1.8882446;9.160629
a;68810514787879;-2.4761047;-1.5293884;9.089615
a;68810534929481;-2.4614105;-1.5423889;9.120697
a;68810555071082;-2.4855652;-1.9983063;9.283279
a;68810575212684;-2.3949585;-2.0220184;9.414749
a;68810595354285;-2.3119507;-1.7887115;9.660706
a;68810615495887;-2.5196228;-1.8110352;9.552048
a;68810635637489;-2.52211;-1.6933594;9.572311
a;68810655779090;-2.4421082;-1.778122;9.662231
a;68810675920692;-2.5046234;-1.9360504;9.635849
a;68810696062293;-2.4727478;-1.8237762;9.732193
