a;12861408100882;0.39237976;-2.5494843;9.791138
a;12861428242483;0.32736206;-2.5582123;9.815704
a;12861448384085;0.37106323;-2.7752228;9.327576
a;12861468525686;0.903656;-2.5121307;9.729065
a;12861488667288;0.5283203;-2.7004547;9.805252
a;12861508808890;0.5576172;-2.8876953;9.965393
a;12861528950491;0.50627136;-2.9697418;9.813507
a;12861549092093;0.27946472;-2.904007;9.432053
a;12861569233694;0.50875854;-2.8892822;9.556351
a;12861589375296;0.7258911;-2.6620026;9.650482
a;12861609516897;0.7404175;-2.6116486;9.805054
a;12861629658499;0.65309143;-2.6376953;9.673508
a;12861649800101;0.38046265;-2.7620544;9.583847
a;12861669941702;0.26138306;-2.7626953;9.649902
a;12861690083304;0.24493408;-2.6604156;9.606232
a;12861710224905;0.22676086;-2.7048035;9.481796
a;12861730366507;0.2746582;-2.7129822;9.456039
a;12861750508108;0.2535553;-2.7849274;9.552338
a;12861770649710;0.19825745;-2.7951508;9.53598
a;12861790791311;0.122558594;-2.7689362;9.375107
a;12861810932913;-0.46798706;-2.3845978;9.11969
a;12861831074515;-1.7198029;-1.8998413;8.842773
a;12861851229161;-0.565979;-2.4324188;8.47702
a;12861871370763;-1.3101044;-2.067871;8.154282
a;12861891512364;-1.8389587;-1.7576294;7.709442
a;12861911653966;-2.177353;-2.214798;7.1652374
a;12861931795567;-2.2036438;-2.8015137;6.6637726
a;12861951937169;-2.2810822;-3.192154;6.769806
a;12861972078771;-2.5467834;-3.2795258;6.913574
a;12861992220372;-2.6988678;-3.1618195;6.9315796
a;12862012361974;-2.6975098;-3.25354;7.001053
a;12862032503575;-2.7713928;-3.6032104;7.0559998
a;12862052645177;-3.1657715;-4.073288;7.448349
a;12862072786778;-3.5319824;-4.26709;7.697342
a;12862092928380;-3.6559143;-4.2405243;7.6220856
a;12862113069981;-3.6884613;-4.2489777;7.4320526
a;12862133211583;-4.099991;-5.26326;7.936615
a;12862153353185;-4.773529;-6.532898;8.1119995
a;12862173494786;-5.044525;-6.726822;7.18486
a;12862193636388;-4.830414;-6.5524597;6.435486
a;12862213777989;-4.6518707;-6.418976;6.3539276
a;12862233919591;-5.1246185;-7.2990875;6.35141
a;12862254061192;-5.990219;-7.7405243;5.840332
a;12862274202794;-6.8538666;-7.1993713;5.1638336
a;12862294344396;-7.4528046;-6.945236;4.326889
a;12862314485997;-7.873123;-6.895706;3.3388672
a;12862334627599;-8.422623;-7.040497;2.220169
a;12862354769200;-9.109482;-7.567398;1.152832
a;12862374910802;-9.77243;-8.319229;0.5163269
a;12862395052403;-10.414963;-8.241104;0.36341858
a;12862415194005;-10.76683;-7.7048187;0.11981201
a;12862435335606;-10.912155;-7.2837067;-0.008239746
a;12862455477208;-10.943054;-6.9748077;0.41023254
a;12862475618810;-10.7836;-6.4771423;0.7117462
a;12862495760411;-10.564178;-5.81456;0.76904297
a;12862515902013;-10.232162;-5.107773;0.7337036
a;12862536043614;-9.983765;-4.5453796;0.8282776
a;12862556185216;-9.750931;-4.213043;0.7882385
a;12862576326817;-9.552002;-4.043686;0.73765564
a;12862596468419;-9.243912;-3.9212646;0.8025818
a;12862616610021;-8.949371;-3.8751373;1.0070801
a;12862636751622;-8.690887;-3.814682;1.216217
a;12862656893224;-8.545303;-3.7180634;1.3233032
a;12862677034825;-8.51944;-3.511261;1.411972
a;12862697176427;-8.601349;-3.3092957;1.5898895
a;12862717318028;-8.616608;-3.2247925;1.7127991
a;12862737459630;-8.689117;-3.243164;1.6799774
a;12862757601231;-8.876022;-3.3785095;1.5174255
a;12862777742833;-9.092606;-3.780838;1.2286682
a;12862797884435;-9.343201;-4.0956726;0.96099854
a;12862818026036;-9.4691925;-4.159622;0.8423004
a;12862838167638;-9.502594;-4.091324;0.75535583
a;12862858309239;-9.564285;-3.963745;0.7574005
a;12862878450841;-9.494019;-3.8316345;0.88720703
a;12862898592442;-9.345886;-3.7177124;0.9881897
a;12862918734044;-9.255966;-3.6202545;0.9732666
a;12862938875646;-9.233368;-3.449173;1.0547028
a;12862959017247;-9.096344;-3.485611;1.0072174
a;12862979158849;-8.983429;-3.4811707;1.0314941
a;12862999300450;-8.92778;-3.4527283;1.0493317
a;12863019442052;-8.894333;-3.4629211;1.0059204
a;12863039583653;-8.914154;-3.512024;1.0828705
a;12863059725255;-8.9622345;-3.5610657;1.1081848
a;12863079866856;-9.014709;-3.5998383;1.1059113
a;12863100008458;-9.126434;-3.7394867;1.0971375
a;12863120150060;-9.177856;-3.8304443;1.1701813
a;12863140291661;-9.134064;-3.9035187;1.2270203
a;12863160433263;-9.153473;-3.9358826;1.1768799
a;12863180574864;-9.179398;-3.9934387;1.1519623
a;12863200716466;-9.164795;-4.0025787;1.1828766
a;12863220858067;-9.1336975;-4.005951;1.2193604
a;12863240999669;-9.135162;-4.0343933;1.188446
a;12863261141271;-9.078598;-4.0401764;1.1676941
a;12863281282872;-9.09433;-4.026306;1.1463928
a;12863301424474;-9.113312;-4.0126343;1.2021027
a;12863321566075;-9.118652;-3.9985962;1.1917572
a;12863341707677;-9.153;-4.0142975;1.1921692
a;12863361849278;-9.153519;-4.005295;1.1290894
a;12863381990880;-9.139786;-3.9448547;1.1414795
a;12863402132481;-9.127243;-3.8565216;1.1569214
a;12863422274083;-9.169678;-3.81279;1.1457672
a;12863442415685;-9.179626;-3.7999268;1.1817017
a;12863462557286;-9.162399;-3.8182068;1.1562042
a;12863482698888;-9.116852;-3.8106995;1.1261902
a;12863502840489;-9.063507;-3.8297424;1.1065216
a;12863522982091;-9.1008;-3.8192291;1.0899658
a;12863543123692;-9.130295;-3.8472748;1.0948486
a;12863563265294;-9.15596;-3.8426208;1.0766754
a;12863583406896;-9.124054;-3.8660736;1.0946655
a;12863603548497;-9.091873;-3.876831;1.1033173
a;12863623690099;-9.106567;-3.8857117;1.0763245
a;12863643831700;-9.080231;-3.8480682;1.1025391
a;12863663973302;-9.112228;-3.8463898;1.1078339
a;12863684114903;-9.1167755;-3.8431854;1.1295319
a;12863704256505;-9.070358;-3.873001;1.081543
a;12863724398106;-9.034607;-3.8454437;1.1301727
a;12863744539708;-9.075821;-3.8281097;1.1064148
a;12863764681310;-9.128586;-3.809555;1.1087952
a;12863784822911;-9.106812;-3.8320007;1.0834808
a;12863804964513;-9.104736;-3.8082123;1.052887
a;12863825106114;-9.105972;-3.8305206;1.023056
a;12863845247716;-9.117279;-3.8325653;0.981369
a;12863865389317;-9.11261;-3.8049164;1.0556946
a;12863885530919;-9.11055;-3.8164063;1.0484314
a;12863905672521;-9.072861;-3.7709808;1.0761261
a;12863925814122;-9.14502;-3.786026;1.0819702
a;12863945955724;-9.186218;-3.8173676;1.0415802
a;12863966097325;-9.135269;-3.7697449;1.0907135
a;12863986238927;-9.13414;-3.7728882;1.1235657
a;12864006380528;-9.123642;-3.770584;1.1188354
a;12864026522130;-9.120941;-3.779892;1.1461334
a;12864046663731;-9.108185;-3.776886;1.1100616
a;12864066805333;-9.136017;-3.8000488;1.0743713
a;12864086946935;-9.150574;-3.8260193;1.0771637
a;12864107088536;-9.140366;-3.8333588;1.0844879
a;12864127230138;-9.134003;-3.8219452;1.0702362
a;12864147371739;-9.115448;-3.8261108;1.0625
a;12864167513341;-9.102844;-3.8348846;1.102478
a;12864187654942;-9.133759;-3.832962;1.0993652
a;12864207796544;-9.17337;-3.8391113;1.1220856
a;12864227938146;-9.155426;-3.8300781;1.074585
a;12864248079747;-9.152237;-3.842575;1.102005
a;12864268221349;-9.14505;-3.8417664;1.111908
a;12864288362950;-9.167908;-3.8050385;1.0715637
a;12864308504552;-9.134323;-3.7698975;1.0694427
a;12864328646153;-9.169373;-3.7733307;1.1112213
a;12864348787755;-9.142258;-3.7789764;1.0687256
a;12864368929356;-9.137207;-3.7906342;1.0563812
a;12864389070958;-9.155014;-3.7895508;1.0561676
a;12864409212560;-9.175995;-3.7891388;0.9990387
a;12864429354161;-9.1436615;-3.8091888;1.054245
a;12864449495763;-9.169083;-3.7834473;1.1467896
a;12864469637364;-9.144943;-3.8044434;1.1318665
a;12864489778966;-9.05957;-3.7947693;1.1018219
a;12864509920567;-9.103546;-3.7564545;1.0493774
a;12864530062169;-9.1653595;-3.7696075;1.0991821
a;12864550203771;-9.189102;-3.8524628;1.0628815
a;12864570345372;-9.157883;-3.882248;1.1275177
a;12864590486974;-9.137894;-3.781021;1.1379852
a;12864610628575;-9.103073;-3.8852692;1.0559692
a;12864630770177;-9.128662;-3.8447876;1.0927887
a;12864650911778;-9.125168;-3.8779297;1.0614624
a;12864671053380;-9.08197;-3.833435;1.1349487
a;12864691194981;-9.0772705;-3.8013458;1.1216431
a;12864711336583;-9.120224;-3.850525;1.0967407
a;12864731478185;-9.123398;-3.8511353;1.0266113
a;12864751619786;-9.088272;-3.8237915;1.0382233
a;12864771761388;-9.124268;-3.7980652;1.0293579
a;12864791902989;-9.148895;-3.7796326;1.0252686
a;12864812044591;-9.129654;-3.7895203;1.0110016
a;12864832186192;-9.143173;-3.8063202;1.0102234
a;12864852327794;-9.140854;-3.8019867;1.0090637
a;12864872469396;-9.138687;-3.7895966;1.0340576
a;12864892610997;-9.121674;-3.7960358;1.0704956
a;12864912752599;-9.096954;-3.813614;1.0809631
a;12864932894200;-9.094986;-3.801468;1.0661621
a;12864953035802;-9.094528;-3.848236;1.076416
a;12864973177403;-9.11969;-3.8350067;1.0865784
a;12864993319005;-9.126724;-3.8743439;1.0484161
a;12865013460606;-9.132278;-3.8631134;1.0779877
a;12865033602208;-9.120148;-3.886551;1.0516968
a;12865053743810;-9.142303;-3.84346;1.0820007
a;12865073885411;-9.150192;-3.8280945;1.088501
a;12865094027013;-9.118469;-3.8426056;1.0437012
a;12865114168614;-9.131866;-3.7744904;1.02388
a;12865134310216;-9.088608;-3.7895813;1.0336151
a;12865154451817;-9.066925;-3.8144379;1.021225
a;12865174593419;-9.029083;-3.77919;1.0204468
a;12865194735021;-8.957733;-3.886383;1.221405
a;12865214876622;-9.068771;-3.9174347;1.3014526
a;12865235018224;-9.175232;-3.9618683;1.3198547
a;12865255159825;-9.195129;-3.8491821;1.5917816
a;12865275301427;-9.477875;-4.262863;2.2223053
a;12865295443028;-9.94722;-4.1022034;3.486374
a;12865315584630;-10.367035;-4.2794037;4.2883606
a;12865335726231;-11.588211;-5.591385;3.4805908
a;12865355867833;-12.843887;-10.654205;2.0889587
a;12865376009435;-15.551147;-16.968964;1.5380096
a;12865396151036;-19.252182;-18.254242;2.931015
a;12865416292638;-19.480835;-19.779785;-0.8806305
a;12865436434239;-19.480835;-20.150314;0.83898926
a;12865456575841;-18.831146;-17.343735;3.3110504
a;12865476717442;-12.799286;-12.722;4.4317017
a;12865496859044;-8.071976;-6.8876343;3.3905487
a;12865517000646;-7.471298;-2.689392;0.6017456
a;12865537142247;-7.8075714;0.41827393;-2.32724
a;12865557283849;-7.415909;4.1422424;-4.432068
a;12865577425450;-4.49794;13.554886;-9.38974
a;12865597567052;-0.5526123;18.84909;-12.082779
a;12865617708653;1.8690033;18.84909;-5.462555
a;12865637850255;2.8168793;17.350494;-0.874115
a;12865657991856;2.273941;13.109329;1.3495941
a;12865678133458;0.679657;6.980591;1.1388092
a;12865698275060;-4.093109;-11.646362;7.972519
a;12865718416661;-11.224731;-20.150314;3.636795
a;12865738558263;-5.3094177;-20.150314;1.553299
a;12865758699864;-4.183426;-20.150314;7.7378693
a;12865778841466;-4.2198486;-15.81871;1.3293457
a;12865798983067;-6.1877747;-2.1892853;-4.7915497
a;12865819124669;-11.686462;9.3867035;-10.376785
a;12865839266271;-4.607971;18.84909;-14.049561
a;12865859407872;0.780426;18.84909;-15.530182
a;12865879549474;-1.8558197;18.84909;-9.142609
a;12865899691075;-1.4455261;16.945663;-3.980713
a;12865919832677;-5.433899;5.3227997;0.9755249
a;12865939974278;-7.8971863;-17.301239;12.2771
a;12865960115880;1.5871582;-20.150314;1.1267242
a;12865980257481;3.2082825;-20.150314;12.91362
a;12866000399083;-1.0133514;-20.150314;11.62587
a;12866020540685;-4.7146606;-10.264389;-0.8291931
a;12866040682286;-10.575409;3.3288727;-12.130676
a;12866060823888;-13.772598;18.084045;-17.106155
a;12866080965489;-1.8969727;18.84909;-19.119843
a;12866101107091;-3.369156;18.84909;-14.959381
a;12866121248692;-5.765213;17.9832;-7.1073
a;12866141390294;-7.3580017;5.922699;-0.41654968
a;12866161531896;-9.268005;-17.351212;9.845398
a;12866181673497;-2.6795654;-20.150314;5.6408997
a;12866201815099;7.0039063;-20.150314;18.193604
a;12866221956700;1.2706299;-20.150314;15.670029
a;12866242098302;-1.8831482;-11.17244;2.1511078
a;12866262239903;-8.174591;3.2645874;-10.017639
a;12866282381505;-16.484009;17.830612;-19.326157
a;12866302523106;-0.7650757;18.84909;-19.326157
a;12866322664708;-0.4716034;18.84909;-15.880875
a;12866342806310;-6.830536;17.671875;-9.007477
a;12866362947911;-8.01886;5.6954193;-4.203903
a;12866383089513;-11.193878;-16.007233;11.78595
a;12866403231114;-5.1046143;-20.150314;11.0542755
a;12866423372716;0.95555115;-20.150314;18.775558
a;12866443514317;1.1858368;-20.150314;17.152908
a;12866463655919;-1.9812164;-13.956177;8.617783
a;12866483797521;-6.003891;0.68240356;-3.5760956
a;12866503939122;-17.10382;15.128525;-16.600662
a;12866524080724;-6.4579315;18.84909;-19.326157
a;12866544222325;2.7910614;18.84909;-17.61168
a;12866564363927;-4.3058624;18.41124;-10.992401
a;12866584505528;-9.325623;6.570923;-2.9280548
a;12866604647130;-12.250977;-16.755081;12.084488
a;12866624788731;-2.7249603;-20.150314;14.6866
a;12866644930333;3.7082825;-20.150314;19.673248
a;12866665071935;2.0242157;-20.150314;17.384384
a;12866685213536;-0.25553894;-13.188782;8.772171
a;12866705355138;-3.0664825;-0.062210083;-2.6422272
a;12866725496739;-7.8988037;11.985687;-11.629379
a;12866745638341;-7.818512;18.84909;-16.598297
a;12866765779942;2.0137177;18.84909;-14.6866
a;12866785921544;1.4333801;17.422318;-6.6306305
a;12866806063146;-5.9152374;8.274094;-0.19641113
a;12866826204747;-7.5939636;-11.959885;6.824951
a;12866846346349;-7.9393005;-20.150314;-3.0131683
a;12866866487950;-1.1130219;-20.150314;8.941956
a;12866886629552;0.6904297;-20.150314;17.903748
a;12866906771153;-2.986267;-19.314285;14.392792
a;12866926912755;-2.6953735;-13.025787;8.809189
a;12866947054356;0.687973;-8.46315;3.870819
a;12866967195958;3.3465424;-6.282135;1.7328949
a;12866987337560;2.5338898;-4.26326;3.0705872
a;12867007479161;3.2628784;-2.8149414;1.0297089
a;12867027620763;2.049179;-1.5800476;3.0548248
a;12867047762364;0.7172241;-1.8536987;3.4161072
a;12867067903966;-0.2525177;-4.227463;3.6160736
a;12867088045567;-1.2596283;-4.958206;2.917923
a;12867108187169;-2.8197174;-5.208603;2.978836
a;12867128328771;-4.2970123;-5.93573;3.1749115
a;12867148470372;-5.6255646;-8.108276;3.6277466
a;12867168611974;-7.0383606;-7.0989532;2.765442
a;12867188753575;-8.609604;-6.7999268;3.4517517
a;12867208895177;-10.692657;-10.02124;3.1816864
a;12867229036778;-12.657776;-9.10144;1.8274994
a;12867249178380;-13.3567505;-7.1065826;1.0053558
a;12867269319981;-13.101364;-7.0868225;0.2168274
a;12867289461583;-13.320374;-7.6880493;-0.25019836
a;12867309603185;-13.299408;-8.257858;-0.05265808
a;12867329744786;-12.7434845;-8.787064;0.26979065
a;12867349886388;-12.091736;-8.949661;0.42764282
a;12867370027989;-11.536667;-8.00386;0.5222931
a;12867390169591;-11.085999;-6.574295;0.7042694
a;12867410311192;-10.584854;-5.5086823;0.47166443
a;12867430452794;-10.106033;-5.137558;0.31733704
a;12867450594396;-9.647324;-4.749527;0.3688507
a;12867470735997;-9.199722;-4.2758026;0.5979309
a;12867490877599;-8.705429;-3.9250336;0.7971344
a;12867511019200;-8.406113;-3.562973;1.2877655
a;12867531160802;-8.256851;-2.9239807;2.0794525
a;12867551302403;-8.234177;-2.6620789;2.4166718
a;12867571444005;-8.373962;-2.941803;2.3092346
a;12867591585606;-8.370163;-3.8489685;1.6335754
a;12867611727208;-8.412567;-4.7805176;0.9323425
a;12867631868810;-8.69017;-4.896118;0.769104
a;12867652010411;-8.961914;-4.5574036;0.7280426
a;12867672152013;-9.016388;-4.4958954;0.59866333
a;12867692293614;-9.166031;-4.48201;0.5489502
a;12867712435216;-9.392868;-4.4697723;0.50135803
a;12867732576817;-9.513763;-4.454376;0.42030334
a;12867752718419;-9.498611;-4.384262;0.44459534
a;12867772860021;-9.4048;-4.2313995;0.5254059
a;12867793001622;-9.295441;-4.1381073;0.6457825
a;12867813143224;-9.193329;-4.168915;0.60124207
a;12867833284825;-9.089493;-4.1518555;0.51145935
a;12867853426427;-9.004547;-4.154114;0.4547119
a;12867873568028;-8.897781;-4.1295624;0.47750854
a;12867893709630;-8.788361;-4.1154633;0.5141907
a;12867913851231;-8.746613;-4.070999;0.63253784
a;12867933992833;-8.813019;-4.059433;0.6707611
a;12867954134435;-8.900452;-4.0515137;0.6027069
a;12867974276036;-8.939148;-4.0698547;0.5900574
a;12867994417638;-8.990173;-4.044983;0.61875916
a;12868014559239;-9.082092;-3.998703;0.6677246
a;12868034700841;-9.195633;-3.9869385;0.8096161
a;12868054842442;-9.262665;-3.893814;0.89863586
a;12868074984044;-9.285034;-3.7661743;1.0367279
a;12868095125646;-9.302673;-3.7690582;1.1004639
a;12868115267247;-9.244537;-3.7954254;1.1813354
a;12868135408849;-9.13208;-3.864853;1.095932
a;12868155550450;-9.078812;-4.016815;0.9167328
a;12868175692052;-9.068481;-4.1035156;0.84132385
a;12868195833653;-9.060379;-4.128891;0.7702637
a;12868215975255;-8.978729;-4.1320953;0.7051239
a;12868236116856;-9.054123;-4.1067657;0.68089294
a;12868256258458;-9.125778;-4.135788;0.70939636
a;12868276400060;-9.099258;-4.116272;0.7158203
a;12868296541661;-9.158539;-4.0627747;0.6933899
a;12868316683263;-9.172455;-4.045639;0.63279724
a;12868336824864;-9.115051;-4.0466003;0.58477783
a;12868356966466;-9.027527;-4.0063934;0.5840912
a;12868377108067;-8.996399;-4.086609;0.5462799
a;12868397249669;-9.020309;-4.0873566;0.55610657
a;12868417391271;-8.96669;-4.074707;0.5113983
a;12868437532872;-8.986694;-4.089508;0.52757263
a;12868457674474;-9.028595;-4.0437317;0.54878235
a;12868477816075;-9.036514;-4.026596;0.5570221
a;12868497957677;-9.053375;-4.01326;0.5647278
a;12868518099278;-9.045517;-4.018997;0.6181946
a;12868538240880;-9.018372;-3.9722443;0.69403076
a;12868558382481;-9.0572815;-3.9871216;0.73703
a;12868578524083;-9.156998;-3.9286194;0.79927063
a;12868598665685;-9.207245;-3.9341583;0.8287506
a;12868618807286;-9.163971;-3.9246674;0.8791199
a;12868638948888;-9.10939;-3.9718475;0.90049744
a;12868659090489;-9.069489;-3.9832764;0.90037537
a;12868679232091;-9.031616;-4.02211;0.8419342
a;12868699373692;-9.03009;-4.057785;0.78526306
a;12868719515294;-9.084122;-4.0832977;0.72099304
a;12868739656896;-9.114288;-4.0697784;0.67674255
a;12868759798497;-9.134232;-4.077942;0.6461792
a;12868779940099;-9.093369;-4.1063385;0.60679626
a;12868800081700;-9.056976;-4.1205444;0.6243439
a;12868820223302;-9.042786;-4.0951996;0.61465454
a;12868840364903;-9.026901;-4.0549774;0.5736542
a;12868860506505;-9.067734;-4.0934296;0.57724
a;12868880648106;-9.120468;-4.103195;0.56282043
a;12868900789708;-9.101059;-4.0815125;0.5827484
a;12868920931310;-9.012314;-4.051895;0.62438965
a;12868941072911;-9.072311;-4.0391235;0.5976105
a;12868961214513;-9.091446;-4.022873;0.62812805
a;12868981356114;-9.112946;-4.0086517;0.70521545
a;12869001497716;-9.137726;-4.0047913;0.7119751
a;12869021639317;-9.171341;-4.0198364;0.6887665
a;12869041780919;-9.144363;-3.9996185;0.7507324
a;12869061922521;-9.115051;-3.9824371;0.76982117
a;12869082064122;-9.106918;-3.9436188;0.72528076
a;12869102205724;-9.096909;-3.9884338;0.7276764
a;12869122347325;-9.099213;-3.9925537;0.66908264
a;12869142488927;-9.140915;-4.0315857;0.6577606
a;12869162630528;-9.118698;-4.0318604;0.6318817
a;12869182772130;-9.095871;-4.052368;0.5934601
a;12869202913731;-9.105774;-4.0419617;0.6090851
a;12869223055333;-9.08667;-4.044647;0.63793945
a;12869243196935;-9.055252;-4.1114197;0.66459656
a;12869263338536;-8.9526825;-4.0998383;0.8188629
a;12869283480138;-8.915741;-3.7913666;0.6636658
a;12869303621739;-9.259384;-4.186737;0.37191772
a;12869323763341;-9.204697;-4.300705;0.32144165
a;12869343904942;-9.015976;-3.8880157;0.4942932
a;12869364046544;-8.98558;-3.9524384;0.5660095
a;12869384188146;-9.104202;-4.179352;0.46913147
a;12869404329747;-9.126465;-4.0301056;0.51976013
a;12869424471349;-9.097931;-4.0038757;0.622345
a;12869444612950;-9.159515;-4.138214;0.5914459
a;12869464754552;-9.142105;-4.068283;0.6367645
a;12869484896153;-9.048477;-4.03508;0.6455536
a;12869505037755;-9.047104;-4.050049;0.5962677
a;12869525179356;-9.089264;-4.028595;0.61216736
a;12869545320958;-9.118805;-4.0224457;0.59173584
a;12869565462560;-9.097916;-4.0569305;0.5634308
a;12869585604161;-9.078613;-4.089096;0.5946808
a;12869605745763;-9.089981;-4.074524;0.61224365
a;12869625887364;-9.062439;-4.0335236;0.5364685
a;12869646028966;-9.058411;-4.040497;0.5543213
a;12869666170567;-9.136612;-4.074173;0.54948425
a;12869686312169;-9.084534;-4.053192;0.58547974
a;12869706453771;-8.998474;-4.0361023;0.6030426
a;12869726595372;-9.012451;-4.024704;0.5478668
a;12869746736974;-9.088165;-4.0271454;0.60025024
a;12869766878575;-9.127777;-4.0402374;0.56159973
a;12869787020177;-9.12532;-4.0534973;0.5654297
a;12869807161778;-9.10318;-4.0710754;0.5987854
a;12869827303380;-9.056931;-4.0734406;0.5676727
a;12869847444981;-9.033981;-4.0308685;0.6091156
a;12869867586583;-9.09523;-4.03421;0.6017456
a;12869887728185;-9.112366;-4.052246;0.6203766
a;12869907869786;-9.089905;-4.0423737;0.6203766
a;12869928011388;-9.119919;-4.0549927;0.5677948
a;12869948152989;-9.075607;-4.053314;0.5805359
a;12869968294591;-9.095795;-4.049423;0.5684204
a;12869988436192;-9.09584;-4.027527;0.57229614
a;12870008577794;-9.082321;-4.032913;0.60606384
a;12870028719396;-9.101639;-4.0365143;0.5770569
a;12870048860997;-9.094284;-4.038925;0.5788269
a;12870069002599;-9.053375;-4.070389;0.5722809
a;12870089144200;-9.045197;-4.057892;0.5865936
a;12870109285802;-9.057526;-4.0575714;0.6119995
a;12870129427403;-9.080063;-4.048889;0.61764526
a;12870149569005;-9.072571;-4.0720367;0.6057739
a;12870169710606;-9.11702;-4.06221;0.60395813
a;12870189852208;-9.128693;-4.0215607;0.6010132
a;12870209993810;-9.113678;-4.0651093;0.59506226
a;12870230135411;-9.132324;-4.0624237;0.60684204
a;12870250277013;-9.048248;-4.0316467;0.5759125
a;12870270418614;-9.032272;-4.0125427;0.6269684
a;12870290560216;-9.083267;-4.0199127;0.5892792
a;12870310701817;-9.101532;-4.027252;0.5845947
a;12870330843419;-9.076721;-4.0194244;0.6036835
a;12870350985021;-9.09491;-4.0047607;0.61538696
a;12870371126622;-9.111435;-4.021576;0.6349945
a;12870391268224;-9.089233;-4.050583;0.63900757
a;12870411409825;-9.060013;-4.0515137;0.6645813
a;12870431551427;-9.066528;-4.051483;0.6422119
a;12870451693028;-9.071884;-4.038574;0.6847229
a;12870471834630;-9.084915;-4.042633;0.6203613
a;12870491976231;-9.127914;-4.074066;0.60873413
a;12870512117833;-9.134033;-4.0688934;0.64772034
a;12870532259435;-9.117859;-4.0567017;0.63246155
a;12870552401036;-9.003372;-4.032135;0.6506195
a;12870572542638;-9.062927;-4.016693;0.6281433
a;12870592684239;-9.113876;-3.9728088;0.64401245
a;12870612825841;-9.097839;-3.9860992;0.6560669
a;12870632967442;-9.06398;-4.0050354;0.602478
a;12870653109044;-9.118469;-4.0345;0.5953522
a;12870673250646;-9.121323;-4.0616913;0.5951538
a;12870693392247;-9.0780945;-4.022339;0.6001587
a;12870713533849;-9.040405;-3.985199;0.62568665
a;12870733675450;-9.079529;-4.0384064;0.6533203
a;12870753817052;-9.105087;-4.0255585;0.6170654
a;12870773958653;-9.11232;-4.0388794;0.62046814
a;12870794100255;-9.139267;-4.0301666;0.61135864
a;12870814241856;-9.082474;-4.01799;0.5967102
a;12870834383458;-9.063385;-4.0171814;0.60769653
a;12870854525060;-9.075562;-4.0000153;0.60194397
a;12870874666661;-9.033936;-3.9846802;0.6439514
a;12870894808263;-9.068268;-4.000122;0.6090393
a;12870914949864;-9.11525;-3.9989777;0.58525085
a;12870935091466;-9.087891;-4.0034637;0.5725403
a;12870955233067;-9.071106;-4.0084076;0.58724976
a;12870975374669;-9.0672455;-3.971527;0.58451843
a;12870995516271;-9.055267;-3.9686584;0.57829285
a;12871015657872;-9.026337;-3.9632568;0.58651733
a;12871035799474;-9.027222;-3.9800262;0.5739136
a;12871055941075;-9.081726;-4.0234833;0.5739746
a;12871076082677;-9.198395;-4.056778;0.6001282
a;12871096224278;-9.350174;-4.0350647;0.6335449
a;12871116365880;-9.314133;-3.939209;0.64253235
a;12871136507481;-9.129166;-3.9198456;0.6075287
a;12871156649083;-9.158676;-3.9206848;0.6037903
a;12871176790685;-9.302078;-3.9076385;0.62028503
a;12871196932286;-9.250381;-3.8330383;0.58914185
a;12871217073888;-9.13385;-3.8332825;0.47935486
a;12871237215489;-9.183014;-3.9146118;0.45715332
a;12871257357091;-9.197235;-3.935608;0.48910522
a;12871277498692;-9.047501;-3.7949982;0.5258179
a;12871297640294;-8.828308;-3.7322845;0.5341644
a;12871317781896;-8.727249;-3.7803345;0.49971008
a;12871337923497;-8.874481;-3.9098358;0.47581482
a;12871358065099;-9.128754;-3.9250946;0.46629333
a;12871378206700;-9.192444;-3.9593964;0.491745
a;12871398348302;-9.242645;-3.9927979;0.38923645
a;12871418489903;-9.418945;-4.063965;0.3397522
a;12871438631505;-9.510284;-4.099457;0.3811493
a;12871458773106;-9.499619;-4.034561;0.39483643
a;12871478914708;-9.390045;-3.9535675;0.3763733
a;12871499056310;-9.361374;-3.9550781;0.43844604
a;12871519197911;-9.490555;-3.848816;0.47062683
a;12871539339513;-9.689041;-3.7983856;0.5174103
a;12871559481114;-9.825165;-3.7202606;0.59780884
a;12871579622716;-9.835754;-3.672058;0.6131134
a;12871599764317;-9.876312;-3.695221;0.5209503
a;12871619905919;-9.966873;-3.7032166;0.49394226
a;12871640047521;-9.877563;-3.6470337;0.47257996
a;12871660189122;-9.7104645;-3.6494904;0.49205017
a;12871680330724;-9.652496;-3.621109;0.49157715
a;12871695436925;-9.529526;-3.5013428;0.49458313
a;12871715578526;-9.291031;-3.4646606;0.59425354
a;12871735720128;-9.279114;-3.5627594;0.71328735
a;12871755861729;-9.513214;-3.6877747;0.64456177
a;12871776003331;-9.629791;-3.865738;0.64730835
a;12871796144933;-9.588181;-4.216446;0.8465271
a;12871816286534;-9.692551;-4.5973663;1.1871948
a;12871836428136;-9.973404;-4.8569336;1.474289
a;12871856569737;-10.221161;-5.206543;1.6620026
a;12871876696892;-10.118378;-5.7703705;1.4405365
a;12871896838493;-9.902313;-6.424286;1.3339539
a;12871916980095;-9.481949;-7.0507507;2.1576843
a;12871937121697;-9.165466;-7.0303802;2.7763977
a;12871957263298;-8.6922;-7.258133;2.9618835
a;12871977404900;-8.064041;-7.6574554;2.874115
a;12871997546501;-7.492157;-8.020508;3.1615906
a;12872017688103;-7.0377045;-8.942596;3.4137268
a;12872037829704;-6.9188995;-9.819855;3.1080627
a;12872057971306;-6.9605713;-10.18129;2.7862396
a;12872078112907;-6.341873;-11.365585;2.845581
a;12872098254509;-5.641739;-11.573715;2.9987335
a;12872118396111;-5.0455475;-11.233444;3.1620178
a;12872138537712;-4.357834;-10.776474;3.2729034
a;12872158679314;-3.8453064;-10.039886;3.6156921
a;12872178820915;-3.320633;-9.782272;3.5297241
a;12872198962517;-2.842392;-9.043289;3.5860596
a;12872219104118;-2.2230988;-7.7674255;4.210251
a;12872239245720;-1.2535248;-7.25441;4.827408
a;12872259387322;-0.2934723;-7.4334717;5.232788
a;12872279528923;-0.1696167;-7.9086914;5.2943726
a;12872299670525;-0.19941711;-7.327957;5.155243
a;12872319812126;0.07165527;-6.326889;5.2113037
a;12872339953728;0.4670105;-6.1736755;5.5117188
a;12872360095329;0.49736023;-6.337158;5.640152
a;12872380236931;0.30996704;-6.3858795;5.877136
a;12872400378532;0.024154663;-6.3883667;5.8782043
a;12872420520134;-0.45986938;-7.1204224;5.757263
a;12872440661736;-0.8779602;-7.7878723;5.3421173
a;12872460803337;-1.0701904;-6.581421;5.5257874
a;12872480944939;-0.6679535;-5.699051;5.7545624
a;12872501086540;-0.03817749;-5.355728;6.4147797
a;12872521228142;-0.58314514;-6.2994385;7.464813
a;12872541369743;-1.6073303;-6.4055023;7.348343
a;12872561511345;-0.90686035;-5.6331635;6.768631
a;12872581652947;-0.042419434;-5.4006653;6.756729
a;12872601794548;0.039352417;-4.8911133;7.264145
a;12872621936150;-0.411911;-4.5592957;7.213669
a;12872642077751;-0.34924316;-4.7200317;7.2193756
a;12872662219353;-0.2801056;-5.5733337;7.332733
a;12872682360954;-0.5105133;-5.7585144;7.1475983
a;12872702502556;-0.20588684;-5.3463135;7.507675
a;12872722644157;0.33511353;-5.0335846;8.794525
a;12872742785759;0.29075623;-4.342407;9.434631
a;12872762927361;0.92456055;-3.9779358;9.77565
a;12872783068962;1.8570862;-3.6358337;9.880447
a;12872803210564;1.6920471;-3.4357452;8.631317
a;12872823352165;0.373703;-4.137909;8.686859
a;12872843493767;-0.056900024;-5.552063;11.298248
a;12872863635368;1.4762726;-2.7674103;10.504791
a;12872883776970;0.22825623;-2.8834229;10.627792
a;12872903918572;0.14794922;-3.3424988;9.854385
a;12872924060173;0.77708435;-3.2262115;9.341568
a;12872944201775;0.6343384;-3.664734;9.197617
a;12872964343376;0.3517456;-4.058548;8.732498
a;12872984484978;0.9633484;-3.810791;8.811493
a;12873004626579;0.94241333;-2.4302673;9.628525
a;12873024768181;-0.034500122;-1.3063202;10.229828
a;12873044909782;0.0024261475;-5.451584;8.670074
a;12873065051384;1.4411316;-6.6219177;8.444702
a;12873085192986;1.0800323;-5.4096375;9.08046
a;12873105334587;0.6041107;-4.77594;9.170059
a;12873125476189;0.7635193;-5.0797424;8.866333
a;12873145617790;1.0121765;-5.362091;8.555481
a;12873165759392;0.98677063;-5.474121;8.383102
a;12873185900993;0.61035156;-5.369171;8.552567
a;12873206042595;0.7350006;-5.548477;8.7509
a;12873226184197;0.93948364;-5.276062;8.609772
a;12873246325798;0.8354187;-6.158386;8.119141
a;12873266467400;0.57536316;-6.2360992;8.212189
a;12873286609001;0.75227356;-5.9396667;8.418564
a;12873306750603;0.9511719;-6.225815;8.30835
a;12873326892204;0.7164612;-5.975052;8.365692
a;12873347033806;0.6180725;-6.317169;8.086624
a;12873367175407;0.880661;-6.5562134;7.846695
a;12873387317009;0.9071655;-6.594406;7.8438873
a;12873407458611;0.5383911;-6.236206;8.225494
a;12873427600212;0.5591583;-6.8331757;7.884781
a;12873447741814;0.94911194;-6.826172;7.838516
a;12873467883415;0.6352844;-6.172409;7.9799957
a;12873488025017;0.5088501;-5.481827;8.110596
a;12873508166618;0.3257599;-4.1505127;8.872879
a;12873528308220;-0.096954346;-3.692337;8.570969
a;12873548449822;-0.30441284;-4.876709;5.9455414
a;12873568591423;0.188797;-9.445648;2.1965942
a;12873588733025;1.232193;-13.625122;1.2817993
a;12873608874626;1.3854523;-12.162186;3.5778656
a;12873629016228;1.0932617;-10.299423;4.826828
a;12873649157829;0.7328949;-9.4739685;4.3572083
a;12873669299431;0.4784088;-9.889923;2.781128
a;12873689441032;0.3834076;-10.717773;2.849228
a;12873709582634;0.4933777;-10.011887;3.4362183
a;12873729724236;0.69322205;-9.7682495;3.2737885
a;12873749865837;0.63775635;-10.024292;2.7802887
a;12873770007439;0.5348053;-9.944397;2.6129913
a;12873790149040;0.5037689;-10.448181;2.5581512
a;12873810290642;0.5514984;-10.027115;3.1799622
a;12873830432243;0.4724579;-8.798752;3.499298
a;12873850573845;0.5618286;-9.320862;2.7007446
a;12873870715447;0.9413452;-10.80188;1.4922485
a;12873890857048;0.87275696;-11.705292;1.0275116
a;12873910998650;0.5149689;-10.835846;1.6200867
a;12873931140251;0.4197235;-9.511124;2.640976
a;12873951281853;0.5947113;-9.739197;2.7029724
a;12873971423454;0.835968;-10.781952;2.109314
a;12873991565056;0.79374695;-10.733383;2.1314392
a;12874011706657;0.747879;-9.852585;2.453659
a;12874031848259;0.7581482;-9.971466;2.3231506
a;12874051989861;0.7077179;-10.329926;1.9829102
a;12874072131462;0.6070404;-10.115067;1.897049
a;12874092273064;0.76387024;-9.703415;1.8931122
a;12874112414665;0.7572479;-10.104523;1.7201996
a;12874132556267;0.6172943;-10.19577;2.1130066
a;12874152697868;0.67526245;-9.743393;2.7924194
a;12874172839470;0.72473145;-9.8133545;2.7928162
a;12874192981072;0.7214813;-10.562119;2.0538635
a;12874213122673;0.85606384;-10.98764;1.3496552
a;12874233264275;0.8925171;-10.443771;1.5357513
a;12874253405876;0.695282;-9.957367;1.8733978
a;12874273547478;0.6685791;-9.967529;1.7950592
a;12874293689079;0.7855835;-10.112946;1.5782013
a;12874313830681;0.7038269;-10.056976;1.5161743
a;12874333972282;0.69776917;-10.280487;1.2608032
a;12874354113884;0.8542328;-10.64975;0.9107971
a;12874374255486;0.9412842;-10.738739;0.94078064
a;12874394397087;0.83621216;-10.602051;1.1457062
a;12874414538689;0.80137634;-10.444962;1.2175903
a;12874434680290;0.7950287;-10.302948;1.400528
a;12874454821892;0.7896118;-10.131363;1.5439911
a;12874474963493;0.75120544;-9.985626;1.6146545
a;12874495105095;0.7298584;-10.039734;1.5492249
a;12874515246697;0.79063416;-10.349457;1.4940338
a;12874535388298;0.924057;-10.453659;1.3485718
a;12874555529900;0.8814087;-10.303192;1.3334961
a;12874575671501;0.81259155;-10.140045;1.3125
a;12874595813103;0.8865967;-10.137299;1.2399902
a;12874615954704;0.9744873;-10.280945;1.232605
a;12874636096306;0.83903503;-10.428818;1.3928986
a;12874656237907;0.5991821;-10.360153;1.6008606
a;12874676379509;0.6459656;-10.018509;1.9173126
a;12874696521111;0.7097931;-10.042755;2.0730743
a;12874716662712;0.70544434;-10.294296;2.043518
a;12874736804314;0.7122345;-10.442108;1.9253082
a;12874756945915;0.8022156;-10.44223;1.923172
a;12874777087517;0.8029022;-10.397797;1.9655457
a;12874797229118;0.70484924;-10.33847;1.9121704
a;12874817370720;0.7155609;-10.140213;1.886383
a;12874837512322;0.7272644;-10.092102;1.8837433
a;12874857653923;0.6647186;-10.123199;1.8157043
a;12874877795525;0.68022156;-10.13797;1.8043823
a;12874897937126;0.72406006;-10.149368;1.815094
a;12874918078728;0.856369;-10.22258;1.7111053
a;12874938220329;0.80625916;-9.771225;1.7022552
a;12874958361931;0.63082886;-9.39711;1.8409271
a;12874978503532;0.8679962;-9.345749;1.6484528
a;12874998645134;0.99427795;-10.440796;1.3247223
a;12875018786736;0.6522522;-11.1840515;0.68211365
a;12875038928337;0.5835571;-11.06543;1.0605927
a;12875059069939;0.60369873;-10.661377;1.0403137
a;12875079211540;0.4439392;-10.4201355;1.0991516
a;12875099353142;0.47608948;-10.854584;0.645813
a;12875119494743;0.58200073;-10.929932;0.28796387
a;12875139636345;0.5449524;-10.720596;0.085113525
a;12875159777947;0.5521393;-10.413727;0.32069397
a;12875179919548;0.5266876;-9.995636;0.97869873
a;12875200061150;0.8849335;-9.428482;0.6181183
a;12875220202751;0.2678833;-9.2834015;1.0247345
a;12875240344353;0.03656006;-10.859253;0.5921631
a;12875260485954;0.44067383;-11.262222;-0.11199951
a;12875280627556;0.5211487;-10.258514;-0.04359436
a;12875300769157;0.5405884;-10.074371;0.16934204
a;12875320910759;0.4946289;-10.186478;0.40548706
a;12875341052361;0.45552063;-10.100388;0.41864014
a;12875361193962;0.45063782;-10.200226;0.2875061
a;12875381335564;0.3921814;-10.14415;0.31047058
a;12875401477165;0.4332428;-10.355469;0.4703064
a;12875421618767;0.5182495;-10.555283;0.6725006
a;12875441760368;0.5000763;-10.536896;0.78326416
a;12875461901970;0.49240112;-10.575851;0.7045288
a;12875482043572;0.554657;-10.511932;0.57540894
a;12875502185173;0.55566406;-10.444214;0.53770447
a;12875522326775;0.5144501;-10.550049;0.5396271
a;12875542468376;0.5374756;-10.538757;0.56114197
a;12875562609978;0.5566559;-10.356079;0.5487366
a;12875582751579;0.50790405;-10.432571;0.40509033
a;12875602893181;0.47842407;-10.479141;0.29315186
a;12875623034782;0.4862671;-10.372589;0.42497253
a;12875643176384;0.44885254;-10.268005;0.53819275
a;12875663317986;0.47109985;-10.292267;0.38780212
a;12875683459587;0.48129272;-10.383713;0.39657593
a;12875703601189;0.42866516;-10.429169;0.4224701
a;12875723742790;0.4095459;-10.334274;0.5147095
a;12875743884392;0.49569702;-10.358292;0.5302429
a;12875764025993;0.50549316;-10.394653;0.41741943
a;12875784167595;0.47755432;-10.368866;0.4347992
a;12875804309197;0.43693542;-10.323334;0.4666748
a;12875824450798;0.48210144;-10.372406;0.45451355
a;12875844592400;0.4472046;-10.402908;0.45458984
a;12875864734001;0.41036987;-10.296539;0.49719238
a;12875884875603;0.44940186;-10.342987;0.39260864
a;12875905017204;0.5010071;-10.399643;0.3647461
a;12875925158806;0.48233032;-10.373581;0.52197266
a;12875945300407;0.42445374;-10.389801;0.46072388
a;12875965442009;0.46542358;-10.422562;0.4398651
a;12875985583611;0.47505188;-10.374283;0.4707489
a;12876005725212;0.4355774;-10.336182;0.47496033
a;12876025866814;0.43444824;-10.362137;0.4510498
a;12876046008415;0.44873047;-10.348022;0.45161438
a;12876066150017;0.5276184;-10.283188;0.40930176
a;12876086291618;0.5081024;-10.3871;0.42996216
a;12876106433220;0.40620422;-10.466782;0.42759705
a;12876126574822;0.43673706;-10.398743;0.46484375
a;12876146716423;0.480011;-10.405914;0.495636
a;12876166858025;0.4552307;-10.439758;0.47265625
a;12876186999626;0.45536804;-10.45488;0.48199463
a;12876207141228;0.44052124;-10.40683;0.42893982
a;12876227282829;0.48028564;-10.26358;0.51885986
a;12876247424431;0.41052246;-10.28714;0.5838623
a;12876267566032;0.42771912;-10.3246155;0.495636
a;12876287707634;0.50367737;-10.444061;0.48294067
a;12876307849236;0.48138428;-10.373505;0.63597107
a;12876327990837;0.44544983;-10.377838;0.67230225
a;12876348132439;0.48529053;-10.412109;0.582077
a;12876368274040;0.4528656;-10.447403;0.6608734
a;12876388415642;0.4658966;-10.438522;0.6365814
a;12876408557243;0.4800415;-10.415527;0.55892944
a;12876428698845;0.47624207;-10.385132;0.5793915
a;12876448840447;0.42370605;-10.368256;0.5859833
a;12876468982048;0.36776733;-10.31987;0.65649414
a;12876489123650;0.3912964;-10.241272;0.77815247
a;12876509265251;0.4646759;-10.300491;0.6683502
a;12876529406853;0.45080566;-10.370392;0.64134216
a;12876549548454;0.44522095;-10.396515;0.7007904
a;12876569690056;0.40296936;-10.38475;0.73516846
a;12876589831657;0.43432617;-10.391983;0.76446533
a;12876609973259;0.4344635;-10.340454;0.73947144
a;12876630114861;0.4230957;-10.405594;0.7310333
a;12876650256462;0.45137024;-10.449402;0.7707825
a;12876670398064;0.42938232;-10.32785;0.7459259
a;12876690539665;0.4412384;-10.285004;0.7472992
a;12876710681267;0.47912598;-10.373489;0.773468
a;12876730822868;0.40289307;-10.323074;0.7075958
a;12876750964470;0.37677002;-10.342636;0.68099976
a;12876771106072;0.4224701;-10.38855;0.7164612
a;12876791247673;0.41056824;-10.318298;0.7934723
a;12876811389275;0.36564636;-10.29892;0.7377014
a;12876831530876;0.3861084;-10.365967;0.66690063
a;12876851672478;0.4292755;-10.389114;0.6930237
a;12876871814079;0.4290924;-10.35376;0.785553
a;12876891955681;0.39756775;-10.374893;0.757843
a;12876912097282;0.40257263;-10.368423;0.7957916
a;12876932238884;0.41073608;-10.356583;0.7702179
a;12876952380486;0.41116333;-10.429199;0.76878357
a;12876972522087;0.4138031;-10.393768;0.67433167
a;12876992663689;0.40724182;-10.346268;0.6969757
a;12877012805290;0.42521667;-10.342102;0.7701111
a;12877032946892;0.41256714;-10.339905;0.80249023
a;12877053088493;0.3952179;-10.373245;0.80345154
a;12877073230095;0.4215393;-10.370972;0.73291016
a;12877093371697;0.43504333;-10.382294;0.7336273
a;12877113513298;0.4138031;-10.377121;0.80844116
a;12877133654900;0.41174316;-10.38504;0.82398987
a;12877153796501;0.42015076;-10.386536;0.7391815
a;12877173938103;0.3788147;-10.306854;0.72135925
a;12877194079704;0.4146576;-10.405548;0.641922
a;12877214221306;0.4507141;-10.554321;0.7661743
a;12877234362907;0.39811707;-10.575226;0.89907837
a;12877254504509;0.39053345;-10.237335;1.1225128
a;12877274646111;0.39224243;-10.21405;0.8630676
a;12877294787712;0.49124146;-10.81459;0.32621765
a;12877314929314;0.5771179;-11.653305;-0.113586426
a;12877335070915;0.6297455;-11.697128;0.5776062
a;12877355212517;0.29833984;-8.273499;2.7859802
a;12877375354118;0.24188232;-9.466782;2.4891052
a;12877395495720;0.62342834;-11.7751465;0.6298981
a;12877415637322;0.80882263;-12.3615265;0.31515503
a;12877435778923;0.6575012;-10.972992;1.4334717
a;12877455920525;0.4394989;-9.188232;3.1632843
a;12877476062126;0.45819092;-9.117813;3.82901
a;12877496203728;0.6564331;-9.833435;3.2691193
a;12877516345329;0.6161194;-10.179581;2.7590332
a;12877536486931;0.5760956;-10.597153;2.7806702
a;12877556628532;0.64767456;-10.187256;3.6833801
a;12877576770134;0.770401;-9.542389;4.495636
a;12877596911736;0.7726288;-9.914459;5.1415405
a;12877617053337;0.8533783;-9.299545;5.501587
a;12877637194939;1.1079407;-7.537506;6.674118
a;12877657336540;0.59503174;-6.2684937;8.018036
a;12877677478142;0.6860962;-5.499649;8.022736
a;12877697619743;0.64494324;-5.638336;7.440857
a;12877717761345;0.40065002;-5.635437;7.5168304
a;12877737902947;0.48677063;-5.33667;7.505493
a;12877758044548;0.74679565;-5.0293274;8.205246
a;12877778186150;0.7688446;-3.9465637;8.7890625
a;12877798327751;0.57614136;-3.572815;9.099533
a;12877818469353;0.7364807;-4.0394287;8.56723
a;12877838610954;0.82055664;-3.5798492;9.240112
a;12877858752556;0.6719513;-2.7473602;9.928085
a;12877878894157;0.66685486;-2.789856;9.875946
a;12877899035759;1.0115814;-3.2010498;9.50238
a;12877919177361;0.8240814;-2.8719788;9.802124
a;12877939318962;0.7155762;-2.45076;9.914886
a;12877959460564;0.51387024;-2.4392548;9.44397
a;12877979602165;0.9562683;-3.2230682;8.863663
a;12877999743767;0.74520874;-2.558731;9.325668
a;12878019885368;0.46470642;-1.759964;9.791016
a;12878040026970;0.40312195;-1.9510803;9.833221
a;12878060168572;0.5665283;-2.9100647;9.159073
a;12878080310173;0.8516998;-2.473709;9.888214
a;12878100451775;0.57333374;-2.1989288;10.462738
a;12878120593376;0.8958435;-1.775589;11.350601
a;12878140734978;0.020767212;-2.4145508;11.22995
a;12878160876579;0.88842773;-3.9370422;8.836761
a;12878181018181;1.3244781;-2.811615;8.821991
a;12878201159782;0.15931702;-2.06987;9.494629
a;12878221301384;0.011291504;-2.231308;9.998367
a;12878241442986;0.13430786;-2.5907135;9.739792
a;12878261584587;0.102493286;-3.902298;8.794846
a;12878281726189;0.3294983;-4.2519226;9.172546
a;12878301867790;-0.5206604;-4.171585;9.764938
a;12878322009392;-2.1744843;-5.790222;8.602432
a;12878342150993;0.30082703;-3.4067535;9.098755
a;12878362292595;-0.81066895;-1.1376953;9.699554
a;12878382434197;-2.4702911;-1.5992432;10.15419
a;12878402575798;-2.4575043;-1.7989655;9.449142
a;12878422717400;-1.5712891;-2.5205078;8.40416
a;12878442859001;-1.2759552;-2.9385986;8.160919
a;12878463000603;-1.8234406;-2.7453918;8.169662
a;12878483142204;-2.249466;-2.6593933;7.7737427
a;12878503283806;-2.0814514;-2.5251617;7.5901184
a;12878523425407;-1.2112122;-2.7437286;7.188095
a;12878543567009;-0.21343994;-3.388214;6.4982147
a;12878563708611;0.08946228;-4.307724;6.2603607
a;12878583850212;0.38250732;-4.4514465;6.372177
a;12878603991814;1.0313568;-4.279373;6.1966095
a;12878624133415;1.7044067;-4.2637024;5.695282
a;12878644275017;1.4435425;-4.855713;5.668228
a;12878664416618;0.8635254;-6.375839;5.9399567
a;12878684558220;0.85549927;-6.828247;6.979309
a;12878704699822;1.2441864;-6.236847;7.3947754
a;12878724841423;1.2825317;-6.047165;6.9073944
a;12878744983025;0.26593018;-7.5489044;5.939911
a;12878765124626;-1.178421;-10.604996;5.633911
a;12878785266228;-2.0203094;-11.205826;5.6144257
a;12878805407829;-1.8671265;-8.660767;6.8572083
a;12878825549431;-1.610611;-6.696472;8.543686
a;12878845691032;-2.3462067;-7.760376;9.299133
a;12878865832634;-3.4320679;-8.190552;8.50061
a;12878885974236;-3.676178;-6.7176056;7.6766205
a;12878906115837;-3.5417175;-5.1826935;6.8004913
a;12878926257439;-3.9037018;-4.4722443;5.93454
a;12878946399040;-5.0317535;-5.0246887;5.1319427
a;12878966540642;-6.330841;-5.061737;4.19429
a;12878986682243;-7.7736816;-4.949997;3.09729
a;12879006823845;-9.2547;-5.1127014;1.9394684
a;12879026965447;-11.187256;-5.9142303;1.1233215
a;12879047107048;-13.756622;-7.282486;0.3921051
a;12879067248650;-15.264404;-8.596466;0.0043792725
a;12879087390251;-14.774933;-9.896515;-0.04335022
a;12879107531853;-13.251083;-10.003326;-0.4419403
a;12879127673454;-11.780579;-8.583527;-0.5169983
a;12879147815056;-10.744919;-6.945053;0.12976074
a;12879167956657;-9.972076;-5.559723;0.40864563
a;12879188098259;-9.5724945;-4.922653;0.23384094
a;12879208239861;-9.712799;-4.833069;-0.05265808
a;12879228381462;-10.014236;-4.6958923;-0.18614197
a;12879248523064;-10.062256;-4.2576447;0.031448364
a;12879268664665;-9.8125;-3.6802063;0.41152954
a;12879288806267;-9.35791;-3.067337;0.72080994
a;12879308947868;-8.944336;-2.4714813;1.258194
a;12879329089470;-8.223877;-2.3931427;1.4571991
a;12879349231072;-7.480774;-3.0319824;1.1278076
a;12879369372673;-7.5489044;-3.5722504;0.7636566
a;12879389514275;-8.642044;-3.800232;0.28256226
a;12879409655876;-9.654419;-3.9252777;-0.13964844
a;12879429797478;-9.616669;-4.001358;-0.26811218
a;12879449939079;-9.235519;-3.8775787;-0.11953735
a;12879470080681;-9.253281;-3.7342224;0.13098145
a;12879490222282;-9.506989;-3.7406769;0.11445618
a;12879510363884;-9.560867;-3.9367065;0.27874756
a;12879530505486;-9.365616;-3.8145905;0.48492432
a;12879550647087;-9.518188;-3.4755402;0.6136627
a;12879570788689;-9.599106;-3.3110504;0.9400635
a;12879590930290;-9.533264;-2.814621;1.1712646
a;12879611071892;-9.582077;-2.5554657;1.1442871
a;12879631213493;-9.464493;-2.7615051;1.1715851
a;12879651355095;-9.25676;-3.1092682;1.0027466
a;12879671496697;-9.190933;-3.4423218;0.7878113
a;12879691638298;-9.102951;-3.6521149;0.63049316
a;12879711779900;-8.926285;-3.8962555;0.59973145
a;12879731921501;-8.845261;-4.0285034;0.57385254
a;12879752063103;-8.845627;-3.9434204;0.6295929
a;12879772204704;-8.862335;-3.9141388;0.6736908
a;12879792346306;-8.936569;-3.9763336;0.67219543
a;12879812487907;-9.1392975;-4.0040283;0.6453552
a;12879832629509;-9.213638;-4.021179;0.5914917
a;12879852771111;-9.194183;-4.0514526;0.5797577
a;12879872912712;-9.2152405;-4.0543213;0.6302948
a;12879893054314;-9.310242;-4.059845;0.6034088
a;12879913195915;-9.25293;-4.0753784;0.56607056
a;12879933337517;-9.131073;-4.0467224;0.6161804
a;12879953479118;-9.1232605;-4.0354767;0.6482544
a;12879973620720;-9.136978;-4.00177;0.66752625
a;12879993762322;-9.072006;-3.9123688;0.730896
a;12880013903923;-9.013947;-3.910553;0.72776794
a;12880034045525;-9.06546;-3.940796;0.7056885
a;12880054187126;-9.079788;-3.941574;0.7282257
a;12880074328728;-9.108322;-3.9257965;0.7653961
a;12880094470329;-9.139648;-3.901291;0.8393402
a;12880114611931;-9.147354;-3.8617096;0.8368988
a;12880134753532;-9.155106;-3.8440552;0.8851929
a;12880154895134;-9.258377;-3.7910004;0.9376526
a;12880175036736;-9.19809;-3.7377472;0.94911194
a;12880195178337;-9.224716;-3.7445984;0.9157257
a;12880215319939;-9.259003;-3.7257385;0.8954315
a;12880235461540;-9.212921;-3.7296753;0.8221741
a;12880255603142;-9.19278;-3.7679749;0.7442627
a;12880275744743;-9.1596985;-3.8095093;0.7284088
a;12880295886345;-9.116943;-3.8108978;0.67832947
a;12880316027947;-9.113663;-3.844345;0.6808319
a;12880336169548;-9.143921;-3.8710632;0.6626129
a;12880356311150;-9.127487;-3.863388;0.65522766
a;12880376452751;-9.120605;-3.874527;0.6395874
a;12880396594353;-9.095444;-3.8955383;0.70961
a;12880416735954;-9.118408;-3.882431;0.74580383
a;12880436877556;-9.118835;-3.8964233;0.78115845
a;12880457019157;-9.145355;-3.909317;0.7668152
a;12880477160759;-9.14505;-3.8854828;0.7814636
a;12880497302361;-9.08432;-3.8893433;0.85054016
a;12880517443962;-9.087021;-3.9109955;0.8714447
a;12880537585564;-9.132278;-3.9203033;0.8597107
a;12880557727165;-9.113495;-3.8937836;0.86917114
a;12880577868767;-9.089615;-3.891327;0.8888092
a;12880598010368;-9.09317;-3.9022217;0.8488312
a;12880618151970;-9.144852;-3.9035797;0.81617737
a;12880638293572;-9.122971;-3.9203186;0.8243103
a;12880658435173;-9.058075;-3.9305725;0.7817383
a;12880678576775;-9.057175;-3.9198608;0.77641296
a;12880698718376;-9.081802;-3.9532166;0.74443054
a;12880718859978;-9.051605;-3.9543915;0.72442627
a;12880739001579;-9.031189;-3.9119568;0.76641846
a;12880759143181;-9.085388;-3.9456635;0.75961304
a;12880779284782;-9.084122;-3.9651794;0.7757263
a;12880799426384;-9.087738;-3.9683228;0.8245697
a;12880819567986;-9.15126;-3.9337158;0.80281067
a;12880839709587;-9.191498;-3.9595947;0.7523041
a;12880859851189;-9.163116;-3.940033;0.82806396
a;12880879992790;-9.115448;-3.9132233;0.8131561
a;12880900134392;-9.158005;-3.920761;0.78907776
a;12880920275993;-9.145676;-3.876999;0.76374817
a;12880940417595;-9.108368;-3.8499756;0.76161194
a;12880960559197;-9.118622;-3.857193;0.7529907
a;12880980700798;-9.118927;-3.8855133;0.7194519
a;12881000842400;-9.138519;-3.8891907;0.7211914
a;12881020984001;-9.172531;-3.9078827;0.73043823
a;12881041125603;-9.200256;-3.9322815;0.6993866
a;12881061267204;-9.178009;-3.920227;0.6854248
a;12881081408806;-9.102585;-3.9482574;0.70207214
a;12881101550407;-9.073288;-3.94635;0.7324829
a;12881121692009;-9.082916;-3.9480743;0.7711029
a;12881141833611;-9.152618;-3.9615173;0.72676086
a;12881161975212;-9.187164;-3.9756165;0.6882324
a;12881182116814;-9.165115;-3.982483;0.7184448
a;12881202258415;-9.123184;-3.9924622;0.72094727
a;12881222400017;-9.117676;-3.9881287;0.7162018
a;12881242541618;-9.125885;-3.9886475;0.73934937
a;12881262683220;-9.163254;-3.9870453;0.7222595
a;12881282824822;-9.125778;-3.938919;0.7259064
a;12881302966423;-9.086807;-3.8940277;0.7085724
a;12881323108025;-9.130096;-3.8801422;0.64772034
a;12881343249626;-9.1636505;-3.9017944;0.6277008
a;12881363391228;-9.189697;-3.8769379;0.5951233
a;12881383532829;-9.144699;-3.8827972;0.5906372
a;12881403674431;-9.109299;-3.8770752;0.5580292
a;12881423816032;-9.102371;-3.8735962;0.59877014
a;12881443957634;-9.119415;-3.8704376;0.58969116
a;12881464099236;-9.088379;-3.8469849;0.6193085
a;12881484240837;-9.140198;-3.872589;0.6276703
a;12881504382439;-9.165619;-3.9141846;0.6543274
a;12881524524040;-9.144333;-3.9394531;0.62927246
a;12881544665642;-9.051468;-3.9144135;0.6355591
a;12881564807243;-9.078476;-3.892746;0.6357422
a;12881584948845;-9.13678;-3.8876038;0.64553833
a;12881605090447;-9.160828;-3.908432;0.6637573
a;12881625232048;-9.170013;-3.9284058;0.63565063
a;12881645373650;-9.13269;-3.9351807;0.6244812
a;12881665515251;-9.080017;-3.9317627;0.5619812
a;12881685656853;-9.050369;-3.9220428;0.5923157
a;12881705798454;-9.032013;-3.9077454;0.5777283
a;12881725940056;-9.036911;-3.9344482;0.54515076
a;12881741046257;-9.089996;-3.9556122;0.6434326
a;12881761187859;-9.159744;-3.979477;0.59817505
a;12881781329460;-9.133728;-3.9484253;0.5980072
a;12881801471062;-9.101395;-3.9824219;0.60198975
a;12881821612663;-9.126816;-3.9609375;0.6521759
a;12881836718865;-9.090088;-3.9213715;0.6293335
a;12881856860466;-9.089523;-3.9626312;0.6242981
a;12881877007993;-9.113388;-3.9502716;0.5862732
a;12881897149594;-9.115601;-3.9515533;0.6082306
a;12881917291196;-9.120377;-3.9658203;0.6037903
a;12881937432797;-9.154205;-3.9509583;0.5921173
a;12881957574399;-9.1401825;-3.9569397;0.63482666
a;12881977716000;-9.146606;-3.974121;0.6091156
a;12881997857602;-9.13736;-3.961258;0.57992554
a;12882017999204;-9.126068;-3.9735107;0.60202026
a;12882038140805;-9.123062;-4.0060883;0.6119385
a;12882058282407;-9.195007;-4.019684;0.58029175
a;12882078424008;-9.221741;-4.0316925;0.59594727
a;12882098565610;-9.172134;-4.0386963;0.6368866
a;12882118707211;-9.1354065;-4.0108337;0.6463318
a;12882138848813;-9.09906;-4.039749;0.64141846
a;12882158990415;-9.021515;-4.0091248;0.6411133
a;12882179132016;-9.024536;-3.9887695;0.6618042
a;12882199273618;-9.077469;-4.007126;0.5999603
a;12882219415219;-9.107468;-3.9936523;0.5793762
a;12882239556821;-9.103683;-4.0380096;0.573822
a;12882259698422;-9.1189575;-4.0241394;0.5627899
a;12882279840024;-9.1471405;-4.0032043;0.55397034
a;12882299981625;-9.145584;-3.9953308;0.59550476
a;12882320123227;-9.051071;-4.0138855;0.5678253
a;12882340264829;-9.061844;-3.9931335;0.6181183
a;12882360406430;-9.1254425;-3.9777985;0.6904602
a;12882380548032;-9.134567;-4.008423;0.6618347
a;12882400689633;-9.209152;-4.021393;0.5980835
a;12882420831235;-9.200302;-4.031204;0.59506226
a;12882440972836;-9.153702;-3.9903564;0.58566284
a;12882461114438;-9.083679;-3.9577026;0.6177063
a;12882481256040;-9.061478;-3.919098;0.6195221
a;12882501397641;-9.006058;-3.9302063;0.58673096
a;12882521539243;-9.071106;-3.9523163;0.5792999
a;12882541680844;-9.161179;-3.9900818;0.599411
a;12882561822446;-9.174988;-3.9692078;0.59381104
a;12882581964047;-9.1623535;-3.9693604;0.6184845
a;12882602105649;-9.120468;-4.00531;0.607605
a;12882622247250;-9.096558;-3.985733;0.6502228
a;12882642388852;-9.105682;-3.9564514;0.6437988
a;12882662530454;-9.120041;-3.9803314;0.6370697
a;12882682672055;-9.117905;-3.9990997;0.59869385
a;12882702813657;-9.17395;-3.942276;0.5771637
a;12882722955258;-9.145248;-3.9277954;0.5925751
a;12882743096860;-9.142654;-3.8599548;0.6143646
a;12882763238461;-9.19664;-3.7985535;0.6000061
a;12882783380063;-9.22699;-3.76503;0.59906006
a;12882803521665;-9.220108;-3.798355;0.61846924
a;12882823663266;-9.218262;-3.8094788;0.5991211
a;12882843804868;-9.176849;-3.858963;0.61050415
a;12882863946469;-9.185852;-3.897522;0.5833435
a;12882879052670;-9.223679;-3.897583;0.631485
a;12882899194272;-9.254654;-3.930832;0.65031433
a;12882919335874;-9.232651;-3.9528809;0.67149353
a;12882939477475;-9.279831;-3.91745;0.68414307
a;12882959619077;-9.332733;-3.9468536;0.67700195
a;12882979760678;-9.361679;-3.9073029;0.62368774
a;12882999902280;-9.412415;-3.82872;0.6088867
a;12883020043881;-9.53093;-3.8476715;0.60173035
a;12883040185483;-9.5589905;-3.8162231;0.55918884
a;12883060327084;-9.467392;-3.7691498;0.55784607
a;12883080468686;-9.472534;-3.7901764;0.60635376
a;12883100610288;-9.579025;-3.7447052;0.6300049
a;12883120751889;-9.450806;-3.6914063;0.6549988
a;12883140893491;-9.330887;-3.7225342;0.70228577
a;12883161035092;-9.425018;-3.6528168;0.6719055
a;12883181176694;-9.480988;-3.6068268;0.611496
a;12883201318295;-9.460175;-3.5222473;0.5929718
a;12883221459897;-9.422623;-3.4738922;0.61979675
a;12883241601499;-9.436996;-3.5132904;0.52900696
a;12883261743100;-9.448273;-3.5056915;0.49398804
a;12883281884702;-9.369904;-3.48349;0.5158844
a;12883302026303;-9.301117;-3.470108;0.53526306
a;12883322167905;-9.291321;-3.4557343;0.53038025
a;12883342309506;-9.297562;-3.4395905;0.552124
a;12883362451108;-9.311813;-3.4209137;0.54766846
a;12883382592709;-9.370636;-3.3759003;0.54759216
a;12883402734311;-9.412079;-3.347046;0.52030945
a;12883422875913;-9.419754;-3.3420105;0.54652405
a;12883443017514;-9.409302;-3.297943;0.53152466
a;12883463159116;-9.358917;-3.2574005;0.5962982
a;12883483300717;-9.333649;-3.222931;0.64035034
a;12883503442319;-9.3190155;-3.168213;0.62805176
a;12883523583920;-9.242676;-3.091339;0.6762543
a;12883543725522;-9.161713;-3.0402374;0.7337494
a;12883563867124;-9.147476;-3.0426025;0.7686615
a;12883584008725;-9.192886;-3.0536041;0.77220154
a;12883604150327;-9.110168;-2.9890594;0.8012085
a;12883624291928;-8.970383;-2.9017944;0.89711
a;12883644433530;-8.953903;-2.9050903;0.83203125
a;12883664575131;-9.043655;-2.9779816;0.79841614
a;12883684716733;-9.126022;-2.9888153;0.83374023
a;12883704858334;-9.148224;-3.004181;0.8027954
a;12883724999936;-9.135025;-2.9794006;0.7490845
a;12883745141538;-9.137344;-2.974228;0.76994324
a;12883765283139;-9.117645;-3.0642242;0.82115173
a;12883785424741;-8.99379;-3.031021;0.9405365
a;12883805566342;-8.977783;-2.9250336;1.098465
a;12883825707944;-9.196915;-2.8706818;1.2094574
a;12883845849545;-9.439697;-2.8190002;1.2952728
a;12883865991147;-9.482925;-2.9604645;1.2968292
a;12883886132749;-9.375336;-3.1439972;1.2864227
a;12883906274350;-9.345184;-3.155777;1.217514
a;12883926415952;-9.321167;-3.179718;1.11586
a;12883946557553;-9.33226;-3.2015991;1.037323
a;12883966699155;-9.264877;-3.1584015;1.0542755
a;12883986840756;-9.230957;-3.047989;0.9855957
a;12884006982358;-9.350037;-3.0718079;0.93418884
a;12884027123959;-9.380585;-3.1943665;0.93814087
a;12884047265561;-9.3714905;-3.1579132;0.9763031
a;12884067407163;-9.361832;-3.0445404;0.95906067
a;12884087548764;-9.258835;-3.0156403;1.0025177
a;12884107690366;-9.247925;-2.9554749;1.0485535
a;12884127831967;-9.36232;-2.870575;1.0761414
a;12884147973569;-9.432465;-2.7958221;1.1377411
a;12884168115170;-9.356659;-2.870819;1.2580109
a;12884188256772;-9.324402;-2.9063416;1.2870178
a;12884208398374;-9.353165;-2.9119873;1.2415619
a;12884228539975;-9.262772;-3.044876;1.2349243
a;12884248681577;-9.102097;-3.112381;1.2642365
a;12884268823178;-9.00972;-3.1602783;1.2594147
a;12884288964780;-9.058685;-3.2183838;1.1533508
a;12884309106381;-9.117538;-3.2252197;1.1582794
a;12884329247983;-9.045013;-3.2088623;1.1854248
a;12884349389584;-8.994568;-3.1941528;1.2518768
a;12884369531186;-9.096313;-3.2241516;1.2402649
a;12884389672788;-9.1828;-3.2719421;1.2522736
a;12884409814389;-9.197662;-3.2785645;1.3356171
a;12884429955991;-9.147598;-3.2008667;1.4044037
a;12884450097592;-9.155487;-3.147873;1.3940887
a;12884470239194;-9.152771;-3.180893;1.2637634
a;12884490380795;-9.158936;-3.2479248;1.1755981
a;12884510522397;-9.1037445;-3.2914124;1.1184387
a;12884530663999;-9.135101;-3.3217316;1.0768127
a;12884550805600;-9.126465;-3.3250122;1.0208893
a;12884570947202;-9.134674;-3.4191284;1.0132751
a;12884591088803;-9.132584;-3.4709015;0.9999237
a;12884611230405;-9.124802;-3.4832153;0.9980011
a;12884631372006;-9.1336975;-3.4598236;0.96875
a;12884651513608;-9.227509;-3.5048065;1.013916
a;12884671655209;-9.214355;-3.5438995;1.0866699
a;12884691796811;-9.047653;-3.5186462;1.0806427
a;12884711938413;-9.050125;-3.5131073;1.0494843
a;12884732080014;-9.166595;-3.522873;1.013977
a;12884752221616;-9.228668;-3.5417633;1.0392914
a;12884772363217;-9.202835;-3.566742;0.9942627
a;12884792504819;-9.207123;-3.5990906;0.97332764
a;12884812646420;-9.220093;-3.6454163;0.9454956
a;12884832788022;-9.300903;-3.6809387;0.84550476
a;12884852929624;-9.382156;-3.721054;0.8510132
a;12884873071225;-9.435562;-3.7398376;0.83680725
a;12884893212827;-9.36116;-3.7251587;0.77545166
a;12884913354428;-9.294479;-3.7456665;0.7717438
a;12884933496030;-9.37822;-3.7817993;0.74043274
a;12884953637631;-9.485764;-3.8127136;0.8097229
a;12884973779233;-9.436127;-3.8114777;0.914032
a;12884993920834;-9.300674;-3.7555542;0.9799347
a;12885014062436;-9.329529;-3.707779;1.0785522
a;12885034204038;-9.480057;-3.763565;1.1549988
a;12885054345639;-9.461807;-3.8231964;1.1456146
a;12885074487241;-9.35408;-3.8502655;1.1692047
a;12885094628842;-9.336761;-3.9922638;0.9868469
a;12885114770444;-9.245438;-4.176117;0.852005
a;12885134912045;-9.209305;-4.2725983;0.76200867
a;12885155053647;-9.284531;-4.1753235;0.8227234
a;12885175195249;-9.345612;-4.129196;0.6998291
a;12885195336850;-9.342773;-4.1171875;0.71025085
a;12885215478452;-9.299103;-3.9550018;0.75523376
a;12885235620053;-9.38504;-3.9478302;0.7383423
a;12885255761655;-9.478561;-4.1251373;0.6926422
a;12885275903256;-9.508926;-4.057892;0.836792
a;12885296044858;-9.337799;-3.9894104;0.8784027
a;12885316186459;-9.222504;-3.9739685;0.8548889
a;12885336328061;-9.221405;-3.8464203;0.87701416
a;12885356469663;-9.267303;-3.8407593;0.86842346
a;12885376611264;-9.32077;-3.8477936;0.8997345
a;12885396752866;-9.245392;-3.7524261;0.93865967
a;12885416894467;-9.145126;-3.7359161;0.89497375
a;12885437036069;-9.190506;-3.7600098;0.8516846
a;12885457177670;-9.370621;-3.82193;0.85591125
a;12885477319272;-9.329025;-3.807312;0.8648071
a;12885497460874;-9.023148;-3.6534271;0.9365692
a;12885517602475;-8.9492035;-3.6193085;0.9089203
a;12885537744077;-8.927475;-3.6913452;0.8802643
a;12885557885678;-8.98262;-3.5591278;1.0303497
a;12885578027280;-8.993652;-3.6171417;1.0426025
a;12885598168881;-9.005661;-3.6315918;1.013031
a;12885618310483;-9.015503;-3.5768738;0.9492645
a;12885638452084;-9.012222;-3.587265;0.94241333
a;12885658593686;-9.022949;-3.613205;0.9849396
a;12885678735288;-9.033112;-3.6420898;1.0110321
a;12885698876889;-9.07991;-3.5976105;1.0085144
a;12885719018491;-9.125046;-3.5911407;1.0494995
a;12885739160092;-9.209351;-3.634079;1.0556488
a;12885759301694;-9.181961;-3.5404358;1.0855865
a;12885779443295;-9.103424;-3.5401306;1.0867767
a;12885799584897;-9.056931;-3.5994873;1.0677338
a;12885819726499;-9.081924;-3.652893;1.0467834
a;12885839868100;-9.114899;-3.6967316;1.1159058
a;12885860009702;-9.143829;-3.7356567;1.1486816
a;12885880151303;-9.15686;-3.8078003;1.1391144
a;12885900292905;-9.180588;-3.7821198;1.1586609
a;12885920434506;-9.193344;-3.7776184;1.2289124
a;12885940576108;-9.202652;-3.7739716;1.252182
a;12885960717709;-9.213394;-3.777771;1.271347
a;12885980859311;-9.1545105;-3.822052;1.3181
a;12886001000913;-9.137802;-3.7979279;1.3035278
a;12886021142514;-9.168442;-3.7999725;1.2278748
a;12886041284116;-9.221176;-3.7933197;1.2242432
a;12886061425717;-9.197952;-3.7653656;1.2206116
a;12886081567319;-9.162048;-3.749588;1.2596283
a;12886101708920;-9.118546;-3.748825;1.2653656
a;12886121850522;-9.15831;-3.756485;1.2544708
a;12886141992124;-9.169937;-3.790207;1.23349
a;12886162133725;-9.180542;-3.798767;1.2393494
a;12886182275327;-9.186707;-3.76297;1.2110596
a;12886202416928;-9.131226;-3.7684326;1.1622314
a;12886222558530;-9.058563;-3.7577972;1.1430359
a;12886242700131;-9.063873;-3.696289;1.114151
a;12886262841733;-9.036789;-3.7150574;1.0039063
a;12886282983334;-9.073639;-3.7535858;1.0136871
a;12886303124936;-9.185486;-3.7700195;1.0910034
a;12886323266538;-9.224335;-3.7358856;1.1410217
a;12886343408139;-9.195663;-3.6699982;1.1381836
a;12886363549741;-9.20816;-3.6477509;1.1615906
a;12886383691342;-9.177338;-3.5901642;1.2444763
a;12886403832944;-9.145126;-3.558136;1.2237854
a;12886423974545;-9.194778;-3.599594;1.1302948
a;12886444116147;-9.2126465;-3.6363373;1.0808411
a;12886464257749;-9.191513;-3.6674042;1.0315552
a;12886484399350;-9.203415;-3.6657867;1.0663452
a;12886504540952;-9.163452;-3.6526794;1.1134338
a;12886524682553;-9.122955;-3.6545105;1.1007385
a;12886544824155;-9.190781;-3.6544037;1.1331787
a;12886564965756;-9.20433;-3.6664124;1.1549835
a;12886585107358;-9.157166;-3.6688385;1.1849823
a;12886605248959;-9.183624;-3.7334137;1.1851654
a;12886625390561;-9.21936;-3.7366638;1.2001038
a;12886645532163;-9.200516;-3.7264862;1.2434235
a;12886665673764;-9.165451;-3.728592;1.2598114
a;12886685815366;-9.156815;-3.757019;1.2610321
a;12886705956967;-9.153595;-3.7830658;1.2145386
a;12886726098569;-9.143478;-3.767212;1.2063904
a;12886746240170;-9.145065;-3.739502;1.171875
a;12886766381772;-9.1440735;-3.7471771;1.147934
a;12886786523374;-9.139755;-3.7005615;1.1567688
a;12886806664975;-9.146011;-3.7265167;1.1714325
a;12886826806577;-9.174927;-3.7170258;1.164978
a;12886846948178;-9.143539;-3.725647;1.1435394
a;12886867089780;-9.142792;-3.7089844;1.2007294
a;12886887231381;-9.156464;-3.7123718;1.1800995
a;12886907372983;-9.167297;-3.7248535;1.1807556
a;12886927514584;-9.135147;-3.74971;1.1578674
a;12886947656186;-9.142548;-3.720398;1.1570129
a;12886967797788;-9.12088;-3.7282257;1.1902924
a;12886987939389;-9.152878;-3.739975;1.2153931
a;12887008080991;-9.147369;-3.7391663;1.1842499
a;12887028222592;-9.126831;-3.7357788;1.2020264
a;12887048364194;-9.18364;-3.7550354;1.1787567
a;12887068505795;-9.203857;-3.7583313;1.1671448
a;12887088647397;-9.180084;-3.7271118;1.1730347
a;12887108788999;-9.144348;-3.7255402;1.1413422
a;12887128930600;-9.141083;-3.7385712;1.122406
a;12887149072202;-9.190613;-3.734314;1.1493225
a;12887169213803;-9.141235;-3.7082214;1.1396179
a;12887189355405;-9.139191;-3.662262;1.1368256
a;12887209497006;-9.19397;-3.6814423;1.173172
a;12887229638608;-9.205719;-3.6994476;1.1467896
a;12887249780209;-9.155731;-3.7277374;1.1524658
a;12887269921811;-9.1701355;-3.7173462;1.1166992
a;12887290063413;-9.219116;-3.7028198;1.1321259
a;12887310205014;-9.191238;-3.734787;1.1532593
a;12887330346616;-9.164337;-3.7325134;1.1700592
a;12887350488217;-9.124634;-3.7495575;1.1870422
a;12887370629819;-9.135498;-3.7668152;1.1578827
a;12887390771420;-9.218765;-3.7767487;1.1617279
a;12887410913022;-9.155548;-3.7760315;1.174118
a;12887431054624;-9.109268;-3.780899;1.1466675
a;12887451196225;-9.146179;-3.7768707;1.1635742
a;12887471337827;-9.159485;-3.776413;1.1497345
a;12887491479428;-9.128845;-3.7756348;1.1732635
a;12887511621030;-9.136215;-3.7473297;1.1664886
a;12887531762631;-9.137222;-3.776123;1.2161865
a;12887551904233;-9.142624;-3.7765808;1.2259979
a;12887572045834;-9.133072;-3.7791138;1.2106476
a;12887592187436;-9.125015;-3.7664948;1.190567
a;12887612329038;-9.120163;-3.745987;1.2493439
a;12887632470639;-9.145767;-3.73497;1.2223816
a;12887652612241;-9.155045;-3.7625427;1.2234192
a;12887672753842;-9.167862;-3.7621918;1.2137604
a;12887692895444;-9.156433;-3.7428741;1.223526
a;12887713037045;-9.178177;-3.7379303;1.2463531
a;12887733178647;-9.139053;-3.7282562;1.2284851
a;12887753320249;-9.129013;-3.7132568;1.1917114
a;12887773461850;-9.165558;-3.6861725;1.1579285
a;12887793603452;-9.181229;-3.6868439;1.1834106
a;12887813745053;-9.152634;-3.6948242;1.177597
a;12887833886655;-9.156845;-3.7041473;1.1960754
a;12887854028256;-9.160522;-3.683136;1.1649628
a;12887874169858;-9.166275;-3.6918488;1.1565552
a;12887894311459;-9.1918335;-3.7128296;1.1563263
a;12887914453061;-9.160767;-3.7084656;1.1596375
a;12887934594663;-9.138336;-3.6741486;1.1539307
a;12887954736264;-9.15979;-3.6895905;1.1545105
a;12887974877866;-9.1875;-3.740036;1.1876526
a;12887995019467;-9.190842;-3.7426605;1.1684113
a;12888015161069;-9.088409;-3.7193146;1.2086487
a;12888035302670;-9.088562;-3.696579;1.1954498
a;12888050408872;-9.195053;-3.7182617;1.1828461
a;12888070550473;-9.212082;-3.737854;1.1641846
a;12888090692075;-9.177887;-3.7329254;1.1601715
a;12888110833676;-9.159744;-3.7416534;1.1605835
a;12888130975278;-9.131424;-3.7124786;1.1624451
a;12888151116879;-9.111282;-3.6813507;1.2280273
a;12888171258481;-9.139221;-3.7006683;1.2280273
a;12888191400082;-9.165527;-3.7308044;1.2338867
a;12888211541684;-9.190018;-3.7743073;1.2421417
a;12888231683286;-9.24118;-3.7790833;1.2150421
a;12888251824887;-9.189148;-3.7671509;1.2181396
a;12888271966489;-9.123886;-3.6888123;1.2003021
a;12888292108090;-9.147919;-3.6771393;1.2112732
a;12888312249692;-9.162659;-3.7204742;1.1534576
a;12888332391293;-9.22818;-3.770462;1.1524963
a;12888352532895;-9.189194;-3.539856;1.0891571
a;12888372674497;-9.042648;-3.4891357;1.0200806
a;12888392816098;-9.050339;-3.4881744;1.0449371
a;12888412957700;-8.985214;-3.4100342;1.1126709
a;12888433099301;-8.881592;-3.4368134;0.98583984
a;12888453240903;-9.138412;-3.6755981;1.0266418
a;12888473382504;-9.383789;-3.7332764;1.3149261
a;12888493524106;-9.184372;-3.8125153;1.4655151
a;12888513665707;-9.1814575;-3.8892212;1.5137482
a;12888533807309;-9.240707;-3.9171448;1.3948975
a;12888553948911;-9.202576;-4.0201263;1.37677
a;12888574090512;-9.219894;-4.047638;1.3329926
a;12888594232114;-9.263794;-3.914734;1.2545776
a;12888614373715;-9.17749;-3.9550323;1.1399384
a;12888634515317;-9.17218;-3.868393;1.1274567
a;12888654656918;-9.190857;-3.7472687;1.1065979
a;12888674798520;-9.19754;-3.721527;1.1165009
a;12888694940122;-9.162064;-3.640625;1.1184387
a;12888715081723;-9.135101;-3.519287;1.0844727
a;12888735223325;-9.170456;-3.5126038;1.0196686
a;12888755364926;-9.267807;-3.6141052;0.9968567
a;12888775506528;-9.183868;-3.5795593;1.0220947
a;12888795648129;-9.030487;-3.3630219;0.91767883
a;12888815789731;-9.003571;-3.3945618;0.81163025
a;12888835931332;-9.142944;-3.5079346;0.86943054
a;12888856072934;-9.141449;-3.440216;1.0498505
a;12888876214536;-9.079376;-3.3541565;1.1443024
a;12888896356137;-9.096054;-3.4643402;1.1547241
a;12888916497739;-9.127609;-3.653061;1.2070618
a;12888936639340;-9.185852;-3.8707275;1.28125
a;12888956780942;-9.249039;-3.895218;1.3804932
a;12888976922543;-9.217087;-3.8971558;1.3843231
a;12888997064145;-9.16861;-3.9457092;1.3855743
a;12889017205747;-9.128159;-3.9875793;1.3029175
a;12889037347348;-9.167786;-3.9885864;1.2635498
a;12889057488950;-9.226334;-3.9652405;1.2302704
a;12889077630551;-9.184952;-3.919342;1.1676025
a;12889097772153;-9.191208;-3.865097;1.1447144
a;12889117913754;-9.224945;-3.7338257;1.1867371
a;12889138055356;-9.153885;-3.6008606;1.1512756
a;12889158196957;-9.120758;-3.5617523;1.1160431
a;12889178338559;-9.188171;-3.5749512;1.0854492
a;12889198480161;-9.219238;-3.6039886;1.1213837
a;12889218621762;-9.236435;-3.5628662;1.1009674
a;12889238763364;-9.163681;-3.4894562;0.9707031
a;12889258904965;-9.131088;-3.5466766;0.9273529
a;12889279046567;-9.162979;-3.6018677;1.0031891
a;12889299188168;-9.164261;-3.5978394;1.0823822
a;12889319329770;-9.113739;-3.6444244;1.1516113
a;12889339471372;-9.0946045;-3.7483826;1.2376862
a;12889359612973;-9.136276;-3.8726501;1.2300415
a;12889379754575;-9.208572;-3.9270477;1.2815704
a;12889399896176;-9.234589;-3.9024658;1.2683868
a;12889420037778;-9.160645;-3.8926086;1.2235718
a;12889440179379;-9.162079;-3.8626404;1.1628113
a;12889460320981;-9.167694;-3.7196655;1.1708221
a;12889480462582;-9.151062;-3.683487;1.1248627
a;12889500604184;-9.187363;-3.6560059;1.1035156
a;12889520745786;-9.225525;-3.6253052;1.1192322
a;12889540887387;-9.195709;-3.5982208;1.0515289
a;12889561028989;-9.194733;-3.5917053;1.0425415
a;12889581170590;-9.175964;-3.5847168;1.0670624
a;12889601312192;-9.207443;-3.5946045;1.0388184
a;12889621453793;-9.156876;-3.5817108;1.0480194
a;12889641595395;-9.162643;-3.6341858;1.0787048
a;12889661736997;-9.194855;-3.6665802;1.1562195
a;12889681878598;-9.138016;-3.7264252;1.1669006
a;12889702020200;-9.133545;-3.7714996;1.1948547
a;12889722161801;-9.142532;-3.8159027;1.1670685
a;12889742303403;-9.151978;-3.8237762;1.1589508
a;12889762445004;-9.165741;-3.7891846;1.1312256
a;12889782586606;-9.163315;-3.723526;1.147522
a;12889802728207;-9.168533;-3.6695251;1.1060333
a;12889822869809;-9.162048;-3.6613922;1.1331329
a;12889843011411;-9.20726;-3.6552124;1.1242371
a;12889863153012;-9.187241;-3.6252594;1.0802307
a;12889883294614;-9.176666;-3.6004639;1.0999908
a;12889903436215;-9.199814;-3.608078;1.0607147
a;12889923577817;-9.175598;-3.6128998;1.0690308
a;12889943719418;-9.171143;-3.662796;1.0690613
a;12889963861020;-9.194916;-3.725647;1.0821533
a;12889984002622;-9.1792145;-3.70224;1.1280975
a;12890004144223;-9.153717;-3.752243;1.194107
a;12890024285825;-9.17186;-3.7901154;1.1371613
a;12890044427426;-9.171646;-3.7562408;1.1422119
a;12890064569028;-9.147278;-3.7149963;1.1240082
a;12890084710629;-9.17952;-3.722168;1.1070099
a;12890104852231;-9.160507;-3.6791382;1.0662689
a;12890124993832;-9.161835;-3.6792908;1.1054077
a;12890145135434;-9.17804;-3.6852875;1.1019287
a;12890165277036;-9.185822;-3.6598358;1.0715942
a;12890185418637;-9.1884;-3.665924;1.1126862
a;12890205560239;-9.206558;-3.679718;1.1048126
a;12890225701840;-9.176926;-3.6914368;1.153717
a;12890245843442;-9.130325;-3.6927338;1.1648102
a;12890265985043;-9.1237335;-3.7114258;1.2350922
a;12890286126645;-9.223785;-3.7888184;1.6446686
a;12890306268247;-9.576157;-3.8973083;2.1411133
a;12890326409848;-10.130066;-4.3904724;1.6306763
a;12890346551450;-10.563507;-5.1900787;1.9144135
a;12890366693051;-10.362305;-6.335739;2.3625336
a;12890386834653;-10.825989;-7.0802307;2.7539825
a;12890406976254;-11.1819;-8.50592;2.4513397
a;12890427117856;-11.470795;-9.512634;2.4898987
a;12890447259457;-11.532272;-9.544632;2.5519104
a;12890467401059;-10.821304;-10.3780365;2.295929
a;12890487542661;-10.118088;-11.012573;2.3927307
a;12890507684262;-9.231293;-10.658966;2.6787567
a;12890527825864;-8.147186;-10.089157;3.240326
a;12890547967465;-6.940445;-9.715744;3.5167236
a;12890568109067;-5.975174;-9.090744;3.2995605
a;12890588250668;-5.1004486;-9.074707;2.7963562
a;12890608392270;-4.2839203;-8.868271;2.6675262
a;12890628533872;-3.7299347;-8.286209;3.0349274
a;12890648675473;-3.225174;-6.7999725;3.8179626
a;12890668817075;-2.4153595;-5.123703;4.1135254
a;12890688958676;-1.688797;-5.366791;4.433899
a;12890709100278;-1.2913513;-5.8240204;4.6125183
a;12890729241879;-1.0975952;-4.4355774;4.8424377
a;12890749383481;-0.84765625;-3.2381134;5.154953
a;12890769525082;-0.39520264;-3.8486786;5.605942
a;12890789666684;-0.13000488;-4.8763275;5.9613953
a;12890809808286;-0.33714294;-4.8768616;6.390213
a;12890829949887;-0.36006165;-4.2627106;6.4489594
a;12890850091489;0.114868164;-4.335739;6.289093
a;12890870233090;0.94125366;-4.4058075;6.7133026
a;12890890374692;1.3202972;-4.8089447;7.787323
a;12890910516293;1.189148;-5.2582855;7.4513702
a;12890930657895;1.199997;-4.5749207;7.5398865
a;12890950799497;1.6237335;-4.145279;7.7038574
a;12890970941098;2.2793427;-4.631729;7.8280945
a;12890991082700;2.9029846;-4.6084137;8.543488
a;12891011224301;2.7855988;-4.7463684;9.186981
a;12891031365903;2.404358;-4.7711945;9.03363
a;12891051507504;2.3985138;-3.962799;9.146027
a;12891071649106;2.1810303;-4.7986603;8.546371
a;12891091790707;2.3604736;-5.3057404;8.495483
a;12891111932309;2.6381073;-4.838257;8.629898
a;12891132073911;2.6519318;-4.3159943;8.576187
a;12891152215512;2.6370544;-4.4397125;8.453934
a;12891172357114;2.7099152;-5.1282043;8.136475
a;12891192498715;2.8279114;-4.9315186;8.507629
a;12891212640317;2.6972504;-4.6698456;8.93074
a;12891232781918;2.5800934;-4.298004;8.971741
a;12891252923520;2.7505798;-3.7862854;8.751755
a;12891273065122;2.601471;-3.8581238;9.081528
a;12891293206723;2.444046;-4.507538;8.861008
a;12891313348325;2.7004395;-4.007492;8.770401
a;12891333489926;2.412094;-3.4862518;9.170105
a;12891353631528;2.0880127;-3.661148;9.495621
a;12891373773129;2.4300385;-3.6478882;9.159637
a;12891393914731;3.0623322;-3.1253967;9.122116
a;12891414056332;3.1310425;-2.7284698;9.266907
a;12891434197934;2.7775116;-3.2907867;9.219971
a;12891454339536;2.8336792;-3.4255524;9.215424
a;12891474481137;2.8089447;-3.3956146;9.068497
a;12891494622739;2.7178955;-3.2776947;9.170624
a;12891514764340;2.5422668;-3.561142;9.238098
a;12891534905942;2.6113434;-3.8375702;9.172638
a;12891555047543;2.686737;-3.6167755;9.098145
a;12891575189145;2.7595673;-3.4599152;8.9678955
a;12891595330747;2.7420197;-3.5394287;9.10498
a;12891615472348;2.6814575;-3.8156433;9.414612
a;12891635613950;2.7201233;-4.045807;9.114197
a;12891655755551;2.8511963;-4.280548;8.606506
a;12891675897153;2.866684;-4.0004883;8.529785
a;12891696038754;2.5609283;-3.4282532;8.966553
a;12891716180356;2.2373657;-3.2591858;9.1571045
a;12891736321957;2.3421478;-3.2991943;9.067764
a;12891756463559;2.320572;-3.530426;8.908112
a;12891767175229;2.2526703;-3.4261627;9.079651
a;12891777246030;2.3956146;-2.8739471;9.476044
a;12891787316831;2.4461365;-2.8660583;9.51239
a;12891797387631;2.449997;-3.4885864;8.922699
a;12891807458432;2.5491638;-3.9153595;8.145172
a;12891817529233;2.86232;-4.0153503;7.6650696
a;12891827600034;2.975998;-3.8778381;7.6314545
a;12891837672172;2.746704;-3.5178986;8.431442
a;12891847742973;2.269638;-3.225418;9.524017
a;12891857813774;2.0589752;-3.0985107;10.047745
a;12891867884575;2.2113495;-3.1256866;10.217239
a;12891877955376;2.4417572;-3.2937927;9.999832
a;12891888026176;2.7071075;-3.4858704;9.549515
a;12891898096977;2.929428;-3.6041565;9.149643
a;12891917597710;3.0910034;-3.5559998;8.713089
a;12891937739311;2.7913055;-3.4337006;8.810547
a;12891957880913;2.7671814;-3.8884735;9.344284
a;12891978022514;2.9348907;-3.7812347;9.557251
a;12891998164116;2.8729248;-3.7149658;9.469788
a;12892018305717;2.8303375;-3.5543976;9.333679
a;12892038447319;2.680481;-3.3039703;9.189133
a;12892058588920;2.611679;-3.3063812;9.038559
a;12892078730522;2.7015991;-3.4720917;9.242371
a;12892098872124;2.6784973;-3.8591766;9.091492
a;12892119013725;2.673645;-3.726242;9.083206
a;12892139155327;2.5672302;-3.821869;8.958832
a;12892159296928;2.6171417;-3.751236;8.875259
a;12892179438530;2.5204163;-3.6686707;8.92157
a;12892199580131;2.4008636;-3.5585022;9.032883
a;12892219721733;2.3469543;-3.667511;9.06781
a;12892239863335;2.4342499;-3.8263092;8.9270935
a;12892260004936;2.7223816;-3.7623138;8.856216
a;12892280146538;2.8253937;-4.082016;8.841278
a;12892300288139;2.8779602;-4.196686;8.885803
a;12892320429741;2.873352;-4.2199707;8.915512
a;12892340571342;2.9007263;-4.274338;8.796494
a;12892360712944;3.0107574;-4.254715;8.748749
a;12892380854545;2.9045563;-4.104965;8.83165
a;12892400996147;2.8796692;-3.97023;8.905548
a;12892421137749;2.7814941;-3.9054413;9.000977
a;12892441279350;2.6443176;-4.025345;8.904205
a;12892461420952;2.6201172;-4.127655;8.979477
a;12892481562553;2.5786743;-3.977768;9.019562
a;12892501704155;2.5914764;-4.0846252;8.804565
a;12892521845756;2.7848053;-3.9254303;8.9066925
a;12892541987358;2.7836914;-3.9281464;9.022675
a;12892562128960;2.7547302;-3.8584137;9.222153
a;12892582270561;2.671585;-3.799759;9.069199
a;12892602412163;2.6300812;-3.7846985;9.431976
a;12892622553764;2.5965881;-4.5387573;8.7569275
a;12892642695366;3.0233612;-4.1988983;8.6671295
a;12892662836967;2.5805054;-4.0595093;8.776764
a;12892682978569;2.6523743;-3.5420074;9.231003
a;12892703120170;2.7561188;-3.743225;9.150269
a;12892723261772;2.6920776;-3.6638794;9.051743
a;12892743403374;2.6083221;-3.679718;8.943527
a;12892763544975;2.5995483;-3.6003113;9.057068
a;12892783686577;2.6046448;-3.8938751;9.043671
a;12892803828178;2.766632;-3.9713898;9.134689
a;12892823969780;2.8005524;-3.8488007;9.061798
a;12892844111381;2.7893677;-3.951065;8.771362
a;12892864252983;2.9557953;-4.1353455;8.6353
a;12892884394585;3.0510864;-4.0477448;8.910187
a;12892904536186;2.9468536;-3.9403687;9.19635
a;12892924677788;2.8884277;-3.882431;9.055634
a;12892944819389;2.9024658;-3.7961426;8.932678
a;12892964960991;2.8550262;-3.7819214;8.868027
a;12892985102592;2.833664;-3.7972565;8.899338
a;12893005244194;2.8160858;-4.012497;8.813324
a;12893025385795;2.759842;-3.7877045;9.04982
a;12893045527397;2.641037;-3.9665375;9.055405
a;12893065668999;2.8133545;-4.219681;9.114853
a;12893085810600;2.9818268;-4.1661835;9.160065
a;12893105952202;2.915741;-4.1417236;9.171707
a;12893126093803;2.9512787;-3.8529205;9.208008
a;12893146235405;2.9592285;-3.7996368;9.165909
a;12893166377006;2.9964142;-3.6557922;8.998901
a;12893186518608;3.0771484;-3.738266;8.85524
a;12893206660210;3.3767548;-3.6012878;8.7013855
a;12893226801811;3.2311249;-3.926361;8.754059
a;12893246943413;3.2346191;-4.43573;9.554825
a;12893267085014;3.4385529;-3.6206665;9.891495
a;12893287226616;3.4059448;-3.1149445;8.804535
a;12893307368217;3.4328156;-3.5656433;8.164383
a;12893327509819;3.3651886;-3.803894;8.559708
a;12893347651420;3.1791687;-4.0676117;8.381699
a;12893367793022;3.5219116;-4.2514496;8.107285
a;12893387934624;3.571991;-4.3292694;7.915634
a;12893408076225;3.4881287;-4.452896;7.7483063
a;12893428217827;3.4728851;-4.3899384;7.813614
a;12893448359428;3.340744;-4.4979706;7.743149
a;12893468501030;3.365448;-4.477783;7.8138275
a;12893488642631;3.3426666;-4.8845367;7.923874
a;12893508784233;3.4604492;-4.6654205;8.13707
a;12893528925835;3.4333344;-4.4551086;8.10997
a;12893549067436;3.5123138;-4.5396576;7.8856506
a;12893569209038;3.6207733;-4.6110687;7.9488525
a;12893589350639;3.688034;-5.02005;7.946518
a;12893609492241;3.735321;-5.0204773;8.383865
a;12893629633842;3.6145782;-4.5297394;8.96521
a;12893649775444;3.4203796;-4.4593353;8.9487915
a;12893669917045;3.5627594;-4.832016;8.869583
a;12893690058647;3.8596344;-4.8169556;8.672302
a;12893710200249;3.8847504;-4.4611206;8.352554
a;12893730341850;3.6259003;-4.2523804;8.050064
a;12893750483452;3.566574;-4.4746704;8.177048
a;12893770625053;3.6100311;-4.597;8.1974945
a;12893790766655;3.6846619;-4.606415;7.9545746
a;12893810908256;3.6900482;-4.49617;7.956497
a;12893831049858;3.4887085;-4.5156555;8.337906
a;12893851191460;3.4837952;-4.373871;8.671051
a;12893871333061;3.4129639;-4.394287;8.761719
a;12893891474663;3.4039154;-4.343094;8.798843
a;12893911616264;3.4728851;-4.2900085;8.617249
a;12893931757866;3.6228638;-4.446472;8.495743
a;12893951899467;3.7070313;-4.418152;8.526566
a;12893972041069;3.597824;-4.298111;8.66655
a;12893992182670;3.5128174;-4.3016815;8.614349
a;12894012324272;3.562317;-4.2992554;8.598679
a;12894032465874;3.45253;-4.345276;8.537628
a;12894052607475;3.4677582;-4.359085;8.44603
a;12894072749077;3.5151367;-4.3817444;8.466888
a;12894092890678;3.4940033;-4.388275;8.494476
a;12894113032280;3.5084076;-4.4121857;8.438843
a;12894133173881;3.5748596;-4.438202;8.334518
a;12894153315483;3.5284882;-4.4194336;8.36467
a;12894173457085;3.5078888;-4.50943;8.453598
a;12894193598686;3.5730133;-4.444229;8.432861
a;12894213740288;3.5183258;-4.399765;8.432495
a;12894233881889;3.4821625;-4.331833;8.499847
a;12894254023491;3.5749664;-4.354141;8.534744
a;12894274165092;3.5618134;-4.4604797;8.557175
a;12894294306694;3.5003204;-4.4526978;8.532837
a;12894314448295;3.425415;-4.3570404;8.5416565
a;12894334589897;3.399475;-4.330612;8.461899
a;12894354731499;3.4633484;-4.349457;8.541595
a;12894374873100;3.4728394;-4.206131;8.531509
a;12894395014702;3.4195557;-4.3139343;8.451614
a;12894415156303;3.427246;-4.432144;8.455582
a;12894435297905;3.4440918;-4.349472;8.5394745
a;12894455439506;3.4114075;-4.411209;8.50589
a;12894475581108;3.3852234;-4.4679565;8.498764
a;12894495722710;3.3295288;-4.3977814;8.532669
a;12894515864311;3.4362793;-4.2780457;8.49086
a;12894536005913;3.5264893;-4.309845;8.402069
a;12894556147514;3.4339752;-4.399124;8.354385
a;12894576289116;3.39534;-4.312439;8.506897
a;12894596430717;3.3182983;-4.301239;8.519623
a;12894616572319;3.2820435;-4.278;8.439087
a;12894636713920;3.275406;-4.3188477;8.382004
a;12894656855522;3.3435974;-4.3618164;8.5112915
a;12894676997124;3.3449097;-4.42276;8.578613
a;12894697138725;3.335144;-4.5663147;8.461868
a;12894717280327;3.3311005;-4.5876465;8.456619
a;12894737421928;3.3914948;-4.546829;8.459183
a;12894757563530;3.4153748;-4.4872437;8.434723
a;12894777705131;3.4078217;-4.3680573;8.516663
a;12894797846733;3.488388;-4.3099976;8.512848
a;12894817988335;3.5380554;-4.402359;8.534958
a;12894838129936;3.5176544;-4.432892;8.543549
a;12894858271538;3.487915;-4.3823395;8.601608
a;12894878413139;3.3892212;-4.276764;8.558777
a;12894898554741;3.4471588;-4.269058;8.497238
a;12894918696342;3.594574;-4.3230286;8.576736
a;12894938837944;3.5978851;-4.472534;8.530899
a;12894958979545;3.5676575;-4.4420013;8.558411
a;12894979121147;3.5262146;-4.3480377;8.533691
a;12894999262749;3.4529572;-4.3207245;8.446533
a;12895019404350;3.414627;-4.3005524;8.536377
a;12895039545952;3.4405365;-4.2668915;8.524796
a;12895059687553;3.4119415;-4.284439;8.415878
a;12895079829155;3.4212952;-4.312912;8.417648
a;12895099970756;3.4790802;-4.3586426;8.396072
a;12895120112358;3.4676514;-4.4060974;8.367004
a;12895140253960;3.387909;-4.4332733;8.418869
a;12895160395561;3.3758392;-4.452713;8.511795
a;12895180537163;3.4212189;-4.4499664;8.51918
a;12895200678764;3.4095612;-4.453583;8.479584
a;12895220820366;3.3486328;-4.359787;8.429428
a;12895240961967;3.3223724;-4.38385;8.4631195
a;12895261103569;3.3952026;-4.3425293;8.475342
a;12895281245170;3.4392548;-4.4716187;8.478607
a;12895301386772;3.4442596;-4.3633423;8.546936
a;12895321528374;3.3216858;-4.3843994;8.540939
a;12895341669975;3.410553;-4.4458923;8.544342
a;12895361811577;3.456192;-4.39122;8.553833
a;12895381953178;3.3600006;-4.4879;8.608429
a;12895402094780;3.364273;-4.406967;8.485916
a;12895422236381;3.3666077;-4.3168793;8.484222
a;12895442377983;3.4036865;-4.2525177;8.554764
a;12895462519585;3.3895264;-4.1430664;8.55925
a;12895482661186;3.340683;-4.252655;8.437408
a;12895502802788;3.4200134;-4.3848724;8.436447
a;12895522944389;3.4440765;-4.386322;8.577255
a;12895543085991;3.3538818;-4.2519836;8.587585
a;12895563227592;3.3131409;-4.3898773;8.440582
a;12895583369194;3.3766327;-4.624359;8.536987
a;12895603510795;3.360611;-4.375839;8.822205
a;12895623652397;3.2701569;-4.338913;8.706177
a;12895643793999;3.369339;-4.3457794;8.58931
a;12895663935600;3.404953;-4.187622;8.629257
a;12895684077202;3.3715363;-4.22612;8.614685
a;12895704218803;3.3579407;-4.187256;8.677628
a;12895724360405;3.3235626;-4.219208;8.544785
a;12895744502006;3.3298187;-4.1418915;8.516403
a;12895764643608;3.3076477;-4.11145;8.491516
a;12895784785210;3.2506104;-4.1748047;8.611481
a;12895804926811;3.1781921;-4.269577;8.625763
a;12895825068413;3.21109;-4.1347656;8.937729
a;12895845210014;3.2019653;-4.403702;8.446991
a;12895865351616;3.3840942;-4.7918854;8.109543
a;12895885493217;3.259613;-4.3536224;7.983383
a;12895905634819;2.9765625;-3.6386566;8.802536
a;12895925776420;2.9726868;-3.3229218;9.260727
a;12895945918022;3.156067;-3.5259705;9.021439
a;12895966059624;3.1972656;-3.4001312;8.8954315
a;12895986201225;2.7722473;-3.4044495;9.130829
a;12896006342827;2.7814941;-3.3581085;9.014038
a;12896026484428;2.8517609;-3.2170258;9.163834
a;12896046626030;2.7289124;-2.8679504;9.196869
a;12896066767631;2.7033234;-2.5409393;9.265106
a;12896086909233;2.7308197;-2.8119202;8.655273
a;12896107050835;3.1276703;-2.442398;8.294189
a;12896127192436;3.1479645;-1.9491272;8.405914
a;12896147334038;2.715683;-2.6716614;8.462067
a;12896167475639;2.9662323;-3.558319;8.724106
a;12896187617241;3.6266327;-3.4306946;9.4791565
a;12896207758842;3.421463;-3.5684357;9.476654
a;12896227900444;3.0269928;-3.8853455;10.3337555
a;12896248042045;2.4672089;-4.6791687;10.317917
a;12896268183647;2.4917145;-6.4969025;8.843918
a;12896288325249;3.0760498;-6.2328796;8.236954
a;12896308466850;2.3552246;-5.7484894;9.388092
a;12896328608452;1.5964661;-4.776993;9.859055
a;12896348750053;1.4543762;-3.6854248;9.922607
a;12896368891655;1.009613;-4.0127563;9.57782
a;12896389033256;1.5432129;-4.2680054;9.520706
a;12896409174858;1.612915;-3.8011475;9.449554
a;12896429316460;1.1062317;-2.563919;9.419144
a;12896449458061;0.62335205;-1.4588165;9.648071
a;12896469599663;0.44636536;-0.8743439;9.76442
a;12896489741264;0.47756958;-0.69262695;9.791794
a;12896509882866;0.5458679;-0.37812805;9.979416
a;12896530024467;0.3280182;-0.14675903;10.109451
a;12896550166069;0.35638428;-0.15733337;10.186127
a;12896570307670;0.21522522;0.073394775;9.3663025
a;12896590449272;-0.77890015;0.70407104;10.08783
a;12896610590874;2.3978271;-0.38780212;10.401886
a;12896630732475;1.2630463;-1.3127899;9.785751
a;12896650874077;0.7853699;-1.3812714;9.377747
a;12896671015678;1.0914764;-0.8157196;9.6067505
a;12896691157280;1.1989594;-0.4369049;9.612183
a;12896711298881;1.1477051;-0.3572235;9.60939
a;12896731440483;1.106308;-0.30960083;9.901779
a;12896751582085;1.0966339;-0.28211975;10.092133
a;12896771723686;0.9592285;-0.4604187;9.975479
a;12896791865288;0.95848083;-0.5103607;9.810776
a;12896812006889;0.8781128;-0.5007782;9.815079
a;12896832148491;0.7298889;-0.37756348;9.77446
a;12896852290092;1.1732483;-0.37322998;10.033768
a;12896872431694;1.3097687;-0.6091919;10.076035
a;12896892573295;1.8952484;-0.41096497;10.45166
a;12896912714897;1.3056946;-0.4007721;10.090912
a;12896932856499;-0.16744995;-0.2658844;9.887833
a;12896952998100;1.0127563;0.17694092;10.188644
a;12896973139702;0.7984009;-0.09674072;9.936432
a;12896993281303;0.609375;-0.0043792725;9.974823
a;12897013422905;0.8674774;0.26765442;9.910477
a;12897033564506;0.8214569;0.27604675;9.764923
a;12897053706108;0.20210266;-0.3557434;9.511887
a;12897064417778;0.3391571;-0.3792572;9.640015
a;12897074488579;0.83688354;-0.2949829;9.776184
a;12897084559379;1.117157;-0.13041687;9.78772
a;12897094630180;1.1834412;-0.012130737;9.741425
a;12897104700981;1.1576233;-0.010299683;9.705719
a;12897114771782;1.0966644;-0.05456543;9.69194
a;12897124842583;1.1059723;-0.043701172;9.713852
a;12897134913383;1.1680145;-0.019714355;9.800446
a;12897144984184;1.1300507;-0.12913513;9.825439
a;12897155054985;1.0670929;-0.17262268;9.862259
a;12897165125786;0.9468689;-0.23501587;9.934814
a;12897175196587;0.894989;-0.21937561;9.8875885
a;12897185267387;0.8679657;-0.16452026;9.914734
a;12897195338188;0.86990356;-0.07601929;9.892944
a;12897205408989;0.8901825;-0.018188477;9.975388
a;12897215479790;0.9242859;-0.0015563965;10.060944
a;12897225550590;0.93492126;0.04496765;10.11441
a;12897235621391;0.9282532;0.016235352;10.06604
a;12897245692192;0.93673706;0.047454834;10.082962
a;12897255762993;0.8824463;2.4414063E-4;10.026474
a;12897265833794;0.81700134;-0.058563232;9.978729
a;12897275904594;0.77638245;-0.13700867;9.9158325
a;12897285975395;0.7618866;-0.1831665;9.874817
a;12897296046196;0.7921295;-0.06468201;9.935944
a;12897306116997;0.8607025;0.05091858;9.89296
a;12897316187797;0.96536255;0.07608032;9.8685
a;12897326258598;1.0166016;0.0821991;9.8446045
a;12897336329399;1.0463104;0.11103821;9.820389
a;12897346400200;1.1131897;0.19206238;9.750488
a;12897356471001;1.1392822;0.19395447;9.759445
a;12897366541801;1.1486511;0.1638794;9.731812
a;12897376612602;1.1240692;0.14051819;9.681259
a;12897386683403;1.0273132;0.05758667;9.610382
a;12897396754204;0.95625305;0.007843018;9.626907
a;12897406825004;0.971405;0.057037354;9.714645
a;12897416895805;1.037323;0.116744995;9.689224
a;12897426966606;1.11969;0.12286377;9.723053
a;12897437037407;1.1831055;0.14624023;9.695908
a;12897447108208;1.2299652;0.19306946;9.717438
a;12897457179008;1.1731262;0.10144043;9.735825
a;12897467249809;0.88383484;-0.04272461;9.554291
a;12897477320610;0.40319824;-0.2736969;9.127258
a;12897487391411;1.3574524;-0.14961243;9.700928
a;12897497462212;1.6324463;0.3028717;9.873306
a;12897507533012;1.6091156;0.0053863525;9.643082
a;12897517603813;1.4225616;0.017547607;9.727066
a;12897527674614;1.3401337;0.009033203;9.89035
a;12897537745415;1.5603638;0.04550171;10.08876
a;12897547816215;1.8981171;0.046905518;10.104248
a;12897557887016;1.5734863;-0.11477661;9.83725
a;12897567957817;0.15083313;-0.34051514;9.236206
a;12897578028618;-0.5682831;-0.34680176;9.299774
a;12897588099419;0.18553162;0.27778625;9.989853
a;12897598170219;1.0006409;0.71655273;10.2621765
a;12897608241020;1.1794739;0.6453552;10.108551
a;12897618311821;1.059555;0.3998108;9.855499
a;12897628382622;0.94984436;0.41297913;9.993912
a;12897638453422;1.0948181;0.7039032;10.333832
a;12897648524223;1.2021942;0.8348541;10.703735
a;12897658595024;1.1226196;0.9330902;10.874954
a;12897668665825;1.0432434;0.95098877;10.754715
a;12897678736626;0.9133301;0.74261475;10.56311
a;12897688807426;0.7884064;0.39837646;10.231323
a;12897698878227;0.76304626;0.15727234;10.028885
a;12897708949028;0.8397064;0.06524658;9.865982
a;12897719019829;1.0430298;0.13552856;9.778442
a;12897729090629;1.2570038;0.15541077;9.822678
a;12897739161430;1.283844;0.21514893;9.863342
a;12897749232231;1.3195953;0.30955505;9.8927765
a;12897759303032;1.2441254;0.27008057;9.923706
a;12897769373833;1.1352997;0.24987793;9.872772
a;12897779444633;1.1354523;0.2558136;9.755249
a;12897789515434;1.2086945;0.34577942;9.67952
a;12897799586235;1.2898712;0.29641724;9.623962
a;12897809657036;1.3279266;0.21174622;9.691895
a;12897819727837;1.4191742;0.254364;9.641251
a;12897829798637;1.423111;0.30574036;9.461578
a;12897839869438;1.4518127;0.40937805;9.431961
a;12897849940239;1.3993378;0.41197205;9.528229
a;12897860011040;1.2975006;0.2788391;9.595978
a;12897870081840;1.1449738;0.14068604;9.632095
a;12897880152641;1.1229095;0.1191864;9.589783
a;12897890223442;1.1306;0.16601563;9.621094
a;12897900294243;1.1382751;0.14802551;9.5598755
a;12897910365044;1.1113434;0.02758789;9.503815
a;12897920435844;1.108902;-0.03326416;9.513855
a;12897930506645;1.1077881;-0.05055237;9.631821
a;12897940577446;1.1327667;-0.009902954;9.716888
a;12897950648247;1.2292938;0.032196045;9.900787
a;12897960719047;1.3363342;0.095565796;9.994537
a;12897970789848;1.3859253;0.06274414;10.025269
a;12897980860649;1.3956299;-0.05192566;9.988892
a;12897990931450;1.4200745;-0.052734375;9.961594
a;12898001002251;1.3723297;-0.078552246;9.894394
a;12898020502983;1.3781433;-0.06391907;9.845673
a;12898040644585;1.4132233;0.08705139;9.827332
a;12898060786186;1.3627319;0.10786438;9.759338
a;12898080927788;1.361023;0.16421509;9.726746
a;12898101069389;1.4385223;0.14434814;9.772659
a;12898121210991;1.3883972;0.022018433;9.773376
a;12898141352592;1.4070282;0.076156616;9.746124
a;12898161494194;1.3459167;0.032043457;9.813004
a;12898181635795;1.2831421;0.09085083;9.831589
a;12898201777397;1.2572937;0.20256042;9.79686
a;12898221918999;1.3047943;0.34146118;9.988464
a;12898242060600;1.3132477;0.2671051;9.844635
a;12898262202202;1.3263397;0.019897461;9.468567
a;12898282343803;1.6080933;0.08139038;9.725723
a;12898302485405;1.5975647;0.18940735;10.195374
a;12898322627006;1.4115906;-0.27227783;10.121262
a;12898342768608;0.6417694;-0.22909546;9.518082
a;12898362910210;1.1943512;0.16766357;9.624023
a;12898383051811;1.0307617;0.13175964;9.719559
a;12898403193413;1.3991852;0.29878235;9.907837
a;12898423335014;1.6267242;0.40089417;9.877472
a;12898443476616;1.4845276;0.2760315;9.870224
a;12898463618217;1.1811066;0.1321106;9.77977
a;12898483759819;1.2254181;0.2164917;9.885925
a;12898503901420;1.2326202;0.1496582;9.923279
a;12898524043022;1.3200684;0.17037964;10.020752
a;12898544184624;1.2440491;0.10258484;10.043579
a;12898564326225;1.1602936;-0.02784729;10.061218
a;12898584467827;1.1731415;0.046279907;9.962814
a;12898604609428;1.1094055;0.038513184;9.884018
a;12898624751030;1.1593018;0.12561035;9.910629
a;12898644892631;1.2082062;0.19233704;9.912933
a;12898665034233;1.1227112;0.121795654;9.764511
a;12898685175835;1.180069;0.16770935;9.757706
a;12898705317436;1.2267761;0.14845276;9.865097
a;12898725459038;1.2199097;0.13865662;9.832123
a;12898745600639;1.250885;0.17366028;9.825607
a;12898765742241;1.2190399;0.07571411;9.740295
a;12898785883842;1.2047577;0.08665466;9.78244
a;12898806025444;1.2507477;0.1552887;9.799896
a;12898826167045;1.217804;0.12747192;9.823929
a;12898846308647;1.2554779;0.09585571;9.877548
a;12898866450249;1.2554779;0.12989807;9.814743
a;12898886591850;1.2429047;0.119262695;9.784195
a;12898906733452;1.1974945;0.10606384;9.826416
a;12898926875053;1.2299957;0.14067078;9.809769
a;12898947016655;1.2209473;0.21174622;9.870316
a;12898967158256;1.1967316;0.21777344;9.833557
a;12898987299858;1.126709;0.15353394;9.852676
a;12899007441460;1.1205444;0.20422363;9.848221
a;12899027583061;1.1829376;0.26818848;9.910751
a;12899047724663;1.181076;0.3085022;9.942795
a;12899067866264;1.1654968;0.2286377;9.891235
a;12899088007866;1.156189;0.19073486;9.84584
a;12899108149467;1.1893463;0.24772644;9.977798
a;12899128291069;1.2057343;0.32000732;9.867493
a;12899148432670;1.1872101;0.22319031;9.793549
a;12899168574272;1.1742706;0.16874695;9.741043
a;12899188715874;1.3018341;0.22993469;9.789307
a;12899208857475;1.2993469;0.306427;9.821121
a;12899228999077;1.2963257;0.30975342;9.814301
a;12899249140678;1.3117371;0.25126648;9.793808
a;12899269282280;1.2839508;0.21939087;9.78038
a;12899289423881;1.2568207;0.19325256;9.847366
a;12899309565483;1.1463928;0.063690186;9.833954
a;12899329707085;1.194519;0.09561157;9.790558
a;12899349848686;1.1928558;0.1322174;9.825897
a;12899369990288;1.2642212;0.21679688;9.863098
a;12899390131889;1.2308502;0.20446777;9.819077
a;12899410273491;1.185257;0.15473938;9.807083
a;12899430415092;1.2369995;0.19857788;9.911148
a;12899450556694;1.230957;0.23487854;9.879852
a;12899470698295;1.1513672;0.21008301;9.839706
a;12899490839897;1.0171814;-0.038131714;9.329163
a;12899510981499;1.5221863;0.6117096;9.932129
a;12899531123100;1.1958313;0.28684998;9.878952
a;12899551264702;1.4606018;0.34913635;10.235077
