a;17907819997398;2.5988007;-0.2558899;9.077332
a;17907840139000;2.4874878;-0.48339844;8.851303
a;17907860280601;2.5513763;-0.97914124;8.779938
a;17907880422203;2.6161041;-0.8701172;9.061539
a;17907900563804;2.8015594;-0.42193604;9.493576
a;17907920705406;2.3208313;-0.54685974;9.239578
a;17907940847008;3.1756744;-0.02645874;9.115448
a;17907960988609;2.7582092;-0.37591553;8.874252
a;17907981130211;2.768097;-0.7505951;8.736572
a;17908001271812;2.9427185;-0.649292;8.923004
a;17908021413414;2.843933;-0.5416107;8.905823
a;17908041555015;2.799942;-0.5983124;8.73259
a;17908061696617;2.8711395;-0.9476929;8.774811
a;17908081838218;2.8414612;-1.01828;8.838425
a;17908101979820;2.713623;-0.75086975;8.938309
a;17908122121422;2.7651672;-0.86672974;8.996017
a;17908142263023;2.7163239;-0.99617004;8.914322
a;17908162404625;2.6301575;-0.683136;8.775803
a;17908182546226;2.6694183;-0.35299683;8.534622
a;17908202687828;2.7141418;-0.08580017;8.256866
a;17908222829429;2.8707733;0.27337646;7.6307373
a;17908242971031;2.860199;0.929718;6.8408203
a;17908263112633;2.8231506;1.4037018;5.7462616
a;17908283254234;2.573532;1.7519531;4.349701
a;17908303395836;2.252411;1.6853638;2.97081
a;17908323537437;2.3750916;1.2296295;1.6942291
a;17908343679039;2.7328491;-0.0904541;0.891098
a;17908363820640;3.9235992;-1.9171143;1.2217255
a;17908383962242;5.2722626;-3.2889252;1.7344513
a;17908404103843;4.8146057;-3.7089996;2.115387
a;17908424245445;5.287567;-4.813324;1.7529755
a;17908444387047;6.028961;-7.235504;0.308136
a;17908464528648;6.626831;-7.3506165;0.96839905
a;17908484670250;7.55748;-7.319687;1.5617828
a;17908504811851;8.323349;-6.2322693;1.3849487
a;17908524953453;8.810364;-6.0587463;1.7231445
a;17908545095054;9.455887;-6.3381042;0.51257324
a;17908565236656;10.1562805;-6.5043335;-0.8048401
a;17908585378258;11.494904;-6.518585;-1.4506683
a;17908605519859;14.378891;-7.6513367;-2.3505096
a;17908625661461;15.711014;-7.78096;-3.677658
a;17908645803062;15.775467;-7.684723;-4.560547
a;17908665944664;16.181427;-7.945099;-4.9856567
a;17908686086265;15.636032;-9.162735;-4.486435
a;17908706227867;14.2153015;-10.42955;-3.209732
a;17908726369468;12.701004;-9.910126;-2.5021667
a;17908746511070;11.52356;-8.340408;-2.171936
a;17908766652672;10.687515;-6.243683;-2.1547546
a;17908786794273;10.3593445;-3.1420593;-1.7941132
a;17908806935875;10.00238;-2.0487213;-1.8925934
a;17908827077476;9.594299;-3.4717712;-1.9975433
a;17908847219078;9.404785;-5.1280518;-2.5712433
a;17908867360679;9.594345;-6.381729;-1.7990265
a;17908887502281;9.876648;-6.4636536;-1.327301
a;17908907643883;10.134323;-6.2815094;-1.7033386
a;17908927785484;11.115158;-6.7538147;-1.2615967
a;17908947927086;12.169952;-8.173355;-0.9356384
a;17908968068687;12.505112;-8.697174;-1.0770264
a;17908988210289;12.869949;-8.541016;-0.8227997
a;17909008351890;14.14946;-9.419373;-1.2258759
a;17909028493492;14.949097;-10.783585;-2.1416626
a;17909048635093;15.337952;-11.346176;-2.4697266
a;17909068776695;15.177795;-13.145233;-2.130371
a;17909088918297;15.590607;-14.550812;-2.306656
a;17909109059898;14.986816;-15.124023;-2.2389374
a;17909129201500;13.391281;-14.401169;-1.7216492
a;17909149343101;11.069138;-12.221054;-0.8423157
a;17909169484703;8.948196;-8.492462;0.18421936
a;17909189626304;7.178238;-5.1096497;0.6148529
a;17909209767906;5.7051697;-2.3169556;-0.011672974
a;17909229909508;4.904587;-0.30142212;-0.42622375
a;17909250051109;3.1277466;2.8640747;-0.07369995
a;17909270192711;1.6671753;5.577194;-0.047836304
a;17909290334312;0.763443;9.209625;-1.0415802
a;17909310475914;1.4315491;10.035248;-1.0864716
a;17909330617515;1.1544952;8.809937;-1.7400208
a;17909350759117;1.5076141;6.9529266;-2.3344727
a;17909370900718;2.879837;5.890732;-2.101059
a;17909391042320;4.0738983;3.4555817;-2.111496
a;17909411183922;5.8177795;-1.4083557;-5.46579
a;17909431325523;7.8351593;-11.056534;-4.372864
a;17909451467125;7.589142;-18.38501;-6.1480713
a;17909471608726;7.3649597;-20.031967;-7.3796997
a;17909491750328;6.687546;-20.031967;-7.0567627
a;17909511891929;4.208832;-20.031967;-6.935318
a;17909532033531;2.3211365;-20.031967;-6.2601166
a;17909552175133;0.8560486;-20.031967;-5.958435
a;17909572316734;1.4801636;-20.031967;-4.7361603
a;17909592458336;3.0325623;-19.375198;-2.7827911
a;17909612599937;4.33519;-12.648926;-2.3879547
a;17909632741539;5.6329803;-5.0054626;-3.8846436
a;17909652883140;6.8156586;1.5246582;-4.909607
a;17909673024742;6.435791;8.259689;-4.3725586
a;17909693166343;3.9954834;11.634476;-2.6543274
a;17909713307945;1.5354156;13.206955;-1.7055206
a;17909733449547;0.16194153;14.896088;-1.5930939
a;17909753591148;0.6580963;13.141464;-1.7455139
a;17909773732750;1.7652588;9.687149;-2.498932
a;17909793874351;2.5847015;7.065155;-2.4398193
a;17909814015953;3.2338104;4.755356;-2.5891418
a;17909834157554;4.7445374;1.3018188;-3.0446472
a;17909854299156;6.609192;-4.2118073;-4.1072083
a;17909874440758;8.376907;-11.541473;-3.4557495
a;17909894582359;7.886032;-15.836746;-5.3052216
a;17909914723961;10.354889;-19.957886;-8.020752
a;17909934865562;9.723297;-20.031967;-8.60582
a;17909955007164;7.1412354;-20.031967;-6.2572784
a;17909975148765;5.111969;-20.031967;-4.320175
a;17909995290367;3.1460419;-20.031967;-2.6496582
a;17910015431968;0.96110535;-20.031967;-1.4227905
a;17910035573570;-0.06455994;-20.031967;-2.2050934
a;17910055715172;0.29490662;-19.713318;-2.3589478
a;17910075856773;0.7918396;-17.297195;-3.0030518
a;17910095998375;1.3780212;-13.869339;-2.7065887
a;17910116139976;1.5992584;-9.01622;-2.704895
a;17910136281578;1.4897461;-5.7198944;-3.0345001
a;17910156423179;1.5056152;-4.103348;-3.3753662
a;17910176564781;1.4476318;-2.975769;-3.0142517
a;17910196706383;0.7512207;-1.4070435;-2.4374847
a;17910216847984;-0.041671753;-0.1796112;-1.3752747
a;17910236989586;-0.5489197;0.14974976;-0.3585205
a;17910257131187;-0.9603424;0.274765;-0.07545471
a;17910277272789;-1.236618;0.9837799;-0.13768005
a;17910297414390;-1.7953033;2.1975555;-0.6404877
a;17910317555992;-1.3569641;2.52034;-0.6176758
a;17910337697593;-0.32728577;3.1645813;-0.19268799
a;17910357839195;0.4528656;4.2934723;0.07714844
a;17910377980797;1.1499481;4.727661;0.35406494
a;17910398122398;2.3490143;0.31825256;0.35603333
a;17910418264000;3.5053864;-4.85083;0.150177
a;17910438405601;4.605011;-9.70668;-1.5530853
a;17910458547203;8.266647;-10.64122;-1.1915894
a;17910478688804;10.11084;-11.66539;-2.429367
a;17910498830406;12.332825;-17.802399;-5.2095947
a;17910518972008;11.881195;-20.031967;-4.888672
a;17910539113609;11.221008;-20.031967;-3.1906586
a;17910559255211;10.647614;-19.395584;-1.82547
a;17910579396812;9.274384;-17.235168;-0.8430939
a;17910599538414;7.851288;-15.006073;-0.15112305
a;17910619680015;6.5727997;-13.244659;0.13392639
a;17910639821617;5.0105743;-12.115738;-0.20051575
a;17910659963218;3.5941925;-10.386642;-0.41255188
a;17910680104820;2.8689117;-8.4422;-0.6474457
a;17910700246422;2.6855469;-6.8103943;-0.22489929
a;17910720388023;2.8183289;-5.602463;-0.5212097
a;17910740529625;3.1056824;-5.040924;-0.88957214
a;17910760671226;3.717331;-4.618515;-0.87431335
a;17910780812828;4.709839;-4.4942474;-0.9828949
a;17910800954429;5.702179;-4.6329956;-0.92178345
a;17910821096031;6.4709473;-4.2535095;-1.1153107
a;17910841237633;7.4347076;-3.3539581;-1.4187317
a;17910861379234;8.709808;-2.461319;-1.4579163
a;17910881520836;10.227585;-1.7670898;-1.5933838
a;17910901662437;12.304565;-1.9247437;-1.6489716
a;17910921804039;14.022858;-2.169693;-1.8573761
a;17910941945640;15.11734;-3.4409485;-1.6040497
a;17910962087242;15.261841;-4.5076904;-1.3191833
a;17910982228843;14.424469;-5.0638275;-1.2467194
a;17911002370445;13.080856;-4.9135284;-0.9177551
a;17911022512047;11.385651;-3.6647491;-0.3238678
a;17911042653648;10.532242;-2.240631;-0.34109497
a;17911062795250;10.256165;-1.2732239;-0.5311127
a;17911082936851;10.119095;-1.1766815;-0.7204437
a;17911103078453;10.03511;-1.5471954;-1.4230957
a;17911123220054;9.591095;-2.2900238;-1.9579315
a;17911143361656;9.243576;-2.8069305;-2.1499023
a;17911163503258;9.335892;-3.175888;-2.1316223
a;17911183644859;9.701935;-3.3172302;-2.031479
a;17911203786461;9.606216;-2.7822876;-1.8601837
a;17911223935953;9.455154;-2.4479218;-1.6284332
a;17911244077555;9.563599;-2.5640564;-1.4263611
a;17911264219156;9.65419;-2.7992706;-1.406784
a;17911284360758;9.682816;-2.8939362;-1.5527954
a;17911304502359;9.81517;-2.8935394;-1.8774872
a;17911324643961;9.707596;-2.6827545;-1.987503
a;17911344785563;9.391052;-2.3205872;-1.6553192
a;17911364927164;9.4539795;-1.9586029;-1.4361572
a;17911385068766;9.506577;-1.5348358;-1.4485474
a;17911405210367;9.59256;-1.2053375;-1.3917694
a;17911425351969;9.865921;-1.23732;-1.35289
a;17911445493570;10.271561;-1.2112732;-1.7154388
a;17911465635172;9.806885;-0.85375977;-1.4668732
a;17911485776774;9.510651;-0.62480164;-1.2764587
a;17911505918375;9.049698;-0.6683502;-0.90042114
a;17911526059977;8.800568;-1.0303802;-0.5916443
a;17911546201578;8.860764;-1.5092316;-0.62124634
a;17911566343180;8.947296;-1.7743073;-0.9234619
a;17911586484781;9.00116;-1.6833344;-1.2015381
a;17911606626383;9.253281;-1.6468048;-1.101181
a;17911626767984;9.7099;-2.0521698;-1.0034027
a;17911646909586;10.064606;-2.2481842;-0.97831726
a;17911667051188;9.953079;-2.06456;-0.8884735
a;17911687192789;9.872772;-1.9602661;-0.7362366
a;17911707334391;9.808975;-1.9846649;-0.7347107
a;17911727475992;9.785278;-2.0527344;-0.8790283
a;17911747617594;9.649902;-2.0495758;-0.9563904
a;17911767759195;9.553131;-1.8731384;-1.0303955
a;17911787900797;9.666321;-1.721283;-1.0083618
a;17911808042399;9.7847595;-2.0184174;-0.92778015
a;17911828184000;9.803329;-2.2939758;-1.1078033
a;17911848325602;9.707565;-2.2356262;-0.9712677
a;17911868467203;9.662125;-2.113449;-0.80496216
a;17911888608805;9.59758;-2.0599365;-0.82839966
a;17911908750406;9.731033;-2.1017914;-0.69480896
a;17911928892008;10.139282;-2.944809;-0.71139526
a;17911949033609;10.334427;-3.743576;-0.9108429
a;17911969175211;10.522903;-3.9823608;-0.7923126
a;17911989316813;11.876144;-5.384018;0.0178833
a;17912009458414;13.258926;-7.2125244;-0.10357666
a;17912029600016;14.339615;-7.2973633;-0.50764465
a;17912049741617;15.575729;-7.224762;0.8774109
a;17912069883219;16.204483;-8.177628;2.1136627
a;17912090024820;14.946991;-7.3711395;3.012268
a;17912110166422;13.422562;-4.4401245;3.6237335
a;17912130308024;10.115112;-3.8978882;3.8394623
a;17912150449625;6.1702423;-3.0467987;3.8800354
a;17912170591227;2.2859192;-2.228363;3.0430298
a;17912190732828;-1.0996399;-1.3508453;1.6969147
a;17912210874430;-3.0667572;-1.818634;1.2634583
a;17912231016031;-3.1957245;-2.7668457;1.3074036
a;17912251157633;-2.2131195;-3.9829254;0.76405334
a;17912271299234;-0.68203735;-4.2260284;0.60694885
a;17912291440836;1.6040039;-3.582016;0.51893616
a;17912311582438;3.9270325;-3.6468658;0.67785645
a;17912331724039;3.2590942;-3.2553406;1.4349518
a;17912351865641;3.2979584;-2.8450165;1.618866
a;17912372007242;5.7841644;-5.496689;1.5623779
a;17912392148844;7.6717834;-7.4831543;0.9543915
a;17912412290445;8.338486;-6.407242;1.0332947
a;17912432432047;9.206299;-4.188431;1.411972
a;17912452573649;10.450699;-3.4708405;1.1396637
a;17912472715250;11.760696;-4.1969757;1.1190033
a;17912492856852;12.661804;-5.865631;1.3152161
a;17912512998453;12.855164;-5.47464;2.4682312
a;17912533140055;12.174942;-4.232727;2.5845032
a;17912553281656;12.127869;-2.9330292;1.3707428
a;17912573423258;12.131912;-2.6500702;1.7718048
a;17912593564859;11.946503;-4.37854;1.8876038
a;17912613706461;11.03389;-5.8712616;1.5318451
a;17912633848063;10.415817;-4.4829254;2.2083893
a;17912653989664;10.183868;-3.0063324;3.0856323
a;17912674131266;9.228378;-3.1556091;3.5250854
a;17912694272867;8.729294;-4.035919;3.6566315
a;17912714414469;8.675354;-4.393982;3.7353973
a;17912734556070;8.3398285;-3.6792145;4.140564
a;17912754697672;9.338226;-4.1897736;3.3248901
a;17912774839274;10.838898;-5.596939;4.2802734
a;17912794980875;10.890686;-7.5506134;3.9104614
a;17912815122477;10.591507;-7.5263977;3.7927094
a;17912835264078;10.4370575;-7.5869293;4.974655
a;17912855405680;10.290024;-8.587967;5.0633087
a;17912875547281;9.998154;-8.9687195;4.4420013
a;17912895688883;9.362839;-8.832169;4.236847
a;17912915830484;8.573502;-8.7341;2.7384796
a;17912935972086;7.2737885;-8.451599;2.7626495
a;17912956113688;6.7167053;-8.550583;3.3106232
a;17912976255289;5.7098083;-7.75412;3.5612183
a;17912996396891;4.704956;-7.7575073;2.9131012
a;17913016538492;3.8682404;-7.7325745;2.5191498
a;17913036680094;3.3276825;-7.311966;2.7004242
a;17913056821695;2.9832916;-6.764969;2.621704
a;17913076963297;2.767929;-6.2921753;2.8369904
a;17913097104899;2.6399689;-6.528946;2.6298676
a;17913117246500;2.712906;-6.8065033;2.5166779
a;17913137388102;2.5380554;-7.129318;2.7505035
a;17913157529703;2.7109222;-7.535858;3.036911
a;17913177671305;2.7649689;-6.858124;2.794464
a;17913197812906;2.988678;-6.9298706;2.5580292
a;17913217954508;2.9141083;-7.937744;2.7460022
a;17913238096109;2.8060913;-8.754852;2.869995
a;17913258237711;2.7188873;-8.651535;3.0390015
a;17913278379313;2.6377716;-8.441223;2.7763214
a;17913298520914;2.6237183;-8.572403;2.6229248
a;17913318662516;2.4371185;-8.685181;2.826355
a;17913338804117;2.341751;-9.1371155;2.9150085
a;17913358945719;2.1502533;-9.302536;2.848236
a;17913379087320;2.1237946;-9.026459;2.7901
a;17913399228922;1.9996796;-8.617386;2.781845
a;17913419370524;2.0138245;-8.993866;2.6993866
a;17913439512125;1.9578857;-9.386322;2.8649902
a;17913459653727;1.9255066;-9.326187;3.1856995
a;17913479795328;1.9018097;-9.073975;3.0769653
a;17913499936930;1.9506531;-9.3607025;2.857193
a;17913520078531;2.0256348;-9.622269;2.620575
a;17913540220133;2.0522919;-9.655411;2.3833923
a;17913560361734;2.1963196;-9.787003;2.4654236
a;17913580503336;2.2435913;-9.688232;2.5841217
a;17913600644938;2.304367;-9.54895;2.7154083
a;17913620786539;2.333084;-9.301056;2.712326
a;17913640928141;2.4674377;-9.397369;2.8423004
a;17913661069742;2.5590668;-9.494034;2.7966003
a;17913681211344;2.5473785;-9.461197;2.817398
a;17913701352945;2.424118;-9.296402;2.962906
a;17913721494547;2.4163208;-9.337967;3.0769196
a;17913741636149;2.46846;-9.296799;2.9956665
a;17913761777750;2.5559082;-9.22374;2.7739258
a;17913781919352;2.6488495;-9.228897;2.7580566
a;17913802060953;2.6073303;-9.435867;2.8771057
a;17913822202555;2.499588;-9.6397705;3.0115967
a;17913842344156;2.407364;-9.543854;3.167099
a;17913862485758;2.2854462;-9.407684;3.141449
a;17913882627359;2.3892975;-8.68959;2.7741241
a;17913902768961;2.5022583;-9.157257;2.8621216
a;17913922910563;2.458313;-9.1732025;3.1932373
a;17913943052164;2.4479523;-9.160339;3.2942505
a;17913963193766;2.5454712;-9.123993;3.3641205
a;17913983335367;2.5572815;-8.869202;3.067566
a;17914003476969;2.6167297;-8.889908;2.9026337
a;17914023618570;2.6799622;-9.01152;3.0901184
a;17914043760172;2.7254333;-9.098801;3.2805328
a;17914063901774;2.7413025;-9.145767;3.1519318
a;17914084043375;2.78331;-9.26387;3.0520477
a;17914104184977;2.838028;-9.323257;3.052826
a;17914124326578;2.9030151;-9.3050995;3.1083832
a;17914144468180;2.9005585;-9.297287;3.1956177
a;17914164609781;2.866867;-9.247101;3.2301025
a;17914184751383;2.9419708;-9.226898;3.2226105
a;17914204892984;2.9194794;-9.25061;3.1549683
a;17914225034586;2.9103851;-9.163315;3.1786652
a;17914245176188;2.8962097;-9.018463;3.1417236
a;17914265317789;2.93219;-9.248901;3.1480408
a;17914285459391;2.8675232;-9.242264;3.1179352
a;17914305600992;2.8276215;-9.120346;3.1279602
a;17914325742594;2.800171;-9.022003;3.0228882
a;17914345884195;2.9325104;-9.1185;2.9463196
a;17914366025797;3.066925;-9.458542;3.0081787
a;17914386167399;3.0754242;-9.235413;3.0618134
a;17914406309000;2.9605408;-9.242477;3.0196228
a;17914426450602;2.933258;-9.183929;3.1358643
a;17914446592203;2.9405212;-9.169312;3.0775604
a;17914466733805;2.9606476;-8.962769;2.982727
a;17914486875406;2.9805145;-9.017441;2.9194489
a;17914507017008;3.034439;-9.131638;2.9689026
a;17914527158609;3.0146332;-9.143112;2.9643707
a;17914547300211;2.9724274;-9.233871;2.9532013
a;17914567441813;2.946289;-9.120117;2.946701
a;17914587583414;2.9326172;-9.15332;2.9779205
a;17914607725016;2.9329681;-9.074051;2.9927063
a;17914627866617;2.939743;-9.038162;3.0038147
a;17914648008219;2.871994;-9.031265;3.1372986
a;17914668149820;2.8247528;-9.1562195;3.1058044
a;17914688291422;2.8219604;-9.293625;3.0885162
a;17914708433024;2.833908;-9.142151;3.0440826
a;17914728574625;2.8789063;-9.221039;3.1220856
a;17914748716227;2.8621979;-9.026993;3.1901398
a;17914768857828;2.8919983;-9.190277;3.1758575
a;17914788999430;2.8865662;-9.2556;3.0457916
a;17914809141031;2.9259338;-9.35936;2.968979
a;17914829282633;2.8147736;-9.314667;3.0694885
a;17914849424234;2.795761;-9.176361;3.1788635
a;17914869565836;2.8111572;-9.144913;3.1865082
a;17914889707438;2.9146118;-8.993546;3.1016235
a;17914909849039;2.9325104;-9.121567;2.9155273
a;17914929990641;2.9186554;-9.200577;2.9031677
a;17914950132242;2.9545288;-9.2323;3.1118011
a;17914970273844;2.931076;-9.2061;3.1732178
a;17914990415445;2.9427795;-9.19162;3.0551147
a;17915010557047;2.9941254;-9.032928;2.9376068
a;17915030698649;3.0720367;-9.0794525;2.9064178
a;17915050840250;3.0631714;-9.241959;3.0352325
a;17915070981852;2.9599304;-9.268066;3.1569061
a;17915091123453;2.8830109;-9.1670685;3.2573547
a;17915111265055;2.9466705;-9.254196;3.1811676
a;17915131406656;2.8581543;-9.148056;2.9385834
a;17915151548258;2.904129;-8.952606;2.8362274
a;17915171689859;2.9221802;-8.9852295;2.9886475
a;17915191831461;2.9550476;-9.212616;3.2171173
a;17915211973063;2.9000854;-9.10614;3.191391
a;17915232114664;2.8909302;-9.074478;3.1306305
a;17915252256266;2.969162;-9.0182495;3.026886
a;17915272397867;2.9948425;-9.210114;2.9513245
a;17915292539469;2.991623;-9.344543;2.9719238
a;17915312681070;2.9633179;-9.358597;2.925827
a;17915332822672;2.9256287;-9.275177;2.908615
a;17915352964274;2.8894043;-9.209625;2.9865265
a;17915373105875;2.8838043;-9.101303;3.1581726
a;17915393247477;2.885376;-9.1073;3.0790558
a;17915413389078;2.8144226;-9.166275;2.9696655
a;17915433530680;2.665741;-9.242401;3.058899
a;17915453672281;2.5930786;-9.310226;3.0785217
a;17915473813883;2.644577;-9.330994;3.096054
a;17915493955484;2.7213135;-9.329575;3.0411224
a;17915514097086;2.8684692;-9.299744;3.0121155
a;17915534238688;2.931076;-9.15593;3.120758
a;17915554380289;2.9793854;-9.177429;3.009964
a;17915574521891;2.9203491;-9.2599945;2.980667
a;17915594663492;2.8399658;-9.227875;3.015747
a;17915614805094;2.8072968;-9.268875;2.8918762
a;17915634946695;2.8007965;-9.332733;2.872528
a;17915655088297;2.7020416;-9.285522;3.015976
a;17915675229899;2.669281;-9.133591;3.1395264
a;17915695371500;2.6997986;-9.094467;3.146637
a;17915715513102;2.7238922;-9.076538;3.237854
a;17915735654703;2.727188;-9.185089;3.0378113
a;17915755796305;2.7646637;-9.320862;2.895813
a;17915775937906;2.705658;-9.3224945;2.8915253
a;17915796079508;2.7681885;-9.411942;3.0263977
a;17915816221109;2.8145447;-9.3367;3.1189575
a;17915836362711;2.7687683;-9.1684265;2.9421387
a;17915856504313;2.7028198;-9.153564;2.9119263
a;17915876645914;2.7141113;-9.29567;2.978897
a;17915896787516;2.703415;-9.346619;3.1381073
a;17915916929117;2.7042694;-9.231964;3.0810242
a;17915937070719;2.707718;-9.217667;3.1597137
a;17915957212320;2.7208405;-9.141144;3.1470795
a;17915977353922;2.7605743;-9.01123;3.1039734
a;17915997495524;2.8267822;-8.979233;3.06427
a;17916017637125;2.8204498;-9.10936;3.094818
a;17916037778727;2.73378;-9.152863;3.1945496
a;17916057920328;2.7064514;-9.16066;3.2324219
a;17916078061930;2.7561035;-9.023422;3.1810913
a;17916098203531;2.835907;-8.781082;3.0161285
a;17916118345133;2.8364563;-8.642349;2.8978271
a;17916138486734;2.8456573;-8.451828;2.8955688
a;17916158628336;2.8794098;-8.365021;2.993927
a;17916178769938;2.8549805;-8.331512;2.939209
a;17916198911539;2.827301;-8.209808;2.9258728
a;17916219053141;2.8135376;-8.1058655;2.912918
a;17916239194742;2.8501282;-8.388947;2.9992523
a;17916259336344;2.9280396;-8.4644165;3.185791
a;17916279477945;3.1045837;-8.622482;3.2019348
a;17916299619547;3.4079437;-8.779358;3.3258667
a;17916319761149;3.499817;-8.692337;3.2746887
a;17916339902750;3.7810516;-8.702057;3.2319489
a;17916360044352;4.095566;-8.446518;3.0352173
a;17916380185953;4.342407;-8.676376;2.9330444
a;17916400327555;4.5768585;-9.268127;3.0610352
a;17916420469156;4.716629;-9.217239;3.0781555
a;17916440610758;4.8629;-9.227158;2.9072113
a;17916460752359;5.0035553;-8.842987;2.8392487
a;17916480893961;4.9966125;-8.237289;2.788559
a;17916501035563;4.8093414;-8.140015;2.468979
a;17916521177164;4.882309;-8.318008;2.534134
a;17916541318766;4.6696167;-8.54538;2.6133728
a;17916561460367;4.4462433;-8.84642;2.6878052
a;17916581601969;4.245575;-9.136795;2.8291016
a;17916601743570;4.01828;-9.099319;2.8531494
a;17916621885172;3.7754211;-9.007523;2.6617432
a;17916642026774;3.7667694;-9.623917;2.86615
a;17916662168375;3.712326;-10.08078;3.2910767
a;17916682309977;3.6307526;-9.851501;3.449997
a;17916702451578;3.71109;-9.209;3.1631927
a;17916722593180;3.9375458;-9.066483;2.7126465
a;17916742734781;3.9891663;-8.992477;3.0431824
a;17916762876383;4.0275574;-8.435852;3.3624268
a;17916783017984;4.2628784;-8.266968;3.1583862
a;17916803159586;4.359787;-8.478455;3.183197
a;17916823301188;4.30838;-8.357742;3.47641
a;17916843442789;4.401764;-8.3836975;3.5752716
a;17916863584391;4.6266327;-7.9656067;3.6404114
a;17916883725992;5.0648193;-7.9308167;3.6170197
a;17916903867594;5.252228;-7.7539063;3.6930695
a;17916924009195;5.611908;-7.895111;4.0245514
a;17916944150797;5.8484955;-7.301346;4.0722046
a;17916964292399;6.022934;-7.0366974;4.0701447
a;17916984434000;6.4023285;-7.058136;3.9374237
a;17917004575602;6.5448914;-6.3100433;4.0954437
a;17917024717203;6.859207;-6.2122345;4.441635
a;17917044858805;6.9174347;-6.0533905;4.6340027
a;17917065000406;6.9264526;-5.5125885;4.542145
a;17917085142008;7.211273;-5.551239;4.5711517
a;17917105283609;7.662323;-5.9309235;4.64711
a;17917125425211;7.5912323;-5.5352173;4.4518127
a;17917145566813;7.54158;-5.242279;4.574402
a;17917165708414;7.558609;-4.741638;5.222687
a;17917185850016;7.518936;-4.736145;5.3779907
a;17917205991617;7.3998413;-4.2208557;4.88649
a;17917226133219;7.338806;-4.2349243;4.705246
a;17917246274820;7.3720856;-4.557434;5.0307617
a;17917266416422;7.4156036;-4.2611084;5.1007996
a;17917286558024;7.4930115;-4.1555176;5.0876007
a;17917306699625;7.477066;-4.0562286;5.450485
a;17917326841227;7.3357086;-3.513626;5.505951
a;17917346982828;7.3851776;-3.9384003;5.426483
a;17917367124430;7.4836884;-4.4884644;5.556778
a;17917387266031;7.381073;-4.212158;5.566513
a;17917407407633;7.211548;-3.3244019;5.151245
a;17917427549234;7.200821;-3.1197052;5.517273
a;17917447690836;6.936035;-2.848526;6.206299
a;17917467832438;6.949127;-2.8492126;6.146103
a;17917487974039;6.5790253;-2.5736694;5.7776794
a;17917508115641;6.591675;-2.1197662;6.0686035
a;17917528257242;6.691635;-1.5011597;5.6540375
a;17917548398844;6.3490906;-1.3725128;6.321045
a;17917568540445;6.101715;-0.24235535;7.032028
a;17917588682047;6.0457;0.26481628;6.784317
a;17917608823649;5.9088745;0.40405273;6.1514435
a;17917628965250;5.8768463;0.9581909;6.4730988
a;17917649106852;5.7169495;1.5477905;6.8106995
a;17917669248453;5.6868744;1.7554169;6.877014
a;17917689390055;5.51355;2.0402527;6.9561462
a;17917709531656;5.7270966;2.0769958;6.865631
a;17917729673258;5.7145233;1.918747;7.1273956
a;17917749814859;5.6423798;1.8661194;7.080353
a;17917769956461;5.459854;1.9957123;7.067566
a;17917790098063;5.2469788;1.966156;7.0253296
a;17917810239664;5.0825806;1.6965485;6.934067
a;17917830381266;5.048767;1.22966;6.7934875
a;17917850522867;5.039795;1.0576782;6.8460236
a;17917870664469;5.016571;0.6266632;6.4457855
a;17917890806070;5.355057;-0.006134033;6.567032
a;17917910947672;5.258377;0.31681824;6.8655396
a;17917931089274;5.14682;0.22233582;6.38356
a;17917951230875;5.1815643;-0.43798828;5.8891754
a;17917971372477;5.5463104;-2.130478;5.0229187
a;17917991514078;5.749527;-2.2787933;3.962265
a;17918011655680;6.0384827;-3.6773376;2.4283142
a;17918031797281;6.3934937;-6.774414;1.907135
a;17918051938883;6.3980255;-6.6589355;3.054123
a;17918072080484;6.2038574;-5.681198;3.6451416
a;17918092222086;6.432068;-7.0008087;3.2007446
a;17918112363688;7.279373;-7.408325;2.8092651
a;17918132505289;7.4036255;-5.481308;3.545517
a;17918152646891;7.507416;-5.591202;4.180786
a;17918172788492;7.410187;-6.4033966;4.0242615
a;17918192930094;7.282791;-6.678253;3.7549133
a;17918213071695;7.433441;-6.31073;3.3042755
a;17918233213297;7.99794;-5.8888702;2.5993347
a;17918253354899;8.323425;-6.047989;2.452179
a;17918273496500;8.628677;-5.7751007;2.8067932
a;17918293638102;8.449005;-5.2200775;2.7615051
a;17918313779703;9.010483;-5.844116;2.4344482
a;17918333921305;9.1214905;-5.8537903;2.804184
a;17918354062906;9.113403;-5.157654;2.867813
a;17918374204508;9.206299;-5.0369415;2.5000916
a;17918394346109;9.270737;-5.30455;2.4343262
a;17918414487711;9.413864;-5.3476715;2.7785034
a;17918434629313;9.152588;-4.8861084;3.2128448
a;17918454770914;9.140533;-4.171585;3.5792542
a;17918474912516;9.056992;-5.4438934;3.3653564
a;17918495054117;9.321686;-4.791031;3.6062317
a;17918515195719;9.671127;-4.6954193;3.3562317
a;17918535337320;9.752899;-4.2448273;3.4121094
a;17918555478922;9.59021;-3.7471619;4.228668
a;17918575620524;9.965225;-3.6133423;4.3342896
a;17918595762125;9.952164;-3.9043884;3.8889465
a;17918615903727;10.124542;-4.401184;3.7200928
a;17918636045328;11.373138;-3.6673584;4.4918213
a;17918656186930;12.25621;-2.2458649;4.609421
a;17918676328531;12.717438;-2.5715942;4.514099
a;17918696470133;12.4019165;-3.35701;4.353424
a;17918716611734;13.068161;-4.045807;4.439209
a;17918736753336;13.901749;-3.4714203;4.137497
a;17918756894938;13.157501;-3.16185;3.9029388
a;17918777036539;12.053848;-3.4516144;3.3214417
a;17918797178141;11.068512;-3.5878448;2.3383331
a;17918817319742;9.648254;-3.2082214;0.82418823
a;17918837461344;7.579468;-3.1428223;-0.4747467
a;17918857602945;5.899811;-3.9676514;-1.2850037
a;17918877744547;4.4355316;-4.200531;-1.3652802
a;17918897886149;3.5535278;-4.0629425;-0.9416809
a;17918918027750;2.8439178;-4.183182;-0.44247437
a;17918938169352;2.3964996;-3.8733673;-0.013656616
a;17918958310953;2.0146637;-4.0805206;0.98509216
a;17918978452555;1.8952026;-4.2358856;2.105133
a;17918998594156;1.6351624;-4.164322;2.9040375
a;17919018735758;1.8432007;-4.3233185;2.5205536
a;17919038877359;2.5195923;-4.544647;2.105133
a;17919059018961;2.9700928;-4.5295715;1.4932251
a;17919079160563;4.5640106;-6.290756;1.253479
a;17919099302164;5.8789825;-7.5750885;2.0799866
a;17919119443766;6.841873;-7.323471;2.8036804
a;17919139585367;8.344894;-7.500763;2.0066986
a;17919159726969;11.062973;-7.6194916;0.34191895
a;17919179868570;12.700119;-9.941681;-1.4051819
a;17919200010172;12.431686;-9.612091;-1.1974792
a;17919220151774;12.194733;-8.892303;-1.4621582
a;17919240293375;12.484055;-8.377914;-1.7474518
a;17919260434977;12.371674;-6.259552;-1.2557831
a;17919280576578;11.82135;-3.63385;-0.4680786
a;17919300718180;11.280121;-3.257248;0.47140503
a;17919320859781;10.470749;-2.707779;-0.43579102
a;17919341001383;10.004059;-1.6308289;-0.66871643
a;17919361142984;9.77887;-0.6352844;-0.73043823
a;17919381284586;9.701782;-1.3425598;-0.6439667
a;17919401426188;9.58815;-1.9795837;-0.5357208
a;17919421567789;9.534973;-1.7788086;-0.4549408
a;17919441709391;9.306351;-1.1051941;-0.54574585
a;17919461850992;8.918976;-1.1337891;-0.5701752
a;17919481992594;9.024933;-1.980835;-0.20236206
a;17919502134195;8.891022;-2.4629211;-0.3829193
a;17919522275797;9.05159;-2.1394196;-0.6636963
a;17919542417399;9.414902;-1.7027588;-0.57177734
a;17919562559000;9.594223;-1.866684;-0.117263794
a;17919582700602;9.581253;-1.9157257;0.14138794
a;17919602842203;9.672501;-1.8177185;0.16085815
a;17919622983805;9.792923;-1.9368286;0.12373352
a;17919643125406;9.784897;-2.0245056;0.3319702
a;17919663267008;9.714722;-1.904068;0.39326477
a;17919683408609;9.62265;-1.8469391;0.21664429
a;17919703550211;9.5961;-2.0093536;0.052001953
a;17919723691813;9.479248;-2.1213226;0.07359314
a;17919743833414;9.426849;-2.3246613;-0.09994507
a;17919763975016;9.431625;-2.480194;-0.1865387
a;17919784116617;9.425415;-2.472046;-0.19404602
a;17919804258219;9.400986;-2.461319;-0.1807251
a;17919824399820;9.436279;-2.531662;-0.255188
a;17919844541422;9.48555;-2.5937958;-0.2987213
a;17919864683024;9.475739;-2.4345093;-0.35775757
a;17919884824625;9.497772;-2.5136719;-0.4396515
a;17919904966227;9.51207;-2.5795593;-0.4740448
a;17919925107828;9.461548;-2.521408;-0.33345032
a;17919945249430;9.458038;-2.593567;-0.32705688
a;17919965391031;9.425751;-2.575943;-0.412735
a;17919985532633;9.476837;-2.5948792;-0.50149536
a;17920005674234;9.494629;-2.5800476;-0.5029297
a;17920025815836;9.52739;-2.5353088;-0.41026306
a;17920045957438;9.507248;-2.4349213;-0.362854
a;17920066099039;9.550201;-2.4639587;-0.45239258
a;17920086240641;9.604828;-2.5187378;-0.42201233
a;17920106382242;9.565018;-2.5134277;-0.3883667
a;17920126523844;9.565933;-2.469574;-0.28450012
a;17920146665445;9.525467;-2.3657227;-0.2785797
a;17920166807047;9.503296;-2.3220062;-0.35942078
a;17920186948649;9.469208;-2.292801;-0.37698364
a;17920207090250;9.465408;-2.2944794;-0.2813263
a;17920227231852;9.509964;-2.3132935;-0.31332397
a;17920247373453;9.556747;-2.3585052;-0.3170166
a;17920267515055;9.533768;-2.346405;-0.22883606
a;17920287656656;9.485077;-2.274002;-0.21418762
a;17920307798258;9.527451;-2.335312;-0.13392639
a;17920327939859;9.560043;-2.3048706;-0.21708679
a;17920348081461;9.599991;-2.2700195;-0.3103943
a;17920368223063;9.61676;-2.4663544;-0.26397705
a;17920388364664;9.593964;-2.5161133;-0.17895508
a;17920408506266;9.527664;-2.4519806;-0.19146729
a;17920428647867;9.512695;-2.5098572;-0.22616577
a;17920448789469;9.442886;-2.4458466;-0.32391357
a;17920468931070;9.472046;-2.4590607;-0.37434387
a;17920489072672;9.489471;-2.4133148;-0.35610962
a;17920509214274;9.508011;-2.476593;-0.40176392
a;17920529355875;9.481689;-2.5648193;-0.2992859
a;17920549497477;9.486938;-2.5535889;-0.2892456
a;17920569639078;9.508072;-2.5427094;-0.30699158
a;17920589780680;9.504013;-2.488861;-0.35621643
a;17920609922281;9.51886;-2.4535522;-0.47346497
a;17920630063883;9.541351;-2.5271912;-0.43577576
a;17920650205484;9.502136;-2.528885;-0.3656311
a;17920670347086;9.533218;-2.4693909;-0.34269714
a;17920690488688;9.484833;-2.4432526;-0.29934692
a;17920710630289;9.459961;-2.4749298;-0.19950867
a;17920730771891;9.497437;-2.4524841;-0.28089905
a;17920750913492;9.510437;-2.393692;-0.29219055
a;17920771055094;9.485168;-2.4750366;-0.29255676
a;17920791196695;9.45668;-2.5059357;-0.31822205
a;17920811338297;9.528137;-2.5154266;-0.31532288
a;17920831479899;9.501984;-2.4550476;-0.26368713
a;17920851621500;9.453415;-2.378128;-0.1694336
a;17920871763102;9.415253;-2.4008026;-0.22193909
a;17920891904703;9.417038;-2.4204407;-0.28385925
a;17920912046305;9.433472;-2.4632263;-0.30307007
a;17920932187906;9.487183;-2.5518646;-0.2609558
a;17920952329508;9.500702;-2.5169983;-0.23461914
a;17920972471109;9.550705;-2.568512;-0.2118988
a;17920992612711;9.602646;-2.5995636;-0.22479248
a;17921012754313;9.489319;-2.5510406;-0.2215271
a;17921032895914;9.541107;-2.5440216;-0.2622223
a;17921053037516;9.698471;-2.7507172;-0.2803955
a;17921073179117;9.754303;-2.9659882;-0.30717468
a;17921093320719;9.820847;-3.3315887;-0.26068115
a;17921113462320;9.966248;-3.765625;-0.26290894
a;17921133603922;10.194946;-4.171646;-0.4811859
a;17921153745524;10.477478;-4.8099213;-0.6238098
a;17921173887125;10.991989;-5.678772;-0.6572876
a;17921194028727;11.431442;-6.288666;-1.2459106
a;17921214170328;12.077728;-7.4833527;-1.4909515
a;17921234301551;12.142166;-7.237076;-0.8891449
a;17921254443152;12.300125;-7.099991;-0.7888794
a;17921274584754;12.10881;-7.8058167;-1.0233765
a;17921294726355;11.715759;-8.169968;-0.8549957
a;17921314867957;11.32048;-8.429703;-0.39764404
a;17921335009559;10.843521;-9.03006;0.043319702
a;17921355151160;10.481125;-9.938171;0.025726318
a;17921375292762;9.764267;-10.924393;-0.11332703
a;17921395434363;9.001144;-11.96402;-0.17315674
a;17921415575965;8.048309;-12.11908;0.1260376
a;17921435717566;7.222931;-11.629364;0.5304718
a;17921455859168;6.1367493;-11.212738;0.4420166
a;17921476000770;5.095566;-10.839981;-0.038650513
a;17921496142371;4.462906;-9.705154;-0.40701294
a;17921516283973;3.8411713;-8.248154;-0.18240356
a;17921536425574;3.3989868;-6.8719635;0.4567871
a;17921556567176;2.754547;-5.0074005;0.7368622
a;17921576708777;1.7604065;-3.7244873;0.8275604
a;17921596850379;1.102829;-3.7376251;1.3673401
a;17921616991980;0.89494324;-3.0907745;1.7552948
a;17921637133582;0.5313568;-2.569168;2.3839111
a;17921657275184;0.36398315;-2.236496;3.1684875
a;17921677416785;-0.004333496;-1.6012878;3.7826843
a;17921697558387;-0.29463196;-1.3583984;4.5231934
a;17921717699988;0.24064636;-2.1146088;5.151596
a;17921737841590;0.22250366;-2.6130524;5.5558014
a;17921757983191;0.33892822;-2.5389252;6.3827667
a;17921778124793;0.591629;-2.3640137;7.2420044
a;17921798266395;0.26228333;-2.3881683;8.163391
a;17921818407996;0.31811523;-3.1538544;8.329834
a;17921838549598;0.27365112;-4.203171;8.60112
a;17921858691199;0.17912292;-4.688156;9.147858
a;17921878832801;-0.16615295;-4.8590393;9.312607
a;17921898974402;-0.28538513;-5.065613;9.045105
a;17921919116004;-0.2707367;-4.725464;9.167053
a;17921939257605;-0.1113739;-4.2577057;9.634598
a;17921959399207;-0.116241455;-4.298523;9.576324
a;17921979540809;-0.46420288;-3.9277802;9.343018
a;17921999682410;-0.697052;-3.935089;8.843735
a;17922019824012;-0.6412811;-4.081955;8.625
a;17922039965613;-0.77008057;-4.0401;8.382904
a;17922060107215;-0.77944946;-4.32518;8.380066
a;17922080248816;-0.5413208;-4.108856;8.54422
a;17922100390418;-0.6036072;-3.8118286;8.551376
a;17922120532020;-0.3148651;-3.6130066;8.354721
a;17922140673621;-0.062408447;-3.5405884;8.115646
a;17922160815223;0.1550293;-4.6940155;8.309113
a;17922180956824;1.0080261;-6.1215973;8.743454
a;17922201098426;1.0230713;-4.2077026;10.485992
a;17922221240027;0.78845215;-3.8433685;10.469833
a;17922241381629;0.2712555;-4.676071;9.427017
a;17922261523230;0.22525024;-4.1519623;9.16748
a;17922281664832;0.02986145;-3.8257751;8.694046
a;17922301806434;0.25793457;-4.1379547;8.604797
a;17922321948035;0.21920776;-4.0417175;9.045883
a;17922342089637;-0.24417114;-4.0165405;9.063293
a;17922362231238;-0.10470581;-4.0788727;8.528549
a;17922382372840;-0.40541077;-3.6414032;8.240189
a;17922402514441;-0.68785095;-3.1388702;8.057846
a;17922422656043;-0.6511078;-2.7710114;8.640366
a;17922442797645;-0.4893036;-2.6871643;8.697388
a;17922462939246;-0.6161957;-2.6918182;8.505157
a;17922483080848;-0.47868347;-2.3108978;8.614395
a;17922503222449;-0.30870056;-2.3025513;9.058762
a;17922523364051;-0.21302795;-3.4225311;8.822006
a;17922543505652;-0.2568817;-4.824936;8.604111
a;17922563647254;-0.08517456;-4.316925;8.8407135
a;17922583788855;-0.31427002;-3.0897064;9.042831
a;17922603930457;-0.33816528;-2.60701;9.123581
a;17922624072059;0.06263733;-3.0518951;8.647934
a;17922644213660;0.67814636;-4.317047;7.736557
a;17922664355262;1.1437683;-5.1121826;8.381332
a;17922684496863;2.116684;-5.0268555;9.323044
a;17922704638465;2.2931976;-5.0817413;9.985565
a;17922724780066;2.1664734;-5.6535797;9.723206
a;17922744921668;1.9923859;-5.5208435;9.137878
a;17922765063270;2.1295319;-5.009781;8.885941
a;17922785204871;2.2741394;-4.6152496;8.904831
a;17922805346473;1.960556;-4.3804016;8.760803
a;17922825488074;1.974762;-4.0854187;8.486771
a;17922845629676;2.3018951;-3.3350983;8.7604065
a;17922865771277;2.4198608;-3.075409;8.9605255
a;17922885912879;2.2190857;-3.5231476;8.947937
a;17922906054480;2.2718506;-3.6183624;8.869919
a;17922926196082;2.441269;-3.5651703;8.886368
a;17922946337684;2.4496613;-3.4610138;8.864426
a;17922966479285;2.441681;-3.147644;8.961868
a;17922986620887;2.4871674;-2.8842773;8.986877
a;17923006762488;2.2665863;-2.7641907;8.84935
a;17923026904090;2.095337;-2.4554596;8.973343
a;17923047045691;2.1897278;-1.8303833;9.104874
a;17923067187293;2.151123;-1.4764099;9.075851
a;17923087328895;2.1185913;-1.5744934;9.060623
a;17923107470496;2.120285;-1.701889;9.057495
a;17923127612098;2.1621094;-1.7808533;8.974442
a;17923147753699;2.1191406;-1.8977356;9.059311
a;17923167895301;2.120285;-1.5823517;9.239136
a;17923188036902;2.2748108;-1.6357574;9.242111
a;17923208178504;2.3492737;-1.8924866;9.141357
a;17923228320105;2.2038116;-2.1109467;9.175995
a;17923248461707;2.2326202;-1.8496857;9.182877
a;17923268603309;2.2427368;-1.4676514;9.274033
a;17923288744910;2.3064575;-1.2796783;9.530563
a;17923308886512;2.3740997;-1.507431;9.519714
a;17923329028113;2.2102356;-1.6416473;9.481216
a;17923349169715;2.328415;-1.3545837;9.002426
a;17923369311316;3.3279724;-0.48210144;8.838089
a;17923389452918;0.88797;-1.9484711;8.850311
a;17923409594520;0.64756775;-1.6328583;8.863983
a;17923429736121;1.3650665;-0.9551544;9.302673
a;17923449877723;1.8814545;-0.49168396;9.767883
a;17923470019324;2.7378235;0.4643402;9.965927
a;17923490160926;2.1279755;0.01687622;9.485092
a;17923510302527;1.1328735;-0.8243866;8.666672
