a;76295934534256;-1.628891;-3.9140778;8.886948
a;76295954675858;-1.6551514;-3.8025818;9.033691
a;76295974817459;-1.5859985;-3.6563416;9.172897
a;76295994959061;-1.5764008;-3.6540833;9.152313
a;76296015100663;-1.515976;-3.6043549;8.695175
a;76296035242264;-1.6755981;-3.9510193;8.684753
a;76296055383866;-0.8872986;-3.9021454;9.347473
a;76296075525467;-2.6952362;-4.571396;9.243317
a;76296095667069;-1.7746124;-3.65242;9.340698
a;76296115808670;-1.1742554;-3.0310974;9.133331
a;76296135950272;-2.1855927;-2.8629608;8.740601
a;76296156091874;-2.0330048;-2.6925201;8.504257
a;76296176233475;-2.008789;-2.38208;7.975662
a;76296196375077;-2.0430908;-1.9595337;7.402313
a;76296216516678;-2.1309357;-1.4859009;6.9684753
a;76296236658280;-2.3109894;-1.1932831;6.265808
a;76296256799881;-2.2147064;-0.92497253;5.682892
a;76296276941483;-2.1547241;-0.88049316;5.1167145
a;76296297083084;-2.2340393;-1.2414703;4.853119
a;76296317224686;-2.6627808;-1.9230194;4.4179688
a;76296337366288;-3.0076447;-2.3923798;4.2818756
a;76296357507889;-3.672699;-3.4304352;4.4135284
a;76296377649491;-4.474594;-4.4343567;4.105118
a;76296397791092;-4.9958344;-5.328247;3.5544891
a;76296417932694;-5.2776337;-6.137268;3.0483704
a;76296438074295;-5.8092346;-6.5110626;2.5405273
a;76296458215897;-6.6757355;-7.185211;2.5923462
a;76296478357499;-7.6604614;-8.202377;2.6760712
a;76296498499100;-8.675186;-9.388412;2.203659
a;76296518640702;-9.502884;-9.932678;1.5621033
a;76296538782303;-9.662582;-9.097885;0.70648193
a;76296558923905;-9.6716;-8.649185;0.8951874
a;76296579065506;-10.689804;-9.109253;1.0018616
a;76296599207108;-11.181793;-8.650558;0.52700806
a;76296619348709;-10.524124;-7.7907867;0.49423218
a;76296639490311;-10.60434;-6.8417053;0.19445801
a;76296659631913;-11.00499;-6.6136627;-0.3065796
a;76296679773514;-11.373932;-6.555588;-0.52693176
a;76296699915116;-11.589874;-6.6848297;-0.74243164
a;76296720056717;-11.841827;-7.058441;-0.9276123
a;76296740198319;-11.921631;-7.384308;-1.264328
a;76296760339920;-11.771301;-7.166382;-1.6268616
a;76296780481522;-11.199341;-6.1348877;-1.8871613
a;76296800623124;-10.627533;-5.353195;-1.6965637
a;76296820764725;-10.031555;-4.1755066;-0.91944885
a;76296840906327;-9.884811;-3.3329926;-0.29951477
a;76296861047928;-9.8198395;-2.5291138;0.12786865
a;76296881189530;-9.676605;-2.1551514;0.11697388
a;76296901331131;-9.32872;-2.3267212;0.19421387
a;76296921472733;-9.014343;-3.2393036;0.009384155
a;76296941614334;-9.067627;-3.731018;-0.3854065
a;76296961755936;-9.188889;-4.0200653;-0.7500763
a;76296981897538;-9.174316;-4.0789185;-0.82806396
a;76297002039139;-9.203415;-3.673706;-0.64372253
a;76297022180741;-9.336945;-3.1883698;-0.43901062
a;76297042322342;-9.380951;-2.8500824;-0.35827637
a;76297062463944;-9.341888;-2.821518;-0.3572693
a;76297082605545;-9.471664;-2.7122192;-0.25003052
a;76297102747147;-9.648743;-2.5459137;-0.13847351
a;76297122888749;-9.683685;-2.5910187;-0.15742493
a;76297143030350;-9.595551;-2.596466;-0.31463623
a;76297163171952;-9.498489;-2.4322205;-0.3056183
a;76297183313553;-9.493134;-2.3942719;-0.30693054
a;76297203455155;-9.535141;-2.4025574;-0.2767334
a;76297223596756;-9.466736;-2.4458313;-0.25012207
a;76297243738358;-9.492767;-2.4822083;-0.29008484
a;76297263879959;-9.490814;-2.4638977;-0.3864746
a;76297284021561;-9.372101;-2.5039978;-0.3776245
a;76297304163163;-9.341705;-2.55188;-0.36192322
a;76297324304764;-9.423965;-2.5804138;-0.3920288
a;76297344446366;-9.468338;-2.4884033;-0.4214325
a;76297364587967;-9.471008;-2.5219421;-0.40281677
a;76297384729569;-9.450073;-2.5655212;-0.4072876
a;76297404871170;-9.408615;-2.5844574;-0.437912
a;76297425012772;-9.468918;-2.6809235;-0.4174652
a;76297445154374;-9.491989;-2.773529;-0.45947266
a;76297465295975;-9.55719;-2.7886353;-0.49855042
a;76297485437577;-9.593369;-2.8194733;-0.42323303
a;76297505579178;-9.520081;-2.7884674;-0.39508057
a;76297525720780;-9.382721;-2.7883453;-0.30870056
a;76297545862381;-9.400528;-2.8372345;-0.24275208
a;76297566003983;-9.437958;-2.8720856;-0.308136
a;76297586145584;-9.408493;-2.8341522;-0.36242676
a;76297606287186;-9.4001465;-2.8585052;-0.3040619
a;76297626428788;-9.459045;-2.9131317;-0.2806244
a;76297646570389;-9.489075;-2.9210052;-0.2609558
a;76297666711991;-9.484207;-2.8716278;-0.27272034
a;76297686853592;-9.461929;-2.848938;-0.30114746
a;76297706995194;-9.438263;-2.9030304;-0.29847717
a;76297727136795;-9.472565;-2.9260254;-0.2713623
a;76297747278397;-9.479004;-2.8635864;-0.26683044
a;76297767419999;-9.473831;-2.7874146;-0.30799866
a;76297787561600;-9.41011;-2.787201;-0.23606873
a;76297807703202;-9.366318;-2.792511;-0.248703
a;76297827844803;-9.352249;-2.808258;-0.29518127
a;76297847986405;-9.468384;-2.7584686;-0.36112976
a;76297868128006;-9.474304;-2.7687988;-0.40907288
a;76297888269608;-9.388382;-2.8213806;-0.3795929
a;76297908411209;-9.379761;-2.854416;-0.36869812
a;76297928552811;-9.411697;-2.835678;-0.32832336
a;76297948694413;-9.372055;-2.834549;-0.31285095
a;76297968836014;-9.37204;-2.8157196;-0.35932922
a;76297988977616;-9.458527;-2.7530518;-0.42219543
a;76298009119217;-9.481415;-2.7909393;-0.39112854
a;76298029260819;-9.437149;-2.7644348;-0.36572266
a;76298049402420;-9.434204;-2.7363892;-0.41333008
a;76298069544022;-9.485458;-2.7510529;-0.44206238
a;76298089685624;-9.493973;-2.818573;-0.41789246
a;76298109827225;-9.504242;-2.8420258;-0.44943237
a;76298129968827;-9.504303;-2.7926788;-0.46905518
a;76298150110428;-9.450119;-2.718811;-0.42692566
a;76298170252030;-9.438004;-2.682907;-0.34825134
a;76298190393631;-9.449509;-2.660492;-0.36332703
a;76298210535233;-9.465866;-2.6736908;-0.41514587
a;76298230676834;-9.474426;-2.6484985;-0.43084717
a;76298250818436;-9.446274;-2.7012634;-0.46084595
a;76298270960038;-9.425659;-2.7195282;-0.51672363
a;76298291101639;-9.407303;-2.759201;-0.48336792
a;76298311243241;-9.429443;-2.767212;-0.42599487
a;76298331384842;-9.446945;-2.8258514;-0.40330505
a;76298351526444;-9.499939;-2.8765411;-0.3602295
a;76298371668045;-9.533432;-2.8549805;-0.34555054
a;76298391809647;-9.479843;-2.9071655;-0.23045349
a;76298411951249;-9.466843;-2.9632263;-0.32421875
a;76298432092850;-9.51355;-2.8854065;-0.29725647
a;76298452234452;-9.5186;-2.8506927;-0.29023743
a;76298472376053;-9.456177;-2.8023376;-0.35403442
a;76298492517655;-9.46727;-2.8059998;-0.3439026
a;76298512659256;-9.442169;-2.881485;-0.33909607
a;76298532800858;-9.343414;-2.8052979;-0.31030273
a;76298552942459;-9.409958;-2.7496948;-0.3347931
a;76298573084061;-9.463593;-2.7447968;-0.40777588
a;76298593225663;-9.464554;-2.7523346;-0.38661194
a;76298613367264;-9.444122;-2.7053833;-0.4047699
a;76298633508866;-9.401215;-2.6783905;-0.3961029
a;76298653650467;-9.44017;-2.7760468;-0.4559784
a;76298673792069;-9.481918;-2.7895813;-0.4861908
a;76298693933670;-9.550461;-2.7426147;-0.5083771
a;76298714075272;-9.472321;-2.7166748;-0.46191406
a;76298734216874;-9.406677;-2.6934357;-0.42111206
a;76298754358475;-9.403702;-2.6755676;-0.38656616
a;76298774500077;-9.394653;-2.6803894;-0.36073303
a;76298794641678;-9.430206;-2.7662506;-0.3901825
a;76298814783280;-9.487579;-2.7995453;-0.39143372
a;76298834924881;-9.523941;-2.7602844;-0.3484192
a;76298855066483;-9.526459;-2.7546692;-0.37998962
a;76298875208084;-9.442825;-2.7237396;-0.3796234
a;76298895349686;-9.454224;-2.7746124;-0.35375977
a;76298915491288;-9.4670105;-2.7850952;-0.39089966
a;76298935632889;-9.474213;-2.7367706;-0.36831665
a;76298955774491;-9.448685;-2.6899567;-0.4367981
a;76298975916092;-9.415283;-2.6411438;-0.4368286
a;76298996057694;-9.394699;-2.669159;-0.44805908
a;76299016199295;-9.451508;-2.7106628;-0.44413757
a;76299036340897;-9.427277;-2.6877594;-0.3784485
a;76299056482499;-9.500793;-2.6410675;-0.47198486
a;76299076624100;-9.522064;-2.685379;-0.48335266
a;76299096765702;-9.493332;-2.7080688;-0.4839325
a;76299116907303;-9.410721;-2.6370087;-0.39753723
a;76299137048905;-9.377548;-2.5763092;-0.38632202
a;76299157190506;-9.481094;-2.5814667;-0.40066528
a;76299177332108;-9.53154;-2.6318054;-0.4664917
a;76299197473709;-9.495453;-2.6509552;-0.47599792
a;76299217615311;-9.46138;-2.586441;-0.42707825
a;76299237756913;-9.442398;-2.5867767;-0.40940857
a;76299257898514;-9.513138;-2.716568;-0.49263
a;76299278040116;-9.5394745;-2.7603912;-0.52175903
a;76299298181717;-9.588104;-2.7234344;-0.41133118
a;76299318323319;-9.484283;-2.692978;-0.39164734
a;76299338464920;-9.42482;-2.6985931;-0.38693237
a;76299358606522;-9.41954;-2.719696;-0.3144989
a;76299378748124;-9.443298;-2.7354126;-0.36665344
a;76299398889725;-9.527405;-2.7566986;-0.38894653
a;76299419031327;-9.607025;-2.7072601;-0.38891602
a;76299439172928;-9.640076;-2.6572113;-0.3474121
a;76299459314530;-9.663147;-2.6453705;-0.3631134
a;76299479456131;-9.646622;-2.6529999;-0.38093567
a;76299499597733;-9.759064;-2.6001434;-0.40766907
a;76299519739334;-9.879227;-2.5791779;-0.45555115
a;76299539880936;-9.970093;-2.6748505;-0.47766113
a;76299560022538;-10.026016;-2.9943237;-0.5237274
a;76299580164139;-10.153229;-3.3963013;-0.6425171
a;76299600305741;-10.318817;-3.5993347;-0.690567
a;76299620447342;-10.383667;-3.9037476;-0.5145111
a;76299640588944;-10.583237;-4.6299133;-0.5336304
a;76299660730545;-10.7969055;-5.3146973;-0.77130127
a;76299680872147;-10.783157;-5.2934875;-0.8033142
a;76299701013749;-10.450729;-5.157547;-0.46409607
a;76299721155350;-10.117279;-4.5151978;0.33111572
a;76299741296952;-9.816818;-4.5200806;0.49754333
a;76299761438553;-9.799576;-5.4065247;0.33113098
a;76299781580155;-10.147598;-6.256485;0.29045105
a;76299801721756;-10.244965;-6.662781;-0.07762146
a;76299821863358;-9.742752;-6.375229;-0.1617279
a;76299841998595;-9.363922;-6.470215;0.14981079
a;76299862140197;-9.155502;-6.834671;0.7187958
a;76299882281799;-8.811325;-6.9117584;1.1364899
a;76299902423400;-8.2756195;-6.8578186;1.2553406
a;76299922565002;-7.719864;-6.95874;1.1088257
a;76299942706603;-7.284027;-6.9674683;1.1530304
a;76299962848205;-6.8865814;-7.094818;1.5788727
a;76299982989806;-6.7014313;-7.3524323;1.9992065
a;76300003131408;-6.546173;-7.4424286;1.8611145
a;76300023273010;-6.203903;-7.0499115;1.6052399
a;76300043414611;-5.8818665;-7.221573;1.7187958
a;76300063556213;-5.8101654;-7.768112;1.91745
a;76300083697814;-5.6226044;-7.626465;2.0056915
a;76300103839416;-5.425522;-7.5901337;2.0584412
a;76300123981017;-5.266083;-7.7282715;1.9849243
a;76300144122619;-5.102417;-7.713501;1.9334259
a;76300164264220;-4.920624;-7.6484833;2.0055542
a;76300184405822;-4.463028;-7.204666;2.0853424
a;76300204547424;-4.2082214;-7.092346;2.1819458
a;76300224689025;-4.2535553;-7.0701904;2.4042816
a;76300244830627;-4.2682037;-6.878372;2.1913757
a;76300264972228;-4.1253815;-7.417679;1.6817322
a;76300285113830;-4.298462;-7.5594788;1.3275452
a;76300305255431;-4.47493;-7.446823;1.5543823
a;76300325397033;-4.4252167;-7.4989166;2.0288239
a;76300345538635;-4.6880493;-7.788864;2.1117249
a;76300365680236;-4.7232513;-8.170349;2.067688
a;76300385821838;-4.709549;-7.8834534;2.4337158
a;76300405963439;-4.6831207;-7.940628;2.2734833
a;76300426105041;-4.6744995;-8.210266;2.4671783
a;76300446246642;-4.806656;-7.947098;2.6551056
a;76300466388244;-4.6480255;-8.279953;2.0365753
a;76300486529845;-4.837311;-9.102173;1.5792542
a;76300506671447;-4.789322;-9.371109;1.7131348
a;76300526813049;-4.781128;-9.256439;1.573288
a;76300546954650;-4.839676;-9.328629;0.99409485
a;76300567096252;-4.808487;-10.088638;1.1472473
a;76300587237853;-4.6047363;-9.265259;1.4289246
a;76300607379455;-4.5556946;-9.903656;1.5277863
a;76300627521056;-3.9976501;-8.03009;2.7851257
a;76300647662658;-3.638565;-7.3324738;3.3950195
a;76300667804260;-3.8025208;-7.2256775;3.120102
a;76300687945861;-3.8622437;-8.514313;2.504303
a;76300708087463;-3.7931824;-8.379288;3.052887
a;76300728229064;-3.8494415;-8.166382;3.087738
a;76300748370666;-4.156723;-7.6162415;3.4735565
a;76300768512267;-4.4119415;-8.279358;4.257019
a;76300788653869;-4.5289;-8.86824;4.5281982
a;76300808795470;-4.4970093;-9.3810425;3.805252
a;76300828937072;-3.8059845;-8.550705;3.509781
a;76300849078674;-3.600006;-11.899017;0.77490234
a;76300869220275;-2.7892456;-10.59581;1.9878998
a;76300889361877;-2.5243988;-8.024796;3.8329468
a;76300909503478;-3.2186127;-7.618225;2.6329346
a;76300929645080;-3.7647095;-9.930862;0.105789185
a;76300949786681;-3.221695;-9.952911;-1.0435944
a;76300969928283;-2.5988464;-8.942047;-0.34791565
a;76300990069885;-2.6522675;-7.6661987;0.58117676
a;76301010211486;-2.8606262;-7.1514435;0.5906677
a;76301030353088;-3.393341;-8.016281;-1.5237122
a;76301050494689;-3.1351624;-9.717392;-3.6723633
a;76301070636291;-2.8014526;-9.193527;-4.2378845
a;76301090777892;-2.7487793;-8.578659;-4.8934174
a;76301110919494;-2.7345123;-9.300537;-5.258194
a;76301131061095;-2.859375;-9.983856;-4.753937
a;76301151202697;-3.0099487;-9.828354;-4.986267
a;76301171344299;-3.0792236;-9.809174;-5.5345
a;76301191485900;-3.0676422;-9.136246;-6.182251
a;76301211627502;-3.0271149;-9.209518;-6.428665
a;76301231769103;-2.8015594;-9.005325;-5.6692963
a;76301251910705;-2.7767334;-7.5653076;-5.3828735
a;76301272052306;-2.8631592;-7.0299683;-5.8394775
a;76301292193908;-2.5351715;-7.5349274;-6.4584656
a;76301312335510;-2.1047668;-7.821823;-7.4743805
a;76301332477111;-2.2099762;-7.805023;-7.5061035
a;76301352618713;-2.5804749;-7.0578766;-7.3249664
a;76301372760314;-2.5832977;-6.9348755;-7.1799316
a;76301392901916;-2.444519;-6.99205;-7.341858
a;76301413043517;-2.3163757;-7.252594;-7.8459625
a;76301433185119;-2.357788;-7.4056854;-7.860672
a;76301453326720;-2.3894653;-7.031952;-7.52153
a;76301473468322;-2.310028;-6.917877;-7.4441986
a;76301493609924;-2.263214;-6.846176;-7.44751
a;76301513751525;-2.3441772;-6.459259;-7.7409515
a;76301533893127;-2.313858;-6.536682;-7.498947
a;76301554034728;-2.293518;-6.514679;-7.4316406
a;76301574176330;-2.3048706;-6.385315;-7.427307
a;76301594317931;-2.2745667;-6.3295135;-7.5314484
a;76301614459533;-2.2907715;-6.2959595;-7.518997
a;76301634601135;-2.2903137;-6.3995514;-7.577347
a;76301654742736;-2.2170715;-6.4534607;-7.499878
a;76301674884338;-2.3460846;-6.2811127;-7.405884
a;76301695025939;-2.3445282;-6.339691;-7.333664
a;76301715167541;-2.2352448;-6.3592377;-7.314377
a;76301735309142;-2.1931458;-6.376068;-7.3618927
a;76301755450744;-2.2388;-6.3821564;-7.3927155
a;76301775592345;-2.376892;-6.4264374;-7.3109894
a;76301795733947;-2.441925;-6.3629303;-7.327713
a;76301815875549;-2.2851868;-6.494095;-7.4226074
a;76301836017150;-2.2348022;-6.565033;-7.289505
a;76301856158752;-2.3769684;-6.5993195;-7.169983
a;76301876300353;-2.4019928;-6.661072;-7.247757
a;76301896441955;-2.4250946;-6.720047;-7.2849274
a;76301916583556;-2.479187;-6.597931;-7.284012
a;76301936725158;-2.4056244;-6.538681;-7.218231
a;76301956866760;-2.3280487;-6.765167;-7.3581696
a;76301977008361;-2.4756622;-7.2956085;-7.6557465
a;76301997149963;-2.4674225;-7.1037292;-7.318207
a;76302017291564;-2.5371246;-6.3896484;-6.926712
a;76302037433166;-2.5399628;-6.712616;-6.9449463
a;76302057574767;-2.4057312;-7.3988647;-7.17247
a;76302077716369;-2.397232;-7.3283997;-7.103546
a;76302097857970;-2.652588;-7.05571;-6.871689
a;76302117999572;-2.5884705;-6.6451263;-6.4915314
a;76302138141174;-2.651535;-6.8802795;-6.6685333
a;76302158282775;-2.9784393;-8.296249;-7.394577
a;76302178424377;-3.0351563;-9.130951;-8.250381
a;76302198565978;-2.6846924;-8.297958;-7.84433
a;76302218707580;-2.6926727;-6.5702972;-6.7470245
a;76302238849181;-3.2803497;-8.146118;-7.0113525
a;76302258990783;-3.107605;-9.83551;-7.7198944
a;76302279132385;-2.6235962;-8.57457;-7.1927032
a;76302299273986;-2.4428253;-7.006775;-6.0519867
a;76302319415588;-2.8412323;-7.0955505;-5.554428
a;76302339557189;-3.2577057;-8.490616;-5.9330444
a;76302359698791;-3.4655151;-10.373566;-6.975281
a;76302379840392;-3.2722778;-11.212906;-6.710449
a;76302399981994;-3.055542;-8.192642;-4.885132
a;76302420123595;-2.723465;-7.971649;-2.4235687
a;76302440265197;-2.9702911;-9.313248;-1.0218201
a;76302460406799;-2.8665314;-9.1017;-0.8717499
a;76302480548400;-3.156067;-9.603714;-1.0730286
a;76302500690002;-2.6437073;-7.9226227;0.07437134
a;76302520831603;-2.3287506;-5.846756;3.0673065
a;76302540973205;-2.5197296;-4.828293;5.625641
a;76302561114806;-3.4079742;-6.425476;5.1800537
a;76302581256408;-3.4450989;-6.6094055;5.1869354
a;76302601398010;-3.3878174;-6.718231;6.0308075
a;76302621539611;-3.049881;-6.6590576;7.176132
a;76302641681213;-2.9215698;-6.010498;7.7447205
a;76302661822814;-3.4122772;-6.463791;6.9548492
a;76302681964416;-3.5881958;-7.4087524;6.688736
a;76302702106017;-3.4445038;-6.814316;7.109558
a;76302722247619;-3.6710663;-7.3502502;6.4087067
a;76302742389220;-3.7029572;-7.4510193;5.953827
a;76302762530822;-3.594757;-6.9749146;5.979233
a;76302782672424;-3.8886566;-7.1114655;5.936615
a;76302802814025;-4.2227173;-7.8542633;5.624344
a;76302822955627;-4.34877;-8.266464;5.2259674
a;76302843097228;-4.0867157;-7.978836;5.101166
a;76302863238830;-3.6604156;-7.2792053;5.039032
a;76302883380431;-3.6258545;-7.841797;4.8738403
a;76302903522033;-3.6181793;-8.104538;4.94783
a;76302923663635;-3.3122864;-8.344147;4.81723
a;76302943805236;-3.266693;-8.336212;4.9462433
a;76302963946838;-3.41008;-8.257355;5.1780396
a;76302984088439;-3.6399689;-8.417297;5.281906
a;76303004230041;-3.6835938;-7.992462;5.5767365
a;76303024371642;-3.8279572;-7.825638;5.732773
a;76303044513244;-4.088394;-7.5868683;5.6282654
a;76303064654845;-4.3556976;-7.893875;5.472229
a;76303084796447;-4.6015472;-7.769165;5.4672546
a;76303104938049;-4.797226;-7.3013916;5.4367676
a;76303125079650;-4.9686584;-6.774185;4.8858337
a;76303145221252;-4.7849274;-6.390518;4.5842743
a;76303165362853;-4.642975;-6.5511017;4.3561707
a;76303185504455;-4.87204;-6.735611;4.3671417
a;76303205646056;-4.9117584;-6.1660767;4.2187653
a;76303225787658;-4.8319397;-5.6186676;3.8406677
a;76303245929260;-4.717102;-5.748352;3.2138672
a;76303266070861;-4.938919;-6.1010895;2.5958252
a;76303286212463;-5.034073;-6.4768524;2.4164429
a;76303306354064;-4.647278;-6.5381165;2.7942505
a;76303326495666;-4.1426086;-6.390335;3.2152863
a;76303346637267;-4.280548;-6.4339294;3.0522156
a;76303366778869;-4.535843;-6.505615;2.6657867
a;76303386920470;-4.8224487;-7.1877594;2.6207733
a;76303407062072;-4.518799;-7.5561523;2.6623535
a;76303427203674;-4.469757;-7.564926;2.9055939
a;76303447345275;-5.032715;-7.4799805;3.0889282
a;76303467486877;-5.6147156;-7.50206;2.5067902
a;76303487628478;-5.9757843;-7.978134;2.2536774
a;76303507770080;-6.5683746;-8.595154;2.569519
a;76303527911681;-6.980545;-8.2916565;2.732895
a;76303548053283;-7.3580017;-7.895996;2.6230164
a;76303568194885;-7.643631;-7.663315;2.1265564
a;76303588336486;-7.9982605;-7.7475586;1.7120361
a;76303608478088;-8.600983;-7.9862823;1.4111633
a;76303628619689;-8.803162;-7.8806458;1.5170593
a;76303648761291;-8.969208;-7.356659;1.5279694
a;76303668902892;-9.052933;-6.730377;1.5015411
a;76303689044494;-9.113663;-6.104889;1.3387756
a;76303709186095;-9.111008;-5.771332;1.5169678
a;76303729327697;-9.239883;-5.4662323;1.5744171
a;76303749469299;-9.439499;-5.0121613;1.3208618
a;76303769610900;-9.513336;-4.673935;0.8875885
a;76303789752502;-9.56546;-4.545395;0.657547
a;76303809894103;-9.782059;-4.3795166;0.58914185
a;76303830035705;-10.148224;-4.3071747;0.41275024
a;76303850177306;-10.547974;-4.337387;0.27720642
a;76303870318908;-10.987946;-4.486511;0.07409668
a;76303890460510;-11.188232;-4.4519806;-0.14996338
a;76303910602111;-11.12413;-4.2674713;-0.34762573
a;76303930743713;-10.7508545;-4.1644897;-0.27438354
a;76303950885314;-10.517883;-4.0621796;-0.10437012
a;76303971026916;-10.439056;-3.7106018;0.11206055
a;76303991168517;-10.323944;-3.4496765;0.17353821
a;76304011310119;-10.161316;-3.268692;0.20669556
a;76304031451720;-10.0295105;-3.216217;0.41687012
a;76304051593322;-9.918381;-3.0212402;0.42663574
a;76304071734924;-9.84259;-2.6970825;0.45593262
a;76304091876525;-9.58429;-2.2971954;0.44621277
a;76304112018127;-9.445511;-2.2079163;0.5259552
a;76304132159728;-9.298843;-2.1741638;0.58747864
a;76304152301330;-9.148376;-2.058548;0.53364563
a;76304172442931;-9.260925;-2.0514374;0.29013062
a;76304192584533;-9.433395;-2.1296997;0.17060852
a;76304212726135;-9.523163;-1.9880676;0.16741943
a;76304232867736;-9.619263;-1.8871002;0.19786072
a;76304253009338;-9.758331;-1.6314697;0.017547607
a;76304273150939;-9.739914;-1.4177094;-0.15327454
a;76304293292541;-9.748505;-1.4091492;-0.3362732
a;76304313434142;-9.831802;-1.47229;-0.40594482
a;76304333575744;-9.824417;-1.4042511;-0.49165344
a;76304353717345;-9.814926;-1.3127899;-0.6081238
a;76304373858947;-9.861084;-1.3306885;-0.6285095
a;76304394000549;-9.769241;-1.4343872;-0.5701752
a;76304414142150;-9.660034;-1.3079987;-0.568985
a;76304434283752;-9.734756;-1.1826324;-0.6129608
a;76304454425353;-9.755569;-1.2543793;-0.7347107
a;76304474566955;-9.82489;-1.3737183;-0.7672577
a;76304494708556;-9.761032;-1.302536;-0.6631012
a;76304514850158;-9.520309;-1.0927734;-0.5783844
a;76304534991760;-9.50235;-0.9649353;-0.49627686
a;76304555133361;-9.628616;-0.9624176;-0.41986084
a;76304575274963;-9.650604;-1.3110962;-0.1864624
a;76304595416564;-9.462692;-1.3916779;-0.14247131
a;76304615558166;-9.178955;-1.1113281;-0.18981934
a;76304635699767;-9.172409;-1.0651703;-0.19041443
a;76304655841369;-9.49263;-1.2210388;-0.1589508
a;76304675982970;-9.49678;-1.2873077;-0.04940796
a;76304696124572;-9.435944;-1.3194122;-0.14100647
a;76304716266174;-9.55278;-1.3066254;-0.21156311
a;76304736407775;-9.702606;-1.2900085;-0.2224884
a;76304756549377;-9.668716;-1.2727051;-0.1907196
a;76304776690978;-9.614624;-1.3125763;-0.13687134
a;76304796832580;-9.65361;-1.3496399;-0.26104736
a;76304816974181;-9.6651;-1.2446442;-0.38720703
a;76304837115783;-9.622879;-1.0761871;-0.3045349
a;76304857257385;-9.6058655;-1.0601349;-0.2686615
a;76304877398986;-9.546951;-1.2034912;-0.29667664
a;76304897540588;-9.509628;-1.2352753;-0.31056213
a;76304917682189;-9.574844;-1.064209;-0.34240723
a;76304937823791;-9.679352;-1.0562134;-0.3154297
a;76304957965392;-9.764206;-1.2440338;-0.24801636
a;76304978106994;-9.812912;-1.2718201;-0.21943665
a;76304998248595;-9.774887;-1.2246399;-0.29457092
a;76305018390197;-9.650238;-1.1847992;-0.24769592
a;76305038531799;-9.587921;-1.1144257;-0.25131226
a;76305058673400;-9.640579;-1.1179657;-0.26237488
a;76305078815002;-9.620117;-1.0836182;-0.23931885
a;76305098956603;-9.47374;-1.1348572;-0.20509338
a;76305119098205;-9.451447;-1.0817108;-0.198349
a;76305139239806;-9.523788;-1.0511627;-0.25028992
a;76305159381408;-9.580902;-1.3740082;-0.3327179
a;76305179523010;-9.603638;-1.3656921;-0.4103546
a;76305199664611;-9.59787;-1.3391571;-0.45680237
a;76305219806213;-9.540802;-1.2406769;-0.42105103
a;76305239947814;-9.554596;-1.3619232;-0.4644165
a;76305260089416;-9.642822;-1.3619537;-0.4414673
a;76305280231017;-9.657272;-1.431427;-0.40333557
a;76305300372619;-9.687714;-1.7518158;-0.6106415
a;76305320514220;-9.6826935;-1.8690186;-0.6916199
a;76305340655822;-9.670059;-1.9264221;-0.74243164
a;76305360797424;-9.712799;-1.9546509;-0.76478577
a;76305380939025;-9.641342;-1.9251862;-0.7179413
a;76305401080627;-9.679169;-1.8744202;-0.7823334
a;76305421222228;-9.915527;-1.9568787;-0.7765198
a;76305441363830;-9.956558;-2.031189;-0.87057495
a;76305461505431;-9.896194;-2.0485382;-0.90478516
a;76305481647033;-9.911453;-2.199768;-0.887619
a;76305501788635;-9.903;-2.2407684;-0.9085846
a;76305521930236;-9.984711;-2.0879974;-0.91926575
a;76305542071838;-9.939102;-1.891098;-0.86235046
a;76305562213439;-9.906921;-1.9649658;-0.70536804
a;76305582355041;-9.83374;-2.0685272;-0.56140137
a;76305602496642;-9.71608;-2.149109;-0.5439606
a;76305622638244;-9.623245;-2.234848;-0.46606445
a;76305642779845;-9.60405;-2.311386;-0.36219788
a;76305662921447;-9.616318;-2.3713684;-0.3632202
a;76305683063049;-9.560226;-2.4744263;-0.31811523
a;76305703204650;-9.535736;-2.6262512;-0.33485413
a;76305723346252;-9.605728;-2.6978302;-0.26992798
a;76305743487853;-9.684769;-2.6081085;-0.27919006
a;76305763629455;-9.593826;-2.6091614;-0.19335938
a;76305783771056;-9.4635315;-2.6282349;-0.10482788
a;76305803912658;-9.4275055;-2.6912994;-0.020019531
a;76305824054260;-9.340225;-2.6805573;0.047531128
a;76305844195861;-9.309082;-2.63591;0.08061218
a;76305864337463;-9.303299;-2.6857147;0.02999878
a;76305884479064;-9.275314;-2.7442932;-0.02368164
a;76305904620666;-9.2308655;-2.8087769;-0.13589478
a;76305924762267;-9.162735;-2.8310242;-0.24101257
a;76305944903869;-9.259628;-2.8419037;-0.21412659
a;76305965045470;-9.49469;-2.871521;-0.32774353
a;76305985187072;-9.357864;-2.960617;-0.404068
a;76306005328674;-9.3276825;-3.0190277;-0.38613892
a;76306025470275;-9.317657;-3.1490936;-0.30160522
a;76306045611877;-9.339874;-3.1611938;-0.24653625
a;76306065753478;-9.391541;-3.0825195;-0.22335815
a;76306085895080;-9.368927;-3.1448212;-0.118118286
a;76306106036681;-9.36174;-3.3245544;-0.19416809
a;76306126178283;-9.377594;-3.3719025;-0.16046143
a;76306146319885;-9.394211;-3.315567;-0.064071655
a;76306166461486;-9.289703;-3.2766266;0.015686035
a;76306186603088;-9.274063;-3.338028;0.014678955
a;76306206744689;-9.328659;-3.3444061;0.0062561035
a;76306226886291;-9.351059;-3.3009644;0.024642944
a;76306247027892;-9.388138;-3.2894592;-8.239746E-4
a;76306267169494;-9.353653;-3.2388763;-0.064819336
a;76306287311095;-9.340424;-3.2429504;-0.07728577
a;76306307452697;-9.373993;-3.2369537;-0.13269043
a;76306327594299;-9.326324;-3.201355;-0.16522217
a;76306347735900;-9.305618;-3.1861725;-0.1812439
a;76306367877502;-9.29541;-3.248352;-0.17462158
a;76306388019103;-9.288193;-3.2043762;-0.08944702
a;76306408160705;-9.299545;-3.1305847;-0.067230225
a;76306428302306;-9.315704;-3.1810303;-0.10267639
a;76306448443908;-9.310867;-3.2342987;-0.101242065
a;76306468585510;-9.284592;-3.278656;-0.11593628
a;76306488727111;-9.3411255;-3.2714386;-0.08320618
a;76306508868713;-9.359192;-3.1974945;-0.07307434
a;76306529010314;-9.382965;-3.2069397;-0.12997437
a;76306549151916;-9.366592;-3.2020264;-0.09022522
a;76306569293517;-9.389755;-3.2080078;-0.019256592
a;76306589435119;-9.403397;-3.1817322;-0.06904602
a;76306609576720;-9.351456;-3.1377563;-0.084472656
a;76306629718322;-9.341293;-3.1290588;-0.06828308
a;76306649859924;-9.391602;-3.1652985;-0.08648682
a;76306670001525;-9.397064;-3.1141205;-0.046188354
a;76306690143127;-9.421661;-3.0628204;-0.03437805
a;76306710284728;-9.42804;-3.0822601;-0.18986511
a;76306730426330;-9.428619;-3.150528;-0.17622375
a;76306750567931;-9.414001;-3.2187653;-0.08572388
a;76306770709533;-9.3867035;-3.1155548;-0.04144287
a;76306790851135;-9.420288;-3.0505219;-0.095718384
a;76306810992736;-9.39209;-3.0509949;-0.055419922
a;76306831134338;-9.39415;-3.0575714;-0.042007446
a;76306851275939;-9.390381;-3.076706;-0.06855774
a;76306871417541;-9.405304;-3.1001892;-0.09838867
a;76306891559142;-9.457245;-3.1397858;-0.1774292
a;76306911700744;-9.451889;-3.1592865;-0.22157288
a;76306931842345;-9.418076;-3.151535;-0.25170898
a;76306951983947;-9.405182;-3.1259308;-0.17858887
a;76306972125549;-9.383469;-3.0657196;-0.13421631
a;76306992267150;-9.39122;-3.0272217;-0.14402771
a;76307012408752;-9.3918915;-3.0478363;-0.16772461
a;76307032550353;-9.378952;-3.0368652;-0.16104126
a;76307052691955;-9.407593;-3.0405273;-0.1429596
a;76307072833556;-9.470383;-3.0802307;-0.15991211
a;76307092975158;-9.428711;-3.0411987;-0.14324951
a;76307113116760;-9.431641;-3.0418549;-0.10295105
a;76307133258361;-9.483704;-3.0762177;-0.09301758
a;76307153399963;-9.4618225;-3.0616913;-0.11860657
a;76307173541564;-9.3767395;-3.0793304;-0.12484741
a;76307193683166;-9.365799;-3.053955;-0.12843323
a;76307213824767;-9.350235;-3.0067444;-0.061080933
a;76307233966369;-9.318054;-2.910797;-0.053619385
a;76307254107970;-9.297394;-2.822464;-0.08418274
a;76307274249572;-9.405441;-2.9243774;-0.09561157
a;76307294391174;-9.473541;-2.9328766;-0.16517639
a;76307314532775;-9.486572;-2.9799347;-0.23706055
a;76307334674377;-9.491135;-3.0672302;-0.21723938
a;76307354815978;-9.476654;-3.009369;-0.1794281
a;76307374957580;-9.496002;-2.907898;-0.17276001
a;76307395099181;-9.457733;-2.9335938;-0.18727112
a;76307415240783;-9.430206;-2.9142609;-0.15966797
a;76307435382385;-9.389984;-2.8978577;-0.14498901
a;76307455523986;-9.314392;-2.9073334;-0.174057
a;76307475665588;-9.332123;-2.908554;-0.15141296
a;76307495807189;-9.37558;-2.9338837;-0.12762451
a;76307515948791;-9.346497;-2.9688873;-0.20605469
a;76307536090392;-9.290665;-3.0115662;-0.21229553
a;76307556231994;-9.305801;-2.9809113;-0.18754578
a;76307576373595;-9.3289795;-2.9339142;-0.16189575
a;76307596515197;-9.388779;-2.977707;-0.14167786
a;76307616656799;-9.385361;-3.009079;-0.08682251
a;76307636798400;-9.438797;-2.9785156;-0.09249878
a;76307656940002;-9.495316;-2.980835;-0.039794922
a;76307677081603;-9.476425;-2.9943085;-0.05480957
a;76307697223205;-9.491959;-3.0105896;-0.019607544
a;76307717364806;-9.443436;-2.9986267;-0.015960693
a;76307737506408;-9.466415;-2.9048462;-0.013412476
a;76307757648010;-9.439087;-2.8977509;0.013748169
a;76307777789611;-9.382965;-2.8074493;0.022994995
a;76307797931213;-9.336578;-2.838623;-0.021118164
a;76307818072814;-9.41684;-2.8645172;-0.094070435
a;76307838214416;-9.432159;-2.860077;-0.12333679
a;76307858356017;-9.468292;-2.8549194;-0.17428589
a;76307878497619;-9.493256;-2.844345;-0.22286987
a;76307898639220;-9.435638;-2.8866272;-0.19689941
a;76307918780822;-9.3984375;-2.9513397;-0.12640381
a;76307938922424;-9.398788;-2.9262848;-0.087509155
a;76307959064025;-9.428726;-2.896576;-0.04524231
a;76307979205627;-9.416443;-2.9054413;-0.037384033
a;76307999347228;-9.407196;-2.961258;-0.029556274
a;76308019488830;-9.411865;-2.941391;-0.035232544
a;76308039630431;-9.44928;-2.9987183;-0.053863525
a;76308059772033;-9.474319;-3.0451965;-0.027450562
a;76308079913635;-9.462769;-3.0309296;-0.05986023
a;76308100055236;-9.4207;-2.9953003;-0.10624695
a;76308120196838;-9.409882;-2.9727173;-0.07687378
a;76308140338439;-9.332642;-2.896759;-0.04988098
a;76308160480041;-9.366653;-2.8903198;-0.004211426
a;76308180621642;-9.421005;-2.9354095;-0.059692383
a;76308200763244;-9.402939;-2.916397;-0.05053711
a;76308220904845;-9.446655;-2.9290009;-0.09220886
a;76308241046447;-9.410614;-2.9279633;-0.11785889
a;76308261188049;-9.385788;-2.916275;-0.089401245
a;76308281329650;-9.3580475;-2.9291382;-0.13801575
a;76308301471252;-9.406967;-2.912674;-0.1138916
a;76308321612853;-9.438873;-2.9019318;-0.12324524
a;76308341754455;-9.430679;-2.916504;-0.10412598
a;76308361896056;-9.402252;-2.9190674;-0.05911255
a;76308382037658;-9.351776;-2.9220123;-0.10089111
a;76308402179260;-9.428146;-2.9413605;-0.10621643
a;76308422320861;-9.458984;-2.965805;-0.08198547
a;76308442462463;-9.440567;-2.939331;-0.123687744
a;76308462604064;-9.498596;-2.9097595;-0.16583252
a;76308482745666;-9.426102;-3.006668;-0.092559814
a;76308502887267;-9.360336;-2.9960785;-0.07496643
a;76308523028869;-9.389023;-2.951767;-0.076797485
a;76308543170470;-9.398575;-2.9269562;-0.10154724
a;76308563312072;-9.435287;-2.957428;-0.07913208
a;76308583453674;-9.429123;-2.9460907;-0.12797546
a;76308603595275;-9.441376;-2.929657;-0.09890747
a;76308623736877;-9.402496;-2.9958649;-0.14823914
a;76308643878478;-9.43718;-3.0072784;-0.14445496
a;76308664020080;-9.427933;-3.0593872;-0.17781067
a;76308684161681;-9.483658;-3.0126648;-0.16903687
a;76308704303283;-9.435516;-2.9740753;-0.14328003
a;76308724444885;-9.423218;-2.9532928;-0.07058716
a;76308744586486;-9.421722;-2.9124603;-0.08921814
a;76308764728088;-9.431564;-2.9183044;-0.11605835
a;76308784869689;-9.46582;-2.9116516;-0.11512756
a;76308805011291;-9.469345;-2.942337;-0.11260986
a;76308825152892;-9.413849;-2.8871613;-0.13502502
a;76308845294494;-9.403458;-2.9128418;-0.11981201
a;76308865436095;-9.4309845;-2.9453583;-0.11630249
a;76308885577697;-9.413422;-2.9618988;-0.119262695
a;76308905719299;-9.407791;-2.9834137;-0.14727783
a;76308925860900;-9.43103;-2.9670105;-0.13008118
a;76308946002502;-9.438675;-2.9640808;-0.1783905
a;76308966144103;-9.387436;-2.977127;-0.23139954
a;76308986285705;-9.353577;-2.956787;-0.19281006
a;76309006427306;-9.383057;-2.9174194;-0.19711304
a;76309026568908;-9.435379;-2.9195404;-0.24040222
a;76309046710510;-9.490509;-2.893158;-0.24090576
a;76309066852111;-9.454239;-2.9419708;-0.16738892
a;76309086993713;-9.444977;-2.9105072;-0.14826965
a;76309107135314;-9.469421;-2.9381561;-0.109436035
a;76309127276916;-9.401306;-2.936432;-0.07695007
a;76309147418517;-9.40538;-2.88089;-0.028701782
a;76309167560119;-9.4539795;-2.9137115;-0.03642273
a;76309187701720;-9.463043;-3.0287476;-0.11001587
a;76309207843322;-9.451355;-3.1005402;-0.1026001
a;76309227984924;-9.444275;-3.2460632;-0.09197998
a;76309248126525;-9.665268;-3.7598877;-0.05885315
a;76309268268127;-9.916336;-4.659256;-0.08502197
a;76309288409728;-10.170471;-5.6452026;-0.66760254
a;76309308551330;-10.440765;-6.8267517;-1.0056763
a;76309328692931;-10.496582;-6.6544037;-0.24584961
a;76309348834533;-10.308685;-6.7994385;0.84228516
a;76309368976135;-10.510269;-7.2052307;1.2567749
a;76309389117736;-10.727768;-7.4980316;1.5956726
a;76309409259338;-10.792496;-7.384094;1.9125671
a;76309429400939;-10.759689;-7.668869;1.8011322
a;76309449542541;-10.662033;-8.2435;1.7129822
a;76309469684142;-10.538925;-8.450073;1.4601746
a;76309489825744;-10.355148;-9.013535;1.2392883
a;76309509967345;-10.318863;-8.970215;1.1060028
a;76309530108947;-10.0155945;-8.739334;1.0588379
a;76309550250549;-9.438751;-9.016113;1.2024994
a;76309570392150;-9.247894;-9.222458;1.6309509
a;76309590533752;-9.189865;-8.826462;1.89534
a;76309610675353;-8.411362;-8.518356;2.2117767
a;76309630816955;-7.771759;-7.986267;2.262909
a;76309650958556;-6.8088074;-7.380783;2.6114044
a;76309671100158;-6.0272827;-7.0178223;2.5290985
a;76309691241760;-5.135971;-6.502487;3.03714
a;76309711383361;-4.3927917;-5.8589325;3.2131348
a;76309731524963;-3.6753998;-5.4994965;3.4590454
a;76309751666564;-3.0815582;-4.92865;3.6808472
a;76309771808166;-2.280655;-4.5374146;3.9159088
a;76309786914367;-1.5829315;-4.7687073;4.007538
a;76309807055969;-1.2920685;-5.3710785;3.9795837
a;76309827228510;-1.243454;-5.4374237;4.328766
a;76309847370112;-1.311615;-5.090988;4.910904
a;76309867511713;-1.1498413;-5.001831;5.409958
a;76309887653315;-0.91560364;-5.0282593;5.5441895
a;76309907794916;-0.694046;-5.1224976;5.7567596
a;76309927936518;-0.3292694;-6.0126038;6.039673
a;76309948078119;-0.5170746;-6.3437347;6.096649
a;76309968219721;-0.5431061;-6.714493;6.524826
a;76309988361323;-0.43165588;-6.646393;6.776718
a;76310008502924;0.024261475;-6.921219;6.817047
a;76310028644526;0.37257385;-7.6602325;6.6896973
a;76310048786127;0.41441345;-7.649597;6.9164734
a;76310068927729;0.5700989;-7.1469727;7.1295013
a;76310089069330;0.8262024;-6.8282776;7.272629
a;76310109210932;1.0057068;-7.2445984;7.1568604
a;76310129352534;0.8111725;-7.3114014;7.2490997
a;76310149494135;0.88816833;-7.584137;7.2912903
a;76310169635737;0.7540283;-7.3449707;7.5793457
a;76310189777338;0.5611572;-6.6593323;7.41893
a;76310209918940;0.036895752;-6.559784;8.235474
a;76310230060541;-0.06333923;-7.5951385;8.340836
a;76310250202143;0.16423035;-7.8801575;7.9240265
a;76310270343744;0.15872192;-7.0020905;7.8383636
a;76310290485346;0.0048828125;-6.7291565;7.746811
a;76310310626948;0.21382141;-6.679474;8.023087
a;76310330768549;0.3889923;-6.609253;8.12059
a;76310350910151;0.4528656;-6.771118;7.9273224
a;76310371051752;0.44999695;-6.702545;7.7993317
a;76310391193354;0.5283661;-6.2715454;7.875839
a;76310411334955;0.6655731;-6.2266693;8.144577
a;76310431476557;0.82164;-6.2986145;8.030746
a;76310451618159;0.98802185;-6.4611206;8.124451
a;76310471759760;0.84573364;-6.792618;7.8206177
a;76310491901362;0.7736511;-6.7099304;7.635681
a;76310512042963;0.98017883;-6.5896454;7.7814026
a;76310532184565;0.94325256;-6.269272;8.060028
a;76310552326166;0.6235199;-5.888275;8.584732
a;76310572467768;0.37051392;-5.6295776;8.707245
a;76310592609369;0.21606445;-5.2867737;8.840347
a;76310612750971;0.041671753;-5.078537;8.756531
a;76310632892573;-0.248703;-4.703018;8.387253
a;76310653034174;-0.490036;-4.4215393;8.233871
a;76310673175776;-0.9049072;-4.3341827;8.34491
a;76310693317377;-1.1888123;-4.055588;8.785965
a;76310713458979;-1.3600159;-3.9147644;8.991592
a;76310733600580;-1.6212921;-3.9029846;8.818344
a;76310753742182;-1.6858215;-3.8769226;8.857391
a;76310773883784;-1.7946472;-3.7823334;9.290176
a;76310794025385;-2.0276184;-3.8406525;9.402939
a;76310814166987;-2.198578;-3.7226868;9.3068695
a;76310834308588;-2.1705475;-3.5034637;9.214752
a;76310854450190;-2.0735474;-3.5819092;9.15918
a;76310874591791;-2.1195526;-3.594757;9.190842
a;76310894733393;-2.2131958;-3.3335419;9.366852
a;76310914874994;-2.2730255;-3.1769104;9.392975
a;76310935016596;-2.2707977;-3.070938;9.317581
a;76310955158198;-2.2765656;-3.103714;9.24823
a;76310975299799;-3.1916199;-2.9163818;8.414795
a;76310995441401;-0.668869;-2.9231262;9.298325
a;76311015583002;-1.0954895;-2.8282776;9.925934
