a;68886784020492;1.5572968;-1.7762604;9.199936
a;68886804162093;1.6567078;-2.4747314;7.747162
a;68886824303695;1.6798553;-2.8761292;8.751099
a;68886844445297;1.538559;-1.5894623;9.932846
a;68886864586898;2.1987;-2.2535248;9.907745
a;68886884728500;1.8099213;-2.1613007;9.7912445
a;68886904870101;1.3481598;-1.8099365;9.664459
a;68886925011703;1.5933533;-1.943573;9.341904
a;68886945153304;1.7732239;-1.9523926;9.204575
a;68886965294906;1.5767365;-1.786499;9.191345
a;68886985436507;1.4407349;-1.7618256;9.20517
a;68887005578109;1.4897003;-1.8952484;9.048996
a;68887025719711;1.53862;-2.1506653;8.943222
a;68887045861312;1.6366272;-2.040924;9.043732
a;68887066002914;1.5806732;-1.6990967;9.104767
a;68887086144515;1.3838654;-1.7434082;9.108856
a;68887106286117;1.2697296;-1.9415283;9.109863
a;68887126427718;1.4230804;-1.7158508;9.137054
a;68887146569320;1.87854;-1.1082306;9.095612
a;68887166710922;2.5152893;-0.42959595;8.662643
a;68887186852523;2.9045258;0.5179596;8.678436
a;68887206994125;2.9757233;1.1041412;8.103729
a;68887227135726;3.931717;1.5467987;6.227295
a;68887247277328;4.6855164;0.09364319;4.3716736
a;68887267418929;4.254135;-1.3052521;3.3221436
a;68887287560531;3.6900177;-2.3042603;4.288376
a;68887307702132;3.3426208;-2.771988;5.814682
a;68887327843734;2.589981;-3.8347778;7.606598
a;68887347985336;3.4803925;-6.0448456;8.437546
a;68887368126937;9.524673;-15.402145;2.6834717
a;68887388268539;13.60733;-20.031967;-10.427597
a;68887408410140;6.4636383;-20.031967;-6.317749
a;68887428551742;1.1418457;-20.020508;-0.3947296
a;68887448693343;1.1155548;-16.78099;-4.6733856
a;68887468834945;2.5210571;-7.956314;-8.215134
a;68887488976547;3.0695496;2.7222748;-7.180496
a;68887509118148;-0.8670807;17.297302;-5.6501007
a;68887529259750;-3.6496277;18.967438;-4.026001
a;68887549401351;0.58703613;18.967438;-7.110733
a;68887569542953;-0.9586334;18.967438;1.0839844
a;68887589684554;-0.44096375;13.869156;7.763672
a;68887609826156;7.653961;6.307129;6.490982
a;68887629967757;17.817154;-13.872253;-13.869156
a;68887650109359;16.138733;-20.031967;-15.654007
a;68887670250961;4.662567;-20.031967;-0.6641388
a;68887690392562;2.6430817;-20.031967;-7.1637573
a;68887710534164;6.444412;-18.177963;-9.225723
a;68887730675765;14.612244;3.9022217;-10.163116
a;68887750817367;16.478851;18.967438;-13.7478485
a;68887770958968;-1.7346649;18.967438;-7.7891846
a;68887791100570;3.5375366;18.967438;-1.1187592
a;68887811242172;5.7502747;18.163818;5.94812
a;68887831383773;7.496475;8.021851;6.4303894
a;68887851525375;18.34465;-1.8239441;-3.3791199
a;68887871666976;19.495438;-19.604675;-16.300339
a;68887891808578;10.727097;-20.031967;-0.529129
a;68887911950179;3.4937897;-20.031967;1.4193573
a;68887932091781;0.20742798;-20.031967;-6.450775
a;68887952233382;4.5335846;-9.976791;-6.0312195
a;68887972374984;14.181778;9.202789;-2.4752655
a;68887992516586;7.8976593;18.967438;-7.9040375
a;68888012658187;-3.60643;18.967438;-6.6362762
a;68888032799789;1.1681824;18.967438;4.3288574
a;68888052941390;4.5446014;16.254227;6.458664
a;68888073082992;9.046509;5.059326;5.7995605
a;68888093224593;19.401138;-10.394943;-17.388779
a;68888113366195;14.274872;-20.031967;-20.213547
a;68888133507797;10.005463;-20.031967;1.4401398
a;68888153649398;0.11755371;-20.031967;-6.1555634
a;68888173791000;2.876648;-19.7565;-8.720001
a;68888193932601;6.2405853;-13.167236;-6.1168823
a;68888214074203;11.421631;2.0095825;-4.841812
a;68888234215804;10.641312;17.896332;-8.082977
a;68888254357406;-0.6928253;18.967438;-9.509476
a;68888274499007;2.6093292;18.967438;-4.185196
a;68888294640609;1.3862762;16.902908;3.6470642
a;68888314782211;0.44236755;6.016922;8.972519
a;68888334923812;6.1247406;1.0826874;6.1452026
a;68888355065414;16.62912;-11.336258;-14.844513
a;68888375207015;13.078033;-20.031967;-19.144531
a;68888395348617;4.268875;-20.031967;-0.19284058
a;68888415490218;-0.48965454;-20.031967;-4.5880737
a;68888435631820;1.5028839;-19.652542;-7.643875
a;68888455773422;4.083786;-8.890701;-5.854294
a;68888475915023;7.807373;3.4421844;-4.1383057
a;68888496056625;7.0251465;18.967438;-8.936462
a;68888516198226;-2.1812286;18.967438;-7.837982
a;68888536339828;0.7049408;18.967438;-4.413849
a;68888556481429;0.87768555;14.865021;2.649414
a;68888576623031;0.56166077;5.915436;6.333496
a;68888596764632;8.900879;-1.7082672;1.1844635
a;68888616906234;18.095184;-18.295807;-15.019302
a;68888637047836;11.102814;-20.031967;-14.499573
a;68888657189437;4.09404;-20.031967;2.4321747
a;68888677331039;-1.202774;-20.031967;-2.2572784
a;68888697472640;1.6259918;-18.603409;-4.5930634
a;68888717614242;3.7972565;-5.657242;-4.659256
a;68888737755843;7.649826;9.199066;-4.493698
a;68888757897445;7.0803223;18.967438;-8.504654
a;68888778039047;-0.78938293;18.967438;-7.455475
a;68888798180648;1.0527496;18.58928;-1.0939636
a;68888818322250;-0.4784546;11.3884735;5.6405945
a;68888838463851;-0.61413574;4.465393;7.449707
a;68888858605453;10.375565;-5.1102905;-0.20191956
a;68888878747054;19.095795;-19.496277;-16.541885
a;68888898888656;12.774307;-20.031967;-10.618835
a;68888919030257;4.607132;-20.031967;9.24324
a;68888939171859;-0.9775543;-20.031967;2.7220154
a;68888959313461;1.2118988;-16.431808;-3.2378693
a;68888979455062;1.778717;-7.577881;-4.4382324
a;68888999596664;3.3744965;1.3762207;-1.9780121
a;68889019738265;3.4095001;12.776932;-3.5387115
a;68889039879867;-2.0827026;18.920013;-5.019943
a;68889060021468;0.20332336;16.975922;-3.0398865
a;68889080163070;-0.10525513;10.021622;1.6213531
a;68889100304672;-1.7453918;2.5805206;6.4691772
a;68889120446273;2.8902283;-2.2216492;5.5497894
a;68889140587875;11.123688;-8.02211;-9.578857
a;68889160729476;15.855179;-19.712265;-17.807678
a;68889180871078;3.6536255;-20.031967;-4.9292755
a;68889201012679;-1.8626709;-20.031967;1.6810608
a;68889221154281;-1.1960297;-19.879623;-0.20639038
a;68889241295882;-1.1520386;-15.165283;-1.8141174
a;68889261437484;-1.1663666;-7.7807617;-2.0407104
a;68889281579086;-0.76400757;-0.5484619;-2.0588074
a;68889301720687;-1.0907593;1.4801788;-1.202713
a;68889321862289;-1.3110657;3.5622253;-1.5704498
a;68889342003890;-1.103241;4.4566956;-1.4009857
a;68889362145492;-1.0581512;3.4241943;-0.07946777
a;68889382287093;-0.85147095;1.2995911;1.0610046
a;68889402428695;-0.2596283;-0.40997314;1.2879028
a;68889422570297;0.58206177;-1.3532104;1.5585938
a;68889442711898;2.0248108;-2.7400818;2.3370361
a;68889462853500;3.937439;-4.7011414;1.9421539
a;68889482995101;6.2415924;-7.3434906;1.8068848
a;68889503136703;9.240692;-10.123199;3.3419342
a;68889523278304;9.493607;-11.629929;5.5281067
a;68889543419906;7.724243;-8.928818;6.120453
a;68889563561507;8.0581665;-8.742584;5.0431213
a;68889583703109;7.7916718;-10.0325775;3.0030975
a;68889603844711;8.632767;-11.288925;2.8172455
a;68889623986312;9.1432495;-7.978943;5.9185486
a;68889644127914;7.894333;-5.6410065;6.4282074
a;68889664269515;9.3667145;-4.621811;5.095703
a;68889684411117;8.979538;-4.7341156;3.2871094
a;68889704552718;9.726593;-4.7177734;2.605545
a;68889724694320;10.209915;-3.7598114;2.1402893
a;68889744835922;11.039291;-3.5090942;1.902359
a;68889764977523;12.35083;-3.958847;2.0844116
a;68889785119125;13.901184;-4.4611053;1.9202728
a;68889805260726;14.324249;-4.0967255;0.66638184
a;68889825402328;13.542923;-4.2026367;0.31051636
a;68889845543929;12.832169;-4.067749;0.36265564
a;68889865685531;11.851105;-3.3137817;0.57566833
a;68889885827132;11.006744;-2.296585;0.9253845
a;68889905968734;10.541489;-1.909317;1.4457397
a;68889926110336;10.813156;-1.7207184;1.5584717
a;68889946251937;10.951294;-1.3899231;1.2314453
a;68889966393539;10.209335;-1.1764069;0.8790283
a;68889986535140;9.496689;-1.5995483;0.66319275
a;68890006676742;9.52034;-2.1586914;0.6877136
a;68890026818343;9.71814;-2.5164337;0.782959
a;68890046959945;9.502228;-2.8983612;0.5793762
a;68890067101547;9.15239;-3.1443481;0.46839905
a;68890087243148;9.153839;-3.1991577;0.5393982
a;68890107384750;9.356323;-3.0601044;0.61920166
a;68890127526351;9.380753;-2.7294922;0.93208313
a;68890147667953;9.511932;-2.347824;1.0652161
a;68890167809554;9.766647;-2.079361;0.7752533
a;68890187951156;9.995773;-1.9210205;0.6235657
a;68890208092757;10.28125;-1.8998871;0.6069031
a;68890228234359;10.461899;-1.9297485;0.5517578
a;68890248375961;10.362671;-1.8914185;0.4174347
a;68890268517562;10.106461;-1.8810883;0.48210144
a;68890288659164;10.165894;-1.8735199;0.6141205
a;68890308800765;10.227966;-1.8486023;0.8053436
a;68890328942367;9.977722;-1.8253174;0.92196655
a;68890349083968;9.830963;-1.8427734;0.96699524
a;68890369225570;10.078674;-2.5200043;1.0570679
a;68890389367172;9.995392;-2.4615326;0.17288208
a;68890409508773;9.788071;1.2210846;2.6080627
a;68890429650375;10.174713;-1.4130707;1.2477417
a;68890449791976;9.318802;-1.2172546;1.3537598
a;68890469933578;8.791367;-0.8115845;1.8981781
a;68890490075179;8.972061;-1.6878204;1.5610809
a;68890510216781;9.029388;-2.3747406;1.171463
a;68890530358382;8.818344;-2.491562;1.1194916
a;68890550499984;8.699585;-2.454834;1.2764435
a;68890570641586;8.876389;-2.281311;1.5593872
a;68890590783187;9.152206;-2.0194397;1.9428864
a;68890610924789;9.164673;-2.1256866;2.2032928
a;68890631066390;9.240265;-2.132248;2.3760223
a;68890651207992;9.168472;-2.2173157;2.5411835
a;68890671349593;9.360886;-3.067627;3.2439575
a;68890691491195;9.973755;-4.2841644;3.8440247
a;68890711632797;10.287918;-5.6941986;3.7997284
a;68890731774398;10.412125;-6.604141;3.4043732
a;68890751916000;9.945099;-5.8829193;3.8892975
a;68890772057601;9.180145;-5.3697205;4.597824
a;68890792199203;8.531967;-5.2397614;4.697769
a;68890812340804;7.4668274;-5.4790344;4.600647
a;68890832482406;6.899811;-5.837845;4.183029
a;68890852624007;6.4841766;-6.065628;3.9889374
a;68890872765609;5.948761;-5.506912;4.3520813
a;68890892907211;5.4705048;-5.077591;4.5878754
a;68890913048812;5.297287;-5.0205383;4.582321
a;68890933190414;5.2505646;-4.9431;4.6618805
a;68890953332015;5.246628;-4.718582;4.627228
a;68890973473617;5.158905;-4.7297516;4.6206055
a;68890993615218;4.9888;-4.701767;4.4160767
a;68891013756820;5.032364;-5.0767517;4.37146
a;68891033898422;4.9998474;-4.7800903;4.268936
a;68891054040023;4.921631;-4.140106;4.4189606
a;68891074181625;5.2720184;-4.2934265;4.2292633
a;68891094323226;5.4779205;-4.744232;4.0358124
a;68891114464828;5.298538;-4.181656;4.4121246
a;68891134606429;5.6207275;-3.5102386;4.4243927
a;68891154748031;6.1050262;-3.9236298;4.257965
a;68891174889632;6.468811;-4.0589294;4.2675476
a;68891195031234;6.81691;-3.6434479;4.378357
a;68891215172836;7.19162;-3.371582;4.136505
a;68891235314437;7.5173492;-2.8260498;4.149063
a;68891255456039;7.7333374;-3.597519;3.4971924
a;68891275597640;7.771225;-3.7248688;3.4609528
a;68891295739242;7.7465973;-2.9324799;3.8758087
a;68891315880843;7.8007813;-2.7236786;3.5842285
a;68891336022445;7.8146057;-2.395752;3.8288116
a;68891356164047;8.195526;-2.8530273;3.8152924
a;68891376305648;8.786911;-2.8811798;3.682373
a;68891396447250;9.243423;-2.4874573;3.9339752
a;68891416588851;9.453674;-2.2595062;3.9738464
a;68891436730453;9.639664;-2.006485;4.1854095
a;68891456872054;9.797867;-2.386139;4.3538055
a;68891477013656;9.7825165;-2.1546173;4.028412
a;68891497155257;10.017212;-2.0121155;4.069214
a;68891517296859;9.9935;-2.299759;4.288788
a;68891537438461;9.911087;-1.8103638;4.278351
a;68891557580062;10.027771;-1.865036;4.155197
a;68891577721664;9.856735;-2.586563;3.8506622
a;68891597863265;9.689545;-1.8490906;3.9467163
a;68891618004867;9.687363;-1.1956482;3.8534088
a;68891638146468;10.064331;-1.0284424;3.7556305
a;68891658288070;10.735855;-1.9828796;3.4451752
a;68891678429672;10.29863;-2.264862;4.9414215
a;68891698571273;9.797379;-2.9471588;4.956665
a;68891718712875;9.930435;-2.4604645;5.4621124
a;68891738854476;9.872589;-2.306488;4.6974487
a;68891758996078;10.744141;-2.3340302;3.712387
a;68891779137679;12.113892;-2.5476837;4.6533813
a;68891799279281;11.121887;-4.6634064;4.994385
a;68891819420882;9.853699;-4.607773;5.8081207
a;68891839562484;9.39563;-4.7756042;6.5028534
a;68891859704086;9.658127;-4.756546;5.3993225
a;68891879845687;10.318512;-4.847702;4.0764008
a;68891899987289;9.826691;-5.596222;4.3015137
a;68891920128890;8.701157;-6.1705627;4.8572235
a;68891940270492;7.9776917;-6.681793;4.023041
a;68891960412093;7.242325;-6.2768555;3.084259
a;68891980553695;6.7975616;-6.3674316;3.5579834
a;68892000695297;6.2612915;-6.8045654;4.191208
a;68892020836898;5.773941;-6.3580627;4.06691
a;68892040978500;5.073288;-6.7858887;3.8648071
a;68892061120101;4.907242;-7.148575;4.183487
a;68892081261703;4.514038;-6.9120026;4.8526764
a;68892101403304;4.1717834;-6.230713;5.3762207
a;68892121544906;3.6536865;-5.171997;4.7257233
a;68892141686507;3.1308746;-5.831192;3.8203583
a;68892161828109;3.4850922;-7.1931305;3.6856842
a;68892181969711;3.6375122;-7.547226;4.4846497
a;68892202111312;3.5502777;-6.7645874;4.9967194
a;68892222252914;3.2048798;-6.009247;4.0876923
a;68892242394515;2.7585144;-6.571762;3.3568878
a;68892262536117;2.7429962;-7.341446;4.043503
a;68892282677718;2.625946;-6.5330048;4.778122
a;68892302819320;2.371643;-6.5313416;4.698517
a;68892322960922;2.8649597;-6.6039124;4.3855743
a;68892343102523;3.4386292;-6.9671783;3.823471
a;68892363244125;3.66716;-7.343399;3.7405853
a;68892383385726;4.0041656;-7.4300385;4.3952026
a;68892403527328;4.4712067;-7.590088;4.7024536
a;68892423668929;4.534439;-7.858246;4.3811646
a;68892443810531;4.3587036;-8.133209;4.029663
a;68892463952132;3.7267303;-7.78096;3.9642181
a;68892484093734;3.4547577;-7.5447845;3.981781
a;68892504235336;3.438675;-7.957733;3.9075012
a;68892524376937;3.425476;-8.264572;4.0421906
a;68892544518539;3.4047852;-8.261047;4.1989594
a;68892564660140;3.474762;-8.529419;4.113266
a;68892584801742;3.4837189;-8.331299;4.1485596
a;68892604943343;3.346939;-8.321732;4.2812195
a;68892625084945;3.3166351;-8.486938;4.394684
a;68892645226547;3.4151459;-8.491562;4.413513
a;68892665368148;3.4124146;-8.589752;4.2727814
a;68892685509750;3.3578796;-8.39946;4.2620087
a;68892705651351;3.3777008;-7.992798;4.385971
a;68892725792953;3.4914856;-7.959778;4.295685
a;68892745934554;3.4318848;-8.015533;4.2582855
a;68892766076156;3.435318;-8.297913;4.043213
a;68892786217757;3.3625946;-8.344696;4.0286865
a;68892806359359;3.3216705;-8.094849;4.157593
a;68892826500961;3.4812927;-8.349182;4.184906
a;68892846642562;3.6039429;-8.513962;4.3217773
a;68892866784164;3.6751251;-8.521271;4.5600433
a;68892886925765;3.7363281;-8.434128;4.456848
a;68892907067367;3.646469;-8.265198;4.295349
a;68892927208968;3.6011658;-8.207748;4.3857727
a;68892947350570;3.569809;-8.179672;4.467331
a;68892967492172;3.5615082;-8.187424;4.4921265
a;68892987633773;3.4826508;-8.171585;4.3189545
a;68893007775375;3.422638;-8.237762;4.137268
a;68893027916976;3.586609;-8.419052;4.147339
a;68893048058578;3.7475739;-8.510773;4.401169
a;68893068200179;3.6599731;-8.235794;4.519562
a;68893088341781;3.5599365;-8.11235;4.3737335
a;68893108483382;3.5392456;-8.117035;4.254776
a;68893128624984;3.6297913;-8.455658;4.2826385
a;68893148766586;3.7199554;-8.464508;4.3060913
a;68893168908187;3.7171478;-8.411987;4.2122803
a;68893189049789;3.6345062;-8.320709;4.295471
a;68893209191390;3.5894775;-8.347137;4.4048615
a;68893229332992;3.5867462;-8.474823;4.3685303
a;68893249474593;3.5885925;-8.605347;4.234741
a;68893269616195;3.6276093;-8.635864;4.197113
a;68893289757797;3.5743713;-8.325302;4.1524353
a;68893309899398;3.5960236;-8.17897;4.1535187
a;68893330041000;3.639923;-8.160034;4.2430115
a;68893350182601;3.6466217;-8.250427;4.27771
a;68893370324203;3.6958008;-8.280411;4.2361145
a;68893390465804;3.6395874;-8.250214;4.171829
a;68893410607406;3.6022644;-8.103043;4.156662
a;68893430749007;3.6118774;-8.135361;4.235916
a;68893450890609;3.5879211;-8.268814;4.274338
a;68893471032211;3.575592;-8.4292145;4.284561
a;68893491173812;3.6419525;-8.366791;4.3143463
a;68893511315414;3.593338;-8.390671;4.192169
a;68893531457015;3.5980682;-8.237228;4.180603
a;68893551598617;3.5570068;-8.199982;4.2602844
a;68893571740218;3.589386;-8.366379;4.2805176
a;68893591881820;3.5350952;-8.293182;4.272583
a;68893612023422;3.5204926;-8.251801;4.2036133
a;68893632165023;3.5404968;-8.268524;4.1790466
a;68893652306625;3.5780334;-8.222748;4.2074585
a;68893672448226;3.620926;-8.321915;4.2908173
a;68893692589828;3.6246185;-8.389206;4.2657013
a;68893712731429;3.552414;-8.332535;4.1531982
a;68893732873031;3.594864;-8.355621;4.163376
a;68893753014632;3.557953;-8.337128;4.213272
a;68893773156234;3.6091614;-8.370499;4.368805
a;68893793297836;3.6025238;-8.393982;4.380661
a;68893813439437;3.509842;-8.490799;4.324234
a;68893833581039;3.544983;-8.546799;4.229294
a;68893853722640;3.5482788;-8.539261;4.225357
a;68893873864242;3.5532227;-8.336166;4.261429
a;68893894005843;3.544281;-8.330536;4.173767
a;68893914147445;3.4769287;-8.322037;4.29126
a;68893934289047;3.4807587;-8.329132;4.2480927
a;68893954430648;3.4516754;-8.445374;4.1954193
a;68893974572250;3.4048004;-8.465912;4.231903
a;68893994713851;3.5035095;-8.394211;4.2116394
a;68894014855453;3.5370178;-8.4088745;4.198822
a;68894034997054;3.5180817;-8.334198;4.3562927
a;68894055138656;3.5571136;-8.404236;4.27919
a;68894075280257;3.5902557;-8.306107;4.1710663
a;68894095421859;3.623108;-8.441254;4.1233826
a;68894115563461;3.5496674;-8.264328;4.193939
a;68894135705062;3.538559;-8.229446;4.182419
a;68894155846664;3.5621033;-8.200363;4.245453
a;68894175988265;3.4679718;-8.282349;4.241974
a;68894196129867;3.553421;-8.403595;4.1208344
a;68894216271468;3.4977722;-8.389786;4.1493073
a;68894236413070;3.5232391;-8.394058;4.192383
a;68894256554672;3.4914246;-8.3368225;4.168686
a;68894276696273;3.4151;-8.291794;4.224945
a;68894296837875;3.471878;-8.341049;4.2842712
a;68894316979476;3.4642792;-8.452759;4.2770844
a;68894337121078;3.4664001;-8.49295;4.3008575
a;68894357262679;3.5012665;-8.400162;4.2204742
a;68894377404281;3.5431519;-8.38446;4.2582397
a;68894397545882;3.5467377;-8.252411;4.278351
a;68894417687484;3.5842438;-8.328735;4.27417
a;68894437829086;3.5708008;-8.396851;4.249649
a;68894457970687;3.524231;-8.451157;4.144348
a;68894478112289;3.5098572;-8.3615265;4.0924225
a;68894498253890;3.4642487;-8.317963;4.1806335
a;68894518395492;3.5000153;-8.265259;4.1802063
a;68894538537093;3.523758;-8.318573;4.255707
a;68894558678695;3.5248718;-8.369995;4.2678833
a;68894578820297;3.5012207;-8.302155;4.258545
a;68894598961898;3.5148315;-8.339371;4.2261963
a;68894619103500;3.4974976;-8.366653;4.189682
a;68894639245101;3.5019836;-8.370789;4.181381
a;68894659386703;3.5439758;-8.37706;4.2080536
a;68894679528304;3.5373993;-8.322205;4.2697144
a;68894699669906;3.5565948;-8.345306;4.227371
a;68894719811507;3.6445313;-8.5225525;4.1988373
a;68894739953109;3.631607;-8.53186;4.17717
a;68894760094711;3.5377045;-8.419815;4.270218
a;68894780236312;3.4858398;-8.297119;4.2899323
a;68894800377914;3.452835;-8.242615;4.2445984
a;68894820519515;3.4863892;-8.3190155;4.228943
a;68894840661117;3.4843292;-8.412643;4.1903534
a;68894860802718;3.4295654;-8.385681;4.2411804
a;68894880944320;3.4626617;-8.402069;4.2786255
a;68894901085922;3.4631042;-8.403641;4.2297363
a;68894921227523;3.4769745;-8.397751;4.1796417
a;68894941369125;3.5030518;-8.344269;4.2470093
a;68894961510726;3.5009918;-8.323288;4.1782074
a;68894981652328;3.5222168;-8.420624;4.1517487
a;68895001793929;3.560089;-8.502563;4.1935425
a;68895021935531;3.5602417;-8.556152;4.2799377
a;68895042077132;3.5089264;-8.49173;4.248703
a;68895062218734;3.4318848;-8.328888;4.172241
a;68895082360336;3.4593048;-8.308868;4.1530457
a;68895102501937;3.4854126;-8.332916;4.24263
a;68895122643539;3.5357666;-8.449738;4.24675
a;68895142785140;3.5177002;-8.457016;4.2654877
a;68895162926742;3.5054169;-8.409607;4.2192993
a;68895183068343;3.4257813;-8.275269;4.1520233
a;68895203209945;3.4450073;-8.353683;4.1553802
a;68895223351547;3.4650574;-8.417648;4.140106
a;68895243493148;3.42984;-8.3723755;4.1444397
a;68895263634750;3.4890747;-8.3888855;4.114853
a;68895283776351;3.48378;-8.303055;4.1436768
a;68895303917953;3.4527435;-8.305511;4.1524506
a;68895324059554;3.4800415;-8.358902;4.162842
a;68895344201156;3.5325165;-8.492096;4.1524353
a;68895364342757;3.5304718;-8.400864;4.2264404
a;68895384484359;3.4606934;-8.4440155;4.199112
a;68895404625961;3.4371948;-8.574875;4.1527405
a;68895424767562;3.422348;-8.608017;4.147705
a;68895444909164;3.4828644;-8.525894;4.1578064
a;68895465050765;3.5340118;-8.333298;4.1737823
a;68895485192367;3.5116577;-8.252731;4.114044
a;68895505333968;3.4970093;-8.376846;4.1299286
a;68895525475570;3.4720154;-8.47525;4.173767
a;68895545617172;3.3616486;-8.530701;4.089615
a;68895565758773;3.3835602;-8.408417;4.1530304
a;68895585900375;3.439392;-8.413223;4.2048798
a;68895606041976;3.4451904;-8.374344;4.1761475
a;68895626183578;3.3952332;-8.379593;4.1523895
a;68895646325179;3.3806;-8.398331;4.116333
a;68895666466781;3.371109;-8.36026;4.208496
a;68895686608382;3.4036102;-8.494003;4.187027
a;68895706749984;3.4937592;-8.5629425;4.2420654
a;68895726891586;3.5440674;-8.462769;4.202423
a;68895747033187;3.5010834;-8.431824;4.1309814
a;68895767174789;3.5688782;-8.461288;4.16951
a;68895787316390;3.5095978;-8.2730255;4.168564
a;68895807457992;3.5105438;-8.364243;4.0275574
a;68895827599593;3.4687653;-8.462967;4.008026
a;68895847741195;3.471878;-8.524063;4.1782074
a;68895867882797;3.5223846;-8.609177;4.095688
a;68895888024398;3.4005585;-8.39534;4.074875
a;68895908166000;3.4540863;-8.325729;4.0821686
a;68895928307601;3.488327;-8.327927;4.0695953
a;68895948449203;3.5196838;-8.305893;4.0914917
a;68895968590804;3.51445;-8.379288;4.071701
a;68895988732406;3.4860535;-8.322937;4.044693
a;68896008874007;3.4736786;-8.291428;4.069412
a;68896029015609;3.3468018;-8.142258;4.102829
a;68896049157211;3.371338;-8.1675415;4.0991364
a;68896069298812;3.5442505;-8.340393;4.157028
a;68896089440414;3.5962067;-8.2968445;4.0700684
a;68896109582015;3.583786;-8.266388;4.129608
a;68896129723617;3.6334076;-8.234634;4.1554413
a;68896149865218;3.7083893;-8.223541;4.139557
a;68896170006820;3.7385406;-8.345245;4.1206665
a;68896190148422;3.7305908;-8.3133545;4.1689453
a;68896210290023;3.7651215;-8.280212;4.153885
a;68896230431625;3.775528;-8.256088;4.1292725
a;68896250573226;3.752884;-8.298767;4.172043
a;68896270714828;3.7688904;-8.215073;4.07251
a;68896290856429;3.8273315;-8.10611;4.035736
a;68896310998031;3.7911224;-8.145599;4.090515
a;68896331139632;3.8304596;-8.263397;4.2341766
a;68896351281234;3.8474884;-8.214325;4.1905212
a;68896371422836;3.8549805;-8.169846;4.2497864
a;68896391564437;3.9100342;-8.028519;4.088791
a;68896411706039;3.9603577;-8.088913;3.8725586
a;68896431847640;3.7279663;-7.8262634;3.9628448
a;68896451989242;3.8551025;-7.778656;4.0237274
a;68896472130843;3.9645996;-7.7308197;4.16098
a;68896492272445;4.1312866;-8.041229;4.316681
a;68896512414047;4.165451;-7.8366547;4.024994
a;68896532555648;4.1840515;-7.996826;3.7901459
a;68896552697250;4.2218933;-7.703415;3.8773346
a;68896572838851;4.118332;-7.558716;4.1095886
a;68896592980091;4.3473816;-7.7998657;4.163742
a;68896613121692;4.3938904;-7.435608;4.1115875
a;68896633263294;4.3460083;-7.4487305;3.8727875
a;68896653404895;4.5956573;-7.759247;3.7226105
a;68896673546497;4.657013;-7.8107452;3.8268738
a;68896693688099;4.8360596;-7.8583374;4.017288
a;68896713829700;4.69223;-7.531845;4.083832
a;68896733971302;4.6892242;-7.502365;4.0000305
a;68896754112903;4.769745;-7.5812073;3.9850006
a;68896774254505;4.872055;-7.7610016;4.0197144
a;68896794396106;5.027481;-7.4851685;4.11351
a;68896814537708;5.1335754;-7.3238373;3.9733582
a;68896834679310;5.1765137;-6.972046;3.779892
a;68896854820911;5.3468933;-7.2160797;3.8707886
a;68896874962513;5.182968;-7.7888184;4.134033
a;68896895104114;5.6423187;-8.049789;4.5535126
a;68896915245716;5.531372;-7.708786;4.6285706
a;68896935387317;5.664322;-7.462631;4.5149994
a;68896955528919;5.6872253;-7.4516754;4.585861
a;68896975670520;5.8275604;-7.697647;4.4794617
a;68896995812122;5.8799896;-7.7380676;4.470337
a;68897015953724;6.004822;-7.4927673;4.4012756
a;68897036095325;6.0707855;-7.5113373;4.1693726
a;68897056236927;6.095825;-7.3364716;4.224121
a;68897076378528;6.0606995;-6.971054;4.2014313
a;68897096520130;6.177536;-7.385376;4.0361023
a;68897116661731;6.188156;-7.2613525;4.4206543
a;68897136803333;6.1697083;-7.0352173;4.389511
a;68897156944935;6.1608734;-6.8529205;4.4336853
a;68897177086536;6.2012634;-6.845001;4.2838593
a;68897197228138;6.305084;-6.870346;4.296509
a;68897217369739;6.3047333;-6.453964;4.380142
a;68897237511341;6.2460175;-6.328659;4.4474487
a;68897257652942;6.290802;-6.3946533;3.9905396
a;68897277794544;6.395279;-6.661667;4.0088806
a;68897297936145;6.3868866;-6.8104553;4.4357605
a;68897318077747;6.2409973;-6.122177;4.53627
a;68897338219349;6.347809;-6.158844;3.9931488
a;68897358360950;6.3563538;-6.2169952;4.041733
a;68897378502552;6.407837;-6.2355347;4.2177124
a;68897398644153;6.468277;-6.521393;4.2722626
a;68897418785755;6.40802;-6.3666077;4.4526215
a;68897438927356;6.381378;-6.295883;4.4286346
a;68897459068958;6.4027557;-6.2197723;4.182602
a;68897479210560;6.42276;-6.2643433;4.1330414
a;68897499352161;6.462082;-6.250931;4.3311005
a;68897519493763;6.3743134;-6.335861;4.328781
a;68897539635364;6.3392487;-6.432892;4.353836
a;68897559776966;6.332489;-6.4031067;4.324005
a;68897579918567;6.3688965;-6.119812;4.0654907
a;68897600060169;6.4417114;-6.390503;4.1217346
a;68897620201770;6.356262;-6.1636505;4.269058
a;68897640343372;6.3479767;-6.1581116;4.279312
a;68897660484974;6.352417;-6.3015747;4.421753
a;68897680626575;6.322769;-5.9747467;4.424286
a;68897700768177;6.427536;-6.0393524;4.1682587
a;68897720909778;6.4976807;-6.3087463;4.1699066
a;68897741051380;6.461136;-6.3253937;4.3605804
a;68897761192981;6.3894043;-6.199539;4.458206
a;68897781334583;6.356186;-6.0664063;4.3938446
a;68897801476185;6.395752;-6.001053;4.396927
a;68897821617786;6.4221497;-6.0630035;4.391342
a;68897841759388;6.4447327;-6.264282;4.3798676
a;68897861900989;6.4454803;-6.26799;4.435608
a;68897882042591;6.395569;-6.3940277;4.383133
a;68897902184192;6.330368;-6.1521454;4.537628
a;68897922325794;6.347595;-5.8383026;4.4313507
a;68897942467395;6.3702087;-5.987091;4.25618
a;68897962608997;6.32959;-6.020569;4.359726
a;68897982750599;6.3206024;-6.2075043;4.5560913
a;68898002892200;6.41156;-6.2210083;4.539551
a;68898023033802;6.432907;-6.1384277;4.531128
a;68898043175403;6.448105;-6.0716705;4.4641876
a;68898063317005;6.4925385;-6.0131836;4.406372
a;68898083458606;6.52919;-5.998749;4.4488373
a;68898103600208;6.4890747;-6.0431366;4.3838654
a;68898123741810;6.430298;-6.0335693;4.4217834
a;68898143883411;6.4532013;-6.0434265;4.4832306
a;68898164025013;6.430725;-5.967804;4.4263306
a;68898184166614;6.4105225;-5.917404;4.3158264
a;68898204308216;6.411255;-5.9823303;4.362503
a;68898224449817;6.447464;-6.007126;4.4580536
a;68898244591419;6.433197;-5.801132;4.488327
a;68898264733020;6.453369;-5.808838;4.322876
a;68898284874622;6.4922028;-5.9480286;4.3945465
a;68898305016224;6.5047913;-5.9575043;4.541275
a;68898325157825;6.4831085;-5.840164;4.362961
a;68898345299427;6.5764923;-5.982483;4.22612
a;68898365441028;6.5287476;-5.986664;4.3896637
a;68898385582630;6.5233307;-5.7489014;4.470581
a;68898405724231;6.580658;-6.010895;4.472458
a;68898425865833;6.4732056;-5.897629;4.593033
a;68898446007435;6.4825134;-5.9620056;4.3955383
a;68898466149036;6.465805;-5.892029;4.337433
a;68898486290638;6.474594;-6.1845093;4.4381104
a;68898506432239;6.465317;-5.9813538;4.515274
a;68898526573841;6.4471436;-5.909897;4.5568237
a;68898546715442;6.450989;-5.836487;4.5792236
a;68898566857044;6.559906;-5.7760925;4.5546265
a;68898586998645;6.6454315;-6.078476;4.488785
a;68898607140247;6.62294;-6.011627;4.4678345
a;68898627281849;6.6528015;-5.712372;4.4205475
a;68898647423450;6.6360016;-5.8526764;4.4803467
a;68898667565052;6.745743;-5.7819366;4.6042023
a;68898687706653;6.764847;-5.876648;4.612625
a;68898707848255;6.68309;-6.097397;4.467453
a;68898727989856;6.6191864;-5.865082;4.3280334
a;68898748131458;6.7373657;-5.754318;4.2137756
a;68898768273060;6.704544;-5.652725;4.32193
a;68898788414661;6.7398834;-5.6383057;4.6591034
a;68898808556263;6.791809;-5.8203735;4.593155
a;68898828697864;6.756317;-5.8858643;4.6635895
a;68898848839466;6.6679077;-6.074951;4.6199036
a;68898868981067;6.7048035;-6.0627747;4.66539
a;68898889122669;6.745819;-5.8379517;4.7584686
a;68898909264270;6.736252;-5.782089;4.8469696
a;68898929405872;6.6405945;-5.9429474;4.78981
a;68898949547474;6.781433;-6.219696;4.6673584
a;68898969689075;6.82106;-6.4770813;4.650894
a;68898989830677;6.8292236;-6.376404;4.8918304
a;68899009972278;6.6918335;-5.8026733;5.262451
a;68899030113880;6.326935;-5.6082764;5.632263
a;68899050255481;6.342743;-5.152832;5.3025513
a;68899070397083;6.39299;-5.477295;4.577072
a;68899090538685;6.7517395;-5.7623596;4.5848846
a;68899110680286;6.8084717;-4.8914795;5.2044525
a;68899130821888;6.532791;-4.595642;5.6138153
a;68899150963489;6.5036316;-4.326126;5.7255096
a;68899171105091;6.5451355;-4.526642;5.617096
a;68899191246692;6.6581573;-4.6115875;5.08313
a;68899211388294;6.809311;-5.320236;5.330475
a;68899231529895;7.188095;-5.2284546;5.9308777
a;68899251671497;6.73172;-3.588684;6.0095673
a;68899271813099;6.2781677;-2.9019623;4.9823914
a;68899291954700;6.474945;-3.6679382;4.0854034
a;68899312096302;6.654129;-4.51062;4.5121765
a;68899332237903;7.116638;-3.3006897;4.923477
a;68899352379505;7.5760956;-1.9393768;4.3664246
a;68899372521106;7.824829;-1.6190796;3.857544
a;68899392662708;7.693817;-1.0326843;4.1362457
a;68899412804310;7.61409;-0.25823975;4.5923615
a;68899432945911;8.150986;0.62705994;4.4834595
a;68899453087513;8.230789;0.7736969;3.9488068
a;68899473229114;7.6960907;1.2149963;3.4184418
a;68899493370716;7.4604797;1.0912781;2.878418
a;68899513512317;7.5017548;0.7970886;2.8939972
a;68899533653919;8.035858;0.8134155;3.3357544
a;68899553795520;8.455597;1.3744812;3.152588
a;68899573937122;8.410339;1.5004578;2.6539917
a;68899594078724;7.7138367;-0.041549683;2.0883484
a;68899614220325;7.0158844;-2.3465729;1.9023438
a;68899634361927;7.613266;-2.2479553;2.3222198
a;68899654503528;7.8695526;-2.4496613;2.5862122
a;68899674645130;7.1778564;-2.6383362;2.6394806
a;68899694786731;6.504547;-2.0410461;3.6369934
a;68899714928333;6.8401337;-2.2076416;4.3247375
a;68899735069935;7.7798615;-3.0366974;4.5962677
a;68899755211536;8.985214;-4.151703;5.075531
a;68899775353138;9.038208;-4.2355957;5.8457336
a;68899795494739;8.479507;-4.3845367;5.7228394
a;68899815636341;9.384308;-6.5380554;5.5694885
a;68899835777942;9.345779;-4.8489685;6.045685
a;68899855919544;9.640793;-4.9338226;5.703064
a;68899876061145;9.525269;-6.4079437;5.1939087
a;68899896202747;9.551758;-6.5595703;5.7075195
a;68899916344349;9.566345;-5.794113;5.6322784
a;68899936485950;9.214981;-4.756119;4.9988403
a;68899956627552;9.200729;-5.0062866;4.8892517
a;68899976769153;8.388046;-5.5983276;4.6522064
a;68899996910755;8.019714;-4.458832;4.567917
a;68900017052356;8.091583;-4.5370026;4.236786
a;68900037193958;7.890869;-4.5194855;4.039154
a;68900057335560;7.787506;-4.583481;4.0142517
a;68900077477161;7.5323486;-5.3079224;4.097931
a;68900097618763;7.4554596;-4.817978;4.2490997
a;68900117760364;7.584564;-4.191223;3.4333344
a;68900137901966;7.5742645;-3.506363;3.546524
a;68900158043567;7.506302;-4.4247894;3.9870148
a;68900178185169;7.273773;-4.264328;4.4698334
a;68900198326770;7.320389;-4.1333313;4.402298
a;68900218468372;7.38443;-3.6958008;3.843872
a;68900238609974;7.5846863;-3.5613403;3.2157135
a;68900258751575;7.6138;-4.56691;3.3635101
a;68900278893177;7.5607452;-4.261795;3.70784
a;68900299034778;7.562866;-4.0701294;3.4982147
a;68900319176380;7.708206;-3.7186584;3.2166748
a;68900339317981;8.026993;-3.1736298;3.2655792
a;68900359459583;8.112579;-3.2962952;3.4393768
a;68900379601185;7.941269;-3.7519836;3.9761047
a;68900399742786;7.9611053;-3.7050476;4.1522827
a;68900419884388;8.181961;-3.2367554;3.8947296
a;68900440025989;9.272873;-2.2523193;3.2005005
a;68900460167591;9.330765;-4.6662903;4.768631
a;68900480309192;8.959763;-5.342392;5.292877
a;68900500450794;8.709961;-3.5718842;5.5054016
a;68900520592395;8.798492;-4.202347;4.724365
a;68900540733997;8.485794;-3.4000244;4.5115967
a;68900560875599;8.33728;-2.9848328;4.339752
a;68900581017200;8.450317;-3.1657562;4.435562
a;68900601158802;8.474319;-3.4352417;4.0530396
a;68900621300403;9.14386;-3.030243;3.752945
a;68900641442005;9.554047;-2.6466827;4.2611847
a;68900661583606;9.941238;-2.7615051;4.5006104
a;68900681725208;10.068115;-2.964386;4.214981
a;68900701866810;10.193787;-3.20047;4.151123
a;68900722008411;10.123337;-3.0155945;4.3431244
a;68900742150013;10.0620575;-2.7543182;4.3453064
a;68900762291614;10.0271;-2.4232483;4.4817505
a;68900782433216;10.124695;-2.5819397;4.354767
a;68900802574817;10.290131;-2.7366486;4.522644
a;68900822716419;10.261902;-3.0542297;4.241379
a;68900842858020;10.398376;-3.5438385;3.7266388
a;68900862999622;10.814362;-3.3742065;3.346695
a;68900883141224;10.826019;-2.454834;3.1725311
a;68900903282825;10.523819;-3.221344;3.268158
a;68900923424427;9.78743;-3.6741943;3.6188507
a;68900943566028;9.693817;-3.799057;3.4326324
a;68900963707630;9.234497;-3.945938;2.6585846
a;68900983849231;9.044662;-3.5673523;2.6695251
a;68901003990833;7.4810333;-4.1501465;3.606842
a;68901024132435;6.0454865;-4.9729156;3.9696198
a;68901044274036;5.173767;-4.2789764;3.1022034
a;68901064415638;5.4059906;-3.572052;1.9421234
a;68901084557239;5.155945;-4.1854553;1.8057404
a;68901104698841;4.508789;-4.015045;2.4938507
a;68901124840442;4.1709137;-3.1016388;2.6956024
a;68901144982044;4.231781;-4.9774323;3.0130005
a;68901165123645;4.2901154;-4.896698;3.382309
a;68901185265247;4.892227;-3.3428345;3.2490997
a;68901205406849;5.7126617;-4.108963;3.901703
a;68901225548450;6.3398743;-4.8744965;5.025482
a;68901245690052;6.330185;-5.0566864;5.8913116
a;68901265831653;6.358673;-4.8981323;5.7068024
a;68901285973255;6.249832;-4.041733;5.2495575
a;68901306114856;6.3827667;-3.8587341;5.7750854
a;68901326256458;6.810669;-4.4270325;6.7256927
a;68901346398060;7.1172333;-3.9393616;6.8677063
a;68901366539661;7.2465973;-3.4320068;6.0516663
a;68901386681263;7.304016;-3.0893402;5.5918274
a;68901406822864;7.7187347;-2.680725;5.2977448
a;68901426964466;7.5473022;-1.7555237;5.056061
a;68901447106067;7.8240967;-2.1038666;4.7409973
a;68901467247669;8.226654;-2.6528625;4.329834
a;68901487389270;8.411011;-2.9286041;3.8067932
a;68901507530872;8.89621;-3.065857;3.9724884
a;68901527672474;9.325104;-2.5736084;4.0631714
a;68901547814075;9.674866;-2.135727;4.1006927
a;68901567955677;10.07254;-2.2638855;3.8284607
a;68901588097278;9.92009;-2.454605;3.3569946
a;68901608238880;9.87294;-2.615738;2.6663818
a;68901628380481;9.925201;-2.0346527;2.7790375
a;68901648522083;9.868134;-2.8650055;2.9436035
a;68901668663685;9.829788;-3.200592;2.9934845
a;68901688805286;9.54715;-2.8370209;2.783081
a;68901708946888;9.030029;-2.8187714;2.317566
a;68901729088489;8.843277;-2.5513763;2.207779
a;68901749230091;8.846497;-1.8526154;1.7766266
a;68901769371692;9.048508;-2.3375244;1.7312775
a;68901789513294;9.382492;-2.3770294;1.4641113
a;68901809654895;9.364014;-2.6761017;1.3870087
a;68901829796497;9.58493;-2.2332458;1.8869019
a;68901849938099;9.990128;-2.3092957;2.4033813
a;68901870079700;9.943909;-2.713501;2.620575
a;68901890221302;9.928818;-2.6641083;2.244217
a;68901910362903;9.650452;-2.6517944;1.5660095
a;68901930504505;9.584442;-2.2275238;1.6291199
a;68901950646106;9.966934;-1.7609711;2.027893
a;68901970787708;9.836121;-1.0928802;1.9547882
a;68901990929310;9.746796;-1.3527374;1.9473114
a;68902011070911;10.513351;-1.6570282;1.8414459
a;68902031212513;10.597183;-1.6543427;1.7234955
a;68902051354114;10.21492;-0.8823395;1.9748688
a;68902071495716;10.071121;-1.0420074;1.7305298
a;68902091637317;10.402847;-1.2481384;1.1123657
a;68902111778919;10.252731;-0.948349;0.9272156
a;68902131920520;10.020798;-1.0136261;0.93185425
a;68902152062122;10.064621;-1.2991028;1.2545013
a;68902172203724;9.650497;-1.2377777;1.2377319
a;68902192345325;9.292496;-1.0901794;1.1379547
a;68902212486927;9.050461;-1.2120361;1.2138977
a;68902232628528;8.416306;-0.70529175;1.6140289
a;68902252770130;8.034256;-0.34994507;1.8516693
a;68902272911731;8.220154;-0.7742462;1.8808289
a;68902293053333;8.281113;-0.7565155;1.7047577
a;68902313194935;8.421555;-0.71850586;0.8134613
a;68902333336536;8.994843;-0.2285614;0.86213684
a;68902353478138;9.917725;-1.427597;3.4618683
a;68902373619739;9.084961;-2.499405;3.2458801
a;68902393761341;8.914001;-1.8451233;2.6855164
a;68902413902942;8.433609;-1.4063721;2.3638153
a;68902434044544;8.547852;-1.4070435;2.351059
a;68902454186145;8.801102;-1.9928894;2.3581238
a;68902474327747;9.573227;-1.1186829;1.5623932
a;68902494469349;10.185837;-1.4360046;1.150528
a;68902514610950;11.10997;-3.121292;1.7077789
a;68902534752552;11.450348;-3.1285553;2.0648956
a;68902554894153;10.581879;-1.3317261;1.532196
a;68902575035755;11.271957;-0.71040344;0.074523926
a;68902595177356;11.172714;-0.75608826;0.6318817
a;68902615318958;9.594711;-2.5605927;-0.53704834
a;68902635460560;10.463013;-4.8868256;-1.1338196
a;68902655602161;10.30719;-1.6323395;-0.44041443
a;68902675743763;9.272217;-3.1303864;-1.2218628
a;68902695885364;8.556885;-1.1724548;-0.68437195
a;68902716026966;7.6579895;6.2098236;2.2310638
a;68902736168567;8.530609;1.2715607;2.086502
a;68902756310169;10.166077;-3.3038177;0.8181305
a;68902776451770;9.440781;-1.6784668;0.69815063
a;68902796593372;8.6635895;-2.102066;0.060058594
a;68902816734974;9.450851;-2.3781128;-0.8718872
a;68902836876575;8.8988495;-2.8455353;-2.4775696
a;68902857018177;9.224365;-4.1254883;-2.2994995
a;68902877159778;9.6501465;-4.0748596;-1.6630554
a;68902897301380;9.5182495;-3.1511383;-1.1370239
a;68902917442981;9.800537;-2.0488129;-0.7110443
a;68902937584583;10.577515;-2.2184296;0.06021118
a;68902957726185;10.5577545;-2.2761536;0.4520874
a;68902977867786;10.279297;-2.959076;0.23753357
a;68902998009388;10.154343;-2.315857;-0.11755371
a;68903018150989;10.444031;-1.8961945;-0.4707489
a;68903038292591;10.466064;-1.1281891;-0.5983887
a;68903058434192;10.535431;-0.8328552;-0.13009644
a;68903078575794;10.662003;-3.1020203;-1.0754242
a;68903098717395;9.346542;-3.3524933;-2.8553925
a;68903118858997;8.571747;-0.008987427;-1.9944916
a;68903139000599;9.070908;0.5322571;-0.7434387
a;68903159142200;9.974564;0.5952759;0.6604309
a;68903179283802;9.382584;0.2962036;0.5429077
a;68903199425403;8.134079;-0.08200073;-0.49015808
a;68903219567005;8.572952;-1.0525055;-1.1535645
a;68903239708606;9.817413;-2.5241394;-1.3374481
a;68903259850208;8.91954;-2.2935638;-1.1147308
a;68903279991810;8.493637;-2.1608734;-1.8219147
a;68903300133411;10.503464;-6.3774567;-2.3083038
a;68903320275013;10.914093;-4.6127167;-1.0627441
a;68903340416614;9.3541565;-2.0245209;0.19155884
a;68903360558216;9.946487;-2.4961853;0.31079102
a;68903380699817;9.9631195;-1.5446472;1.2914429
a;68903400841419;9.507874;-1.1859436;1.8390961
a;68903420983020;10.19487;-1.8299866;1.5768585
a;68903441124622;10.177109;-2.1670685;-0.2020874
a;68903461266224;9.563629;-2.6605072;-1.4274597
a;68903481407825;9.668518;-2.5131073;-1.3704224
a;68903501549427;9.466782;-2.5352783;-1.5159302
a;68903521691028;9.057953;-1.7457123;-1.0113983
a;68903541832630;8.929916;-1.5351715;-0.7816162
a;68903561974231;8.800781;-2.1331635;-1.5903931
a;68903582115833;8.780197;-1.9951477;-1.8882446
a;68903602257435;8.777252;-1.1437683;-1.079361
a;68903622399036;9.231583;-2.117691;-0.8066864
a;68903642540638;9.531189;-2.8360138;-0.8530426
a;68903662682239;9.450104;-2.1949158;-0.16270447
a;68903682823841;9.0907135;-1.8218079;-0.1157074
a;68903702965442;8.893356;-2.0289001;-0.25628662
a;68903723107044;9.379211;-3.1523132;-0.9501648
a;68903743248645;10.819626;-4.405472;-0.5476837
a;68903763390247;10.346832;-3.655014;-0.103500366
a;68903783531849;9.837372;-2.51297;0.651001
a;68903803673450;10.000992;-2.5985413;1.0467072
a;68903823815052;9.986282;-2.7014008;1.3338013
a;68903843956653;10.01152;-1.7807465;1.4180908
a;68903864098255;10.115112;-1.0935364;1.3452148
a;68903884239856;10.108353;-1.5593414;1.1243744
a;68903904381458;9.852158;-1.2329865;1.0739594
a;68903924523060;9.526611;3.2043457E-4;1.3663483
a;68903944664661;9.5542755;-1.0878143;0.5776825
a;68903964806263;8.842133;-1.2828064;-0.28547668
a;68903984947864;9.244034;-1.9909058;-0.64234924
a;68904005089466;9.182907;-2.018219;-0.45941162
a;68904025231067;9.255585;-2.1977844;-0.99046326
a;68904045372669;9.648636;-2.991928;-0.83703613
a;68904065514270;9.836136;-1.696518;0.0705719
a;68904085655872;9.761139;-2.3645935;0.3083496
a;68904105797474;9.005188;-0.6736145;0.7108612
a;68904125939075;8.973633;-0.23841858;1.0623779
a;68904146080677;9.229752;-1.241272;1.2132568
a;68904166222278;8.968094;-0.74038696;2.324768
a;68904186363880;8.986038;-1.3184357;2.4371338
a;68904206505481;9.182144;-1.4959564;2.493805
a;68904226647083;9.0555725;-2.1212006;2.5157166
a;68904246788685;9.19809;-1.8180084;2.2613068
a;68904266930286;9.56395;-2.456421;2.0508423
a;68904287071888;9.888687;-2.5149689;1.415268
a;68904307213489;10.272842;-2.416092;0.717865
a;68904327355091;10.30545;-3.2358093;-0.603302
a;68904347496692;10.565063;-3.0557556;0.38102722
a;68904367638294;9.685196;-1.3551788;1.3616486
a;68904387779895;9.282211;-1.8542328;0.42503357
a;68904407921497;10.33168;-1.3040161;1.4195404
a;68904428063099;9.599319;-2.27359;1.2001495
a;68904448204700;9.518219;-2.7716827;0.8043976
a;68904468346302;9.604996;-1.2278748;1.2540741
a;68904488487903;9.121765;-1.5301208;1.1700897
a;68904508629505;9.472565;-1.6911163;1.5546875
a;68904528771106;9.45491;-1.671463;1.7164917
a;68904548912708;8.886826;-1.5486145;1.5724487
a;68904569054310;8.890121;-1.4946594;1.5138702
a;68904589195911;9.043564;-1.9386902;1.2693787
a;68904609337513;9.070755;-1.9612427;1.2220459
a;68904629479114;9.015915;-1.6144562;1.2962341
a;68904649620716;8.988373;-1.5385895;1.1808319
a;68904669762317;9.000595;-1.6440887;1.1453705
a;68904689903919;9.133896;-1.7206726;1.2099152
a;68904710045520;9.34198;-1.9854279;1.2123718
a;68904730187122;9.343765;-1.7406616;1.3024902
a;68904750328724;9.396286;-1.55719;1.5561829
a;68904770470325;9.502853;-1.7893677;1.3916168
a;68904790611927;9.425842;-1.7579498;1.3063354
a;68904810753528;9.546082;-1.8630219;1.2026062
a;68904830895130;9.684494;-1.9959259;1.2299194
a;68904851036731;9.73558;-1.9989777;1.2769318
a;68904871178333;9.752457;-2.1239014;1.3213806
a;68904891319935;9.811081;-2.4733276;1.2706146
a;68904911461536;10.031845;-2.9865875;1.2754211
a;68904931603138;10.014206;-2.9183655;1.6286621
a;68904951744739;10.075562;-2.9842987;1.8925934
a;68904971886341;10.028671;-3.4605255;2.0375977
a;68904992027942;10.148041;-4.327957;1.4944916
a;68905012169544;10.5863495;-4.8224792;1.5431061
a;68905032311145;10.821014;-4.940918;1.6380615
a;68905052452747;10.958145;-5.408386;1.6160889
a;68905072594349;10.997894;-5.333191;1.5548859
a;68905092735950;10.913605;-5.550293;1.5024872
a;68905112877552;11.105911;-6.305191;1.602356
a;68905133019153;11.026993;-5.7903595;2.0685883
a;68905153160755;10.8694;-5.760315;2.3332672
a;68905173302356;10.839661;-5.140503;2.633316
a;68905193443958;10.467987;-4.5744324;3.130005
a;68905213585560;10.186356;-4.4474792;3.1911316
a;68905233727161;9.835007;-4.4281464;3.3985138
a;68905253868763;9.760971;-4.2884674;3.6968842
a;68905274010364;9.48761;-3.042221;3.9878693
a;68905294151966;8.579514;-1.9413147;4.695877
a;68905314293567;8.334335;-1.8710022;4.9346466
a;68905334435169;8.137665;-2.089203;4.9208527
a;68905354576770;7.5851135;-1.5754852;5.024002
a;68905374718372;6.784485;-0.64720154;5.7562866
a;68905394859974;6.603256;-0.8952637;6.2225647
a;68905415001575;6.475708;-1.3154144;5.966873
a;68905435143177;5.8475037;-1.1213531;6.1822205
a;68905455284778;5.5500183;-0.77420044;6.5687866
a;68905475426380;5.028595;-0.16569519;6.6184387
a;68905495567981;4.5289154;-0.054977417;6.7522736
a;68905515709583;4.0856323;-0.5799408;6.367691
a;68905535851185;3.8058014;-0.8882599;6.306137
a;68905555992786;3.757553;-0.53486633;7.239044
a;68905576134388;3.6296844;0.16705322;7.625641
a;68905596275989;3.2989044;0.3477478;7.5448914
a;68905616417591;3.072342;0.19506836;7.0991364
a;68905636559192;2.9690552;-0.13652039;6.89682
a;68905656700794;3.00148;-0.2906494;7.1500854
a;68905676842395;2.9194336;-0.07841492;7.555481
a;68905696983997;2.8509827;0.22383118;7.967987
a;68905717125599;2.7738037;0.447937;8.049438
a;68905737267200;2.5331879;0.38015747;7.8934784
a;68905757408802;2.621994;-0.18330383;7.882431
a;68905777550403;2.9120636;-0.23577881;8.08168
a;68905797692005;2.863678;0.12982178;8.492813
a;68905817833606;2.8064728;0.09829712;8.705627
a;68905837975208;2.9854736;-0.3062744;8.95639
a;68905858116810;3.1312714;-0.68466187;9.045441
a;68905878258411;3.0556793;-0.60717773;9.012863
a;68905898400013;2.6921387;-0.43099976;8.982468
