a;94883432973844;-2.4507446;1.9213104;9.610611
a;94883453115445;-0.5695648;1.6526184;9.798843
a;94883473257047;-1.4982452;1.3775787;10.091293
a;94883493398649;-1.5534668;0.9459076;10.055756
a;94883513540250;-1.3129425;1.3993073;10.147491
a;94883533681852;-1.4701996;1.5375519;9.985687
a;94883553823453;-1.3765869;1.6183777;9.899811
a;94883573965055;-1.1249084;1.680191;10.131439
a;94883594106656;-1.1211548;1.5408478;10.231934
a;94883614248258;-1.0989838;1.6653137;10.244125
a;94883634389860;-0.94137573;1.7286072;10.3181305
a;94883654531461;-0.8310089;1.6819916;10.525803
a;94883674673063;-1.084549;1.8037262;11.036743
a;94883694814664;-1.1801147;1.6455231;11.589569
a;94883714956266;-1.4238892;1.7890778;11.351669
a;94883735097867;-1.4701233;1.9257202;11.364151
a;94883755239469;-1.4909668;1.0157928;12.248291
a;94883775381070;-1.0338287;0.29771423;12.622772
a;94883795522672;-1.1427155;-0.34695435;12.350662
a;94883815664274;-0.8046875;-1.6520844;11.444138
a;94883835805875;0.25572205;-4.303726;8.766861
a;94883855947477;1.4416351;-6.7606506;6.878525
a;94883876089078;2.179535;-7.6268463;6.218506
a;94883896230680;3.0572052;-7.839035;5.7912445
a;94883916372281;3.8278809;-6.5327454;5.4647217
a;94883936513883;4.2684326;-6.3919373;4.951462
a;94883956655485;4.754318;-5.919525;5.188751
a;94883976797086;4.938568;-4.550598;5.0558167
a;94883996938688;4.910858;-3.1941833;5.363037
a;94884017080289;4.9102783;-2.025177;6.068039
a;94884037221891;4.5614166;-1.4977722;6.8649597
a;94884057363492;4.023636;-1.6974335;7.527878
a;94884077505094;3.8455658;-1.7772217;8.3004
a;94884097646695;4.1530914;-0.8497467;9.251526
a;94884117788297;4.227722;-0.3153534;9.393204
a;94884137929899;3.6667786;-0.19236755;8.859985
a;94884158071500;3.1991577;-0.23086548;9.227509
a;94884178213102;3.3587036;-0.62698364;9.674591
a;94884198354703;3.3061523;-0.5749817;9.825302
a;94884218496305;3.2795563;-1.2069397;9.639206
a;94884238637906;3.2089386;-1.5563202;9.68483
a;94884258779508;3.4237823;-1.2761688;9.694656
a;94884278921110;3.671463;-1.4903259;9.5677185
a;94884299062711;3.6396484;-2.014206;9.234116
a;94884319204313;3.4559479;-2.4460754;8.952286
a;94884339345914;3.1733856;-2.3200226;9.05426
a;94884359487516;3.4162598;-2.157135;9.272491
a;94884379629117;3.5465698;-1.9256592;9.350754
a;94884399770719;3.5224762;-1.8245697;9.318558
a;94884419912320;3.3885498;-1.8856049;9.574844
a;94884440053922;3.5642853;-1.9698944;9.412888
a;94884460195524;3.4561768;-1.5052032;9.250702
a;94884480337125;3.4684753;-1.0838318;9.372742
a;94884500478727;3.4544525;-1.3592224;9.238083
a;94884520620328;3.2911224;-1.6820679;9.088684
a;94884540761930;3.3605194;-1.6157532;8.859268
a;94884560903531;3.5264893;-1.1375732;9.161652
a;94884581045133;3.5509338;-0.5970764;9.31485
a;94884601186735;3.0728912;-0.9694977;9.177963
a;94884621328336;2.854126;-1.4313049;9.085434
a;94884641469938;2.8681335;-1.8815155;9.3263855
a;94884661611539;2.604004;-1.8512726;9.226181
a;94884681753141;2.4997864;-1.4559937;9.620224
a;94884701894742;2.3780365;-1.672409;10.26944
a;94884722036344;3.1480255;-1.0188141;10.751099
a;94884742177945;2.886322;-0.8935547;10.188721
a;94884762319547;2.3895874;-0.90600586;9.632797
a;94884782461149;2.4504547;-1.0378418;8.967789
a;94884802602750;2.5397034;-0.9734192;9.143478
a;94884822744352;2.1127777;-0.7667999;9.477478
a;94884842885953;1.8572235;0.10072327;9.767471
a;94884863027555;2.0615845;-0.3357544;10.592346
a;94884883169156;2.0910187;-0.9360962;11.365219
a;94884903310758;2.6552277;-0.4802246;11.251358
a;94884923452360;2.8494568;-0.67910767;10.208191
a;94884943593961;2.882553;-0.64697266;9.296692
a;94884963735563;2.980362;-0.888031;8.829926
a;94884983877164;3.2288666;-1.2146759;8.4756775
a;94885004018766;3.434143;-0.8434601;7.775543
a;94885024160367;3.5427246;-0.46107483;7.171295
a;94885044301969;3.6326294;-0.40916443;6.3258667
a;94885064443570;3.577652;-0.12062073;6.0309906
a;94885084585172;3.2095337;-0.24433899;5.729431
a;94885104726774;3.0424957;-0.9358063;6.1548615
a;94885124868375;3.189331;-0.41438293;6.032593
a;94885145009977;2.7929688;-0.044448853;5.4000244
a;94885165151578;2.309906;0.45129395;4.0303955
a;94885185293180;1.8408508;0.39219666;2.8147736
a;94885205434781;1.1073151;-0.2119751;2.651352
a;94885225576383;0.16625977;-2.9539032;3.941452
a;94885245717985;-0.6734619;-4.282379;3.5345612
a;94885265859586;-1.1423645;-3.7403107;3.248581
a;94885286001188;-2.0749207;-5.402359;3.806305
a;94885306142789;-2.8331146;-8.021896;4.7105103
a;94885326284391;-3.3508148;-9.690323;5.3927155
a;94885346425992;-3.8854828;-9.054977;4.943802
a;94885366567594;-4.756775;-7.5684814;4.349243
a;94885386709195;-6.5000763;-8.034164;2.560318
a;94885406850797;-8.08783;-7.3070526;-0.36035156
a;94885426992399;-8.468643;-6.1147766;-1.7456207
a;94885447134000;-9.630554;-5.816025;-2.2269745
a;94885467275602;-12.588608;-7.610565;-2.7978363
a;94885487417203;-15.79808;-6.718933;-3.284317
a;94885507558805;-16.454453;-5.419327;-3.7106628
a;94885527700406;-17.926666;-6.6655426;-4.745987
a;94885547842008;-19.378098;-7.9712524;-4.9773254
a;94885567983610;-18.596954;-8.804153;-4.090378
a;94885588125211;-16.582016;-9.544617;-3.6319427
a;94885608266813;-14.148407;-9.550491;-3.3703766
a;94885628408414;-12.09494;-7.461624;-2.5730438
a;94885648550016;-11.01265;-4.4068756;-2.066101
a;94885668691617;-10.395554;-1.0741425;-1.4516296
a;94885688833219;-9.804977;0.98902893;-0.61517334
a;94885708974820;-9.462845;1.6312408;0.553421
a;94885729116422;-9.422134;1.382019;0.9722748
a;94885749258024;-9.18782;0.77568054;0.1493988
a;94885769399625;-9.059067;-0.40707397;-0.7950897
a;94885789541227;-9.194153;-1.9147186;-1.4889984
a;94885809682828;-9.872971;-3.8240662;-1.9248047
a;94885829824430;-10.134506;-6.2401123;-3.293808
a;94885849966031;-10.411652;-8.538773;-4.7167816
a;94885870107633;-11.418533;-9.426819;-4.6043854
a;94885890249235;-10.878113;-9.130722;-2.419815
a;94885910390836;-11.279846;-8.543655;-1.2813873
a;94885930532438;-13.60083;-9.866241;-1.7141418
a;94885950674039;-14.452408;-10.740463;-2.2117615
a;94885970815641;-14.6349945;-10.665009;-2.3404083
a;94885990957242;-13.598343;-10.761581;-2.2679443
a;94886011098844;-13.103516;-11.230698;-2.0697937
a;94886031240445;-12.978973;-12.659225;-1.503128
a;94886051382047;-12.035126;-12.918945;-1.94104
a;94886071523649;-10.637787;-11.56871;-2.1418762
a;94886091665250;-9.406555;-10.756348;-0.57196045
a;94886111806852;-7.507141;-8.2482605;1.1464233
a;94886131948453;-5.7113037;-4.8658752;2.2087402
a;94886152090055;-4.2980347;-1.5869751;3.1976013
a;94886172231656;-2.8338165;2.816986;3.270172
a;94886192373258;-1.1177826;7.7814484;2.1542206
a;94886212514860;-1.0140533;7.356003;1.3481598
a;94886232656461;-1.7722626;6.314911;0.047943115
a;94886252798063;-1.6339417;7.208908;-0.43981934
a;94886272939664;-1.5339508;5.990158;-0.62771606
a;94886293081266;-2.3903503;3.98497;-0.14372253
a;94886313222867;-3.4201508;1.4034271;0.31736755
a;94886333364469;-5.767853;-5.695572;-2.6302185
a;94886353506070;-9.408051;-14.844498;-4.6928406
a;94886373647672;-11.325134;-19.730698;-7.654312
a;94886393789274;-9.964645;-20.150314;-9.852142
a;94886413930875;-8.691467;-20.150314;-10.303192
a;94886434072477;-5.475876;-20.150314;-7.752014
a;94886454214078;-3.1207886;-20.150314;-5.8376007
a;94886474355680;-2.4123688;-20.150314;-5.0730743
a;94886494497281;-1.668808;-18.393677;-4.185547
a;94886514638883;-1.0861359;-11.718262;-2.0083923
a;94886534780485;-1.250473;-6.306305;-0.6380768
a;94886554922086;-1.5481873;-3.1145172;-0.20489502
a;94886575063688;-2.728424;-0.20910645;0.46505737
a;94886595205289;-3.3950653;5.4371185;0.5911255
a;94886615346891;-2.2775269;10.638565;0.44247437
a;94886635488492;-0.44503784;13.061768;1.5737915
a;94886655630094;-0.68681335;12.5385895;1.039444
a;94886675771695;-1.6377716;10.57843;0.13404846
a;94886695913297;-2.6735382;8.04895;-0.8238373
a;94886716054899;-3.6739197;6.0779877;-1.0541992
a;94886736196500;-5.0091705;3.8390808;-0.81752014
a;94886756338102;-6.23761;1.247345;-1.142456
a;94886776479703;-8.149765;-2.6266785;-2.6542969
a;94886796621305;-10.289612;-8.371933;-5.568985
a;94886816762906;-12.844849;-19.622177;-9.637329
a;94886836904508;-12.081238;-20.150314;-11.050186
a;94886857046110;-9.231644;-20.150314;-11.026474
a;94886877187711;-9.236908;-20.150314;-11.302811
a;94886897329313;-7.6490936;-20.150314;-9.994614
a;94886917470914;-4.272003;-20.150314;-6.0440063
a;94886937612516;-1.91539;-20.150314;-3.9526215
a;94886957754117;-0.49023438;-20.150314;-3.480896
a;94886977895719;-0.20928955;-18.85707;-2.738449
a;94886998037320;-0.6817627;-14.099976;-1.926117
a;94887018178922;-1.166748;-10.961502;-1.6852875
a;94887038320524;-1.6369934;-7.1571655;-1.7218628
a;94887058462125;-1.6027069;-4.2515717;-2.1334229
a;94887078603727;-1.0818329;-2.5211182;-2.0200653
a;94887098745328;-0.46307373;-1.5752563;-1.7992096
a;94887118886930;-0.11784363;-1.6018829;-1.4339142
a;94887139028531;0.017807007;-2.2282867;-0.5567322
a;94887159170133;0.07447815;-2.012619;-0.044509888
a;94887179311735;0.43595886;-0.92941284;0.25254822
a;94887199453336;0.43371582;0.7182617;-0.08312988
a;94887219594938;0.22764587;2.4215546;-0.45214844
a;94887239736539;-0.28146362;2.7892609;-0.12475586
a;94887259878141;-0.7697754;3.5120544;0.6810913
a;94887280019742;-1.352005;4.176941;2.3038635
a;94887300161344;-2.0845184;3.1912994;2.184204
a;94887320302945;-3.3028717;-0.09844971;0.65930176
a;94887340444547;-4.8219757;-2.6587982;-0.81095886
a;94887360586149;-8.285004;-8.065109;-3.8697968
a;94887380727750;-10.725723;-10.604965;-6.0049133
a;94887400869352;-12.9960785;-14.8624115;-6.283554
a;94887421010953;-13.938904;-19.624924;-6.1824646
a;94887441152555;-13.359436;-20.138458;-7.1240845
a;94887461294156;-13.473633;-20.035568;-8.266907
a;94887481435758;-11.947845;-19.219131;-6.657593
a;94887501577360;-9.525391;-17.105286;-3.7767181
a;94887521718961;-8.016418;-15.774277;-0.6082306
a;94887541860563;-6.1374664;-13.845596;0.50315857
a;94887562002164;-4.753113;-11.787857;0.37503052
a;94887582143766;-3.791153;-9.254089;0.36547852
a;94887602285367;-3.6036682;-7.2831726;-0.10218811
a;94887622426969;-3.5208588;-6.55571;-0.52638245
a;94887642568570;-3.5629272;-5.900238;-1.0523682
a;94887662710172;-3.9671936;-5.580551;-1.4478912
a;94887682851774;-4.9134674;-4.9611206;-1.8568115
a;94887702993375;-5.9739075;-4.133606;-2.1981354
a;94887723134977;-7.574188;-3.2948456;-2.648697
a;94887743276578;-9.326889;-2.9491272;-2.922821
a;94887763418180;-10.578293;-3.0747833;-3.153946
a;94887783559781;-11.187347;-3.4662323;-3.1418457
a;94887803701383;-11.775558;-3.7451324;-2.9055634
a;94887823842985;-12.041504;-3.780243;-2.4252472
a;94887843984586;-11.960556;-3.5831451;-1.6444092
a;94887864126188;-11.50412;-3.375061;-1.638916
a;94887884267789;-11.17659;-2.700592;-1.9508667
a;94887904409391;-10.958084;-1.4528351;-2.0615845
a;94887924550992;-10.724045;-0.50016785;-1.4921112
a;94887944692594;-10.208191;-0.13336182;-0.8377533
a;94887964834195;-9.941895;-0.7788696;-0.6509247
a;94887984975797;-9.924332;-1.450058;-0.8369751
a;94888005117399;-9.981903;-1.754776;-0.58413696
a;94888025259000;-9.800354;-1.2421265;0.7606659
a;94888045400602;-9.8124695;-1.6996002;0.6051941
a;94888065542203;-10.789322;-3.2098236;0.038391113
a;94888085683805;-10.339447;-4.255142;-0.66152954
a;94888105825406;-9.507446;-4.451462;-1.5433502
a;94888125967008;-9.415848;-3.7001495;-2.2733307
a;94888146108610;-9.624832;-3.1109467;-2.8202667
a;94888166250211;-9.756821;-2.9358215;-2.9271698
a;94888186391813;-9.875092;-2.5933685;-2.7171173
a;94888206533414;-9.5013275;-2.371338;-2.4623108
a;94888226675016;-9.086487;-1.9064484;-2.2723236
a;94888246816617;-8.989761;-1.5388794;-2.4480896
a;94888266958219;-8.991043;-1.273056;-2.535736
a;94888287099820;-8.915543;-1.2106934;-2.5100403
a;94888307241422;-8.834991;-1.3401642;-2.2453003
a;94888327383024;-9.0659485;-1.8961792;-1.7620697
a;94888347524625;-9.202591;-1.9082489;-2.0759277
a;94888367666227;-9.446091;-1.5265503;-2.9341888
a;94888387807828;-9.590988;-1.4334412;-3.3170624
a;94888407949430;-9.214539;-1.5567474;-3.090744
a;94888428091031;-8.870071;-1.5241699;-2.5301056
a;94888448232633;-8.851593;-1.5680695;-1.9216614
a;94888468374235;-8.989212;-1.8351135;-1.2319946
a;94888488515836;-9.18988;-2.1873932;-0.26013184
a;94888508657438;-9.427612;-2.0153198;0.036865234
a;94888528799039;-9.787476;-1.8222351;-0.28373718
a;94888548940641;-9.910049;-2.0481567;-1.2398834
a;94888569082242;-10.263687;-2.347046;-1.9848938
a;94888589223844;-10.075348;-2.2909088;-1.9989471
a;94888609365445;-9.424576;-2.3195496;-1.9636078
a;94888629501165;-9.139893;-2.348297;-2.0196686
a;94888649642767;-9.147385;-2.2182922;-2.081894
a;94888669784368;-9.252426;-2.089859;-2.1338959
a;94888689925970;-9.067139;-1.8346405;-1.9252777
a;94888710067571;-8.915588;-1.940506;-1.9234009
a;94888730209173;-9.011719;-2.259262;-2.0666046
a;94888750350774;-9.182297;-2.4797058;-2.2112885
a;94888770492376;-9.2491;-2.5470123;-2.3516693
a;94888790633978;-9.544601;-2.3212738;-2.7440643
a;94888810775579;-9.765808;-1.9503479;-2.6090088
a;94888830917181;-9.2391815;-1.9640656;-2.3693085
a;94888851058782;-9.305496;-2.375885;-2.1305847
a;94888871200384;-9.478821;-2.7742157;-1.8377838
a;94888891341985;-9.509659;-2.8308105;-1.7110596
a;94888911483587;-10.3459015;-4.113434;-0.26179504
a;94888931625188;-10.890152;-5.2418976;-1.1145935
a;94888951766790;-11.234909;-4.994705;-2.2185822
a;94888971908392;-11.257751;-5.9191895;-2.6875458
a;94888992049993;-11.829071;-7.914566;-2.4276123
a;94889012191595;-11.403458;-8.794357;-1.1851349
a;94889032333196;-11.194809;-8.768585;-1.2521362
a;94889052474798;-11.04924;-9.519211;-1.7668304
a;94889072616399;-10.566772;-9.918579;-2.0682678
a;94889092758001;-9.887207;-10.431;-2.7598114
a;94889112899603;-9.085388;-10.39743;-3.1132202
a;94889133041204;-8.061127;-9.78772;-3.088089
a;94889153182806;-7.3208923;-9.447266;-2.0435028
a;94889173324407;-7.135727;-9.432663;-1.3975525
a;94889193466009;-7.0235596;-9.200439;-1.6916656
a;94889213607610;-6.581314;-9.490952;-1.641037
a;94889233749212;-5.97229;-9.365234;-1.1678619
a;94889253890813;-5.195694;-8.298691;-0.75097656
a;94889274032415;-3.8141632;-7.364975;0.10687256
a;94889294174017;-2.81958;-7.131912;0.46481323
a;94889314315618;-1.832901;-7.260956;0.50961304
a;94889334457220;-1.4144135;-7.33696;1.034195
a;94889354598821;-0.79707336;-7.3967896;1.8080292
a;94889374740423;-0.21002197;-6.772629;1.6774445
a;94889394882024;-0.62120056;-6.750229;1.6752625
a;94889415023626;-1.7647705;-7.471283;0.80584717
a;94889435165228;-2.0753937;-7.537018;1.414505
a;94889455306829;-2.4840546;-5.9141083;3.1204681
a;94889475448431;-3.6128693;-6.527649;3.31839
a;94889495590032;-4.7834015;-7.272171;3.740158
a;94889515731634;-6.2945557;-5.856308;4.842804
a;94889535873235;-6.9971466;-6.6565857;4.857086
a;94889556014837;-5.635681;-7.1203766;4.394745
a;94889576156438;-5.0731506;-7.2020264;4.8483734
a;94889596298040;-4.7797546;-7.3007507;5.0888367
a;94889616439642;-2.9690247;-7.0930176;4.8539124
a;94889636581243;-0.69010925;-7.3421783;5.21933
a;94889656722845;-0.42658997;-7.557495;5.9075623
a;94889676864446;-0.55459595;-7.6947174;6.4378357
a;94889697006048;0.33639526;-8.012009;6.1968536
a;94889717147649;0.83065796;-7.4832916;6.3745575
a;94889737289251;0.024276733;-7.0863647;6.5262756
a;94889757430853;-0.690979;-8.144501;6.909622
a;94889777572454;-1.1164856;-8.081589;7.237442
a;94889797714056;-0.9636383;-7.442383;7.713745
a;94889817855657;-1.1129913;-6.6580963;7.9611664
a;94889837997259;-1.4006805;-7.0637817;7.4503174
a;94889858138860;-0.7672272;-7.0971375;7.097183
a;94889878280462;0.19908142;-6.797226;7.681656
a;94889898422063;0.36306763;-6.812378;8.564636
a;94889918563665;-0.14564514;-6.43779;8.996033
a;94889938705267;-0.1211853;-6.4570007;8.284103
a;94889958846868;0.14259338;-5.6525726;8.107178
a;94889978988470;0.023635864;-4.8550262;8.254578
a;94889999130071;0.0027313232;-4.203781;8.54805
a;94890019271673;-0.38908386;-4.093399;8.647736
a;94890039413274;-0.37051392;-4.3087006;8.904556
a;94890059554876;-0.06425476;-3.081314;9.989365
a;94890079696478;-0.24409485;-2.7016296;10.043655
a;94890099838079;-0.27374268;-2.6353455;9.678207
a;94890119979681;-0.59614563;-1.7350006;8.650528
a;94890140121282;-1.0262451;-1.3446655;8.410797
a;94890160262884;-0.66452026;-1.7369995;9.304413
a;94890180404485;-0.5131836;-1.0192108;10.355331
a;94890200546087;-0.8936157;-0.261734;11.126358
a;94890220687688;-0.97810364;-1.392456;10.655518
a;94890240829290;-0.48817444;-1.0425415;10.596313
a;94890260970892;0.18106079;-2.1694183;9.061386
a;94890281112493;0.35281372;-2.9240265;8.605743
a;94890301254095;0.14463806;-1.8902893;9.76474
a;94890321395696;-0.36886597;-3.2186737;10.28154
a;94890341537298;0.067474365;-2.7578888;10.339355
a;94890361678899;0.38902283;-3.1055145;10.076431
a;94890381820501;0.24053955;-2.933609;10.219849
a;94890401962103;0.17857361;-2.9110413;9.6936035
a;94890422103704;0.3196411;-2.4190063;9.503799
a;94890442245306;0.23484802;-2.5573425;9.614548
a;94890462386907;0.044265747;-3.4684906;9.532272
a;94890482528509;0.09825134;-3.94458;9.397507
a;94890502670110;0.28816223;-2.995926;9.585327
a;94890522811712;0.43727112;-2.8566895;9.3580475
a;94890542953313;0.02885437;-3.5209808;8.967102
a;94890563094915;0.19094849;-3.2362823;9.408142
a;94890583236517;0.47712708;-2.3636322;9.868576
a;94890603378118;0.82354736;-1.2344208;9.792755
a;94890623519720;-0.25697327;-1.1278992;9.405273
a;94890643661321;-1.7675629;-6.6465607;7.75856
a;94890663802923;-1.5809631;-7.661972;7.2628937
a;94890683944524;-0.7132416;-6.803528;7.6319427
a;94890704086126;-0.3829193;-6.7825623;7.484146
a;94890724227728;-0.29133606;-7.230316;7.1773834
a;94890744369329;-0.5048981;-7.7821655;7.0356293
a;94890764510931;-0.7961273;-8.104004;6.527237
a;94890784652532;-1.0648499;-9.062317;5.1433105
a;94890804794134;-0.9517822;-9.989792;4.3568573
a;94890824935735;-1.1134949;-9.771759;4.8853607
a;94890845077337;-1.1497803;-9.004181;5.6124115
a;94890865218938;-0.97406006;-8.945129;5.394745
a;94890885360540;-0.99246216;-8.92009;4.5420074
a;94890905502142;-1.0041962;-9.0849;3.6543732
a;94890925643743;-1.2610931;-8.934937;3.5959625
a;94890945785345;-1.3214569;-9.258759;3.4015503
a;94890965926946;-1.3962708;-10.14389;2.6786041
a;94890986068548;-1.3182983;-10.606186;2.1246033
a;94891006210149;-1.3884277;-10.609146;2.1955261
a;94891026351751;-1.2601624;-10.121216;2.463745
a;94891046493353;-1.2419434;-9.412903;2.0578918
a;94891066634954;-1.5327301;-9.979095;1.181076
a;94891086776556;-1.8253937;-11.163391;0.12260437
a;94891106918157;-1.7495575;-11.793564;0.13645935
a;94891127059759;-1.5533142;-11.122208;0.8232727
a;94891147201360;-1.2853546;-9.854507;1.7137451
a;94891167342962;-1.2610931;-9.586578;1.8258057
a;94891187484563;-1.6453247;-10.347015;1.443222
a;94891207626165;-1.6425781;-10.411331;1.1919098
a;94891227767767;-1.4458618;-10.441055;1.1209564
a;94891247909368;-1.5684204;-10.329681;1.0366211
a;94891268050970;-1.6233673;-10.379166;0.78685
a;94891288192571;-1.4855957;-10.202454;0.661438
a;94891308334173;-1.3728333;-9.945145;0.7714844
a;94891328475774;-1.6997375;-10.407639;0.51130676
a;94891348617376;-1.6953278;-10.451416;0.6352997
a;94891368758978;-1.5081024;-9.860901;1.0461121
a;94891388900579;-1.4357452;-9.960144;0.83021545
a;94891409042181;-1.5657806;-10.252792;0.37660217
a;94891429183782;-1.5106659;-10.19841;0.27915955
a;94891449325384;-1.532074;-10.378098;0.28912354
a;94891469466985;-1.8188171;-10.621246;0.38858032
a;94891489608587;-1.8162384;-10.677017;0.49317932
a;94891509750188;-1.6029358;-10.486191;0.66075134
a;94891529891790;-1.4179077;-9.987701;0.8825836
a;94891550033392;-1.5202942;-9.867249;0.61279297
a;94891570174993;-1.7541046;-10.2655945;-0.05189514
a;94891590316595;-1.7753906;-10.422104;-0.20207214
a;94891610458196;-1.7047882;-10.309479;0.19366455
a;94891630599798;-1.6395416;-10.164871;0.59420776
a;94891650741399;-1.4837799;-10.096527;0.5748596
a;94891670883001;-1.4762421;-10.166153;0.34539795
a;94891691024603;-1.6822052;-10.486069;0.16030884
a;94891711166204;-1.7350769;-10.483475;0.35762024
a;94891731307806;-1.7105103;-10.218964;0.6795349
a;94891751449407;-1.7234802;-10.1284485;0.6543274
a;94891771591009;-1.7611237;-10.203186;0.2986145
a;94891791732610;-1.8073578;-10.308456;0.029205322
a;94891811874212;-1.7666168;-10.377426;-0.029693604
a;94891832015813;-1.7543488;-10.355133;0.10345459
a;94891852157415;-1.7523041;-10.144989;0.26342773
a;94891872299017;-1.7219238;-10.0728;0.37376404
a;94891892440618;-1.7607574;-10.054443;0.40386963
a;94891912582220;-1.7096252;-10.103409;0.445755
a;94891932723821;-1.7570648;-10.33699;0.28227234
a;94891952865423;-1.8536377;-10.473419;0.17962646
a;94891973007024;-1.8391571;-10.366226;0.21029663
a;94891993148626;-1.8648987;-10.264145;0.29655457
a;94892013290228;-1.7659149;-10.005096;0.4020691
a;94892033431829;-1.6420135;-9.846466;0.56521606
a;94892053573431;-1.8157196;-10.380844;-0.041427612
a;94892073715032;-2.1243286;-11.691391;-1.062439
a;94892093856634;-2.204895;-12.335327;-0.7567749
a;94892113998235;-1.3542786;-11.276489;0.065322876
a;94892134139837;-1.1750641;-11.439911;-0.22245789
a;94892154281438;-1.1609497;-10.485992;0.96284485
a;94892174423040;-0.35676575;-7.708252;3.568039
a;94892194564642;-1.0443726;-6.6518097;4.807892
a;94892214706243;-1.7124786;-8.457794;4.2673492
a;94892234847845;-2.076065;-10.642578;2.8243713
a;94892254989446;-1.4696808;-10.834793;3.547409
a;94892275131048;-0.5748596;-8.195541;5.8703766
a;94892295272649;-0.36354065;-7.907181;6.695465
a;94892315414251;-0.38146973;-9.027451;5.88031
a;94892335555853;-0.47505188;-8.3063965;5.9589386
a;94892355697454;-0.641098;-7.2248993;6.4903717
a;94892375839056;-0.77597046;-6.4393005;6.9359436
a;94892395980657;-1.0859222;-6.003647;7.173645
a;94892416122259;-1.1593628;-7.1922607;6.266754
a;94892436263860;-1.0593262;-7.665146;6.7111816
a;94892456405462;-0.70454407;-6.7437134;7.7422485
a;94892476547063;-0.25854492;-6.395035;7.4687805
a;94892496688665;-0.28996277;-6.7801514;7.2813873
a;94892516830267;-0.0670166;-4.3808136;9.922775
a;94892536971868;0.33306885;-3.070984;10.888351
a;94892557113470;-0.0016326904;-4.401291;9.790253
a;94892577255071;-0.15213013;-4.6986237;9.627045
a;94892597396673;0.09690857;-3.7725372;10.041
a;94892617538274;0.049942017;-3.8076172;9.639938
a;94892637679876;0.09901428;-3.2466278;9.601227
a;94892657821478;-0.28912354;-5.081482;8.175613
a;94892677963079;0.015014648;-4.7048035;8.717163
a;94892698104681;0.25949097;-1.7723389;10.277634
a;94892718246282;0.33647156;-1.6603241;10.597412
a;94892738387884;0.11354065;-3.2370453;8.989716
a;94892758529485;-0.23535156;-4.287201;8.10556
a;94892778671087;-0.37794495;-3.327179;8.454742
a;94892798812688;-0.58909607;-3.0054932;8.679764
a;94892818954290;-0.48188782;-2.3076782;9.295013
a;94892839095892;-0.607193;-2.5671997;9.175034
a;94892859237493;-0.8675537;-3.5073853;8.593964
a;94892879379095;-0.84425354;-2.8693085;10.070328
a;94892899520696;-0.7729492;-1.7188263;11.639343
a;94892919662298;-1.2850952;-1.4589539;12.466782
a;94892939803899;-2.1650696;-1.194046;12.045273
a;94892959945501;-3.7204285;-2.6137543;10.931839
a;94892980087103;-4.3022766;-3.056656;8.967346
a;94893000228704;-2.8704834;-2.8153381;5.509659
a;94893020370306;-5.8827667;2.996704;8.283157
a;94893040511907;-4.9698944;6.4056396;9.676285
a;94893060653509;-5.35524;-2.4125214;5.956192
a;94893080795110;-4.5479126;-3.8204346;4.9871063
a;94893100936712;-4.1808014;-2.495041;4.58519
a;94893121078313;-3.9688873;-2.667221;4.3251495
a;94893141219915;-3.1862488;-2.8249664;4.2640076
a;94893161361517;-2.4614105;-2.9797363;4.231613
a;94893181503118;-2.0535889;-3.9301605;4.000519
a;94893201644720;-2.4142303;-4.8752594;3.8875885
a;94893221786321;-3.0063324;-4.626343;3.8795776
a;94893241927923;-3.66568;-4.6495667;4.8354034
a;94893262069524;-5.0461273;-5.238144;4.4797516
a;94893282211126;-8.10701;-8.272385;1.0690918
a;94893302352728;-9.149384;-11.213425;-1.200943
a;94893322494329;-7.418442;-10.209656;-1.096817
a;94893342635931;-6.972168;-7.572586;0.62509155
a;94893362777532;-7.003586;-5.944046;1.4566193
a;94893382919134;-7.3921204;-6.6233826;-0.47273254
a;94893403060735;-7.530243;-6.6789093;-2.6373138
a;94893423202337;-8.013199;-5.695816;-4.575058
a;94893443343938;-8.744629;-5.60141;-5.3722534
a;94893463485540;-9.862045;-7.734543;-5.899582
a;94893483627142;-10.941559;-8.297348;-6.6111298
a;94893503768743;-13.437103;-7.973419;-5.802185
a;94893523910345;-15.948868;-8.124207;-5.855255
a;94893544051946;-15.811539;-9.820465;-4.467987
a;94893564193548;-15.682785;-11.228989;-3.1498718
a;94893584335149;-14.687317;-8.4852295;-2.7660828
a;94893604476751;-10.728577;-3.976822;-2.848587
a;94893624618353;-8.208008;-1.7618103;-2.8419495
a;94893644759954;-8.17778;1.3533325;-1.9350433
a;94893664901556;-8.836105;2.9718933;0.02470398
a;94893685043157;-9.842468;2.9036255;-0.11953735
a;94893705184759;-10.401886;1.6049347;-0.38627625
a;94893725326360;-10.530624;-0.018844604;-0.69129944
a;94893745467962;-10.327438;-1.159668;-1.124939
a;94893765609563;-9.750412;-1.5317078;-1.5172272
a;94893785751165;-9.234253;-1.5323944;-1.8567505
a;94893805892767;-9.298492;-1.5767517;-1.963089
a;94893826034368;-9.336578;-2.055252;-2.1300354
a;94893846175970;-9.338959;-2.2159119;-1.9049225
a;94893866317571;-9.417679;-2.4234314;-1.2593384
a;94893886459173;-9.360931;-2.5053406;-0.87350464
a;94893906600774;-9.3437805;-2.5348053;-0.84147644
a;94893926742376;-9.5416565;-2.481659;-0.67707825
a;94893946883978;-9.789581;-2.4080048;-0.07853699
a;94893967025579;-9.958099;-1.9273071;0.11303711
a;94893987167181;-9.97879;-1.1181335;-0.012435913
a;94894007308782;-10.36705;-0.9390106;0.20584106
a;94894027450384;-10.202713;-1.2722168;0.17857361
a;94894047591985;-10.062744;-1.4125214;-0.025436401
a;94894067733587;-9.634811;-1.0829773;0.1424408
a;94894087875188;-9.202637;-0.8490906;0.0035705566
a;94894108016790;-9.2825775;-0.8255768;-0.08798218
a;94894128158392;-9.10939;-1.2336578;-0.3112793
a;94894148299993;-9.116989;-1.6198425;-0.55882263
a;94894168441595;-9.187592;-1.8539581;-0.73976135
a;94894188583196;-9.1345215;-1.8816528;-0.9464569
a;94894208724798;-9.009888;-1.9434052;-1.0770721
a;94894228866399;-9.0998535;-2.145279;-1.1120453
a;94894249008001;-9.264847;-2.174942;-1.1656342
a;94894269149603;-9.3151245;-2.4002686;-1.3647766
a;94894289291204;-9.355362;-2.4786987;-1.5315399
a;94894309432806;-9.609741;-2.4842224;-1.409195
a;94894329574407;-9.6241455;-2.3841705;-1.3999023
a;94894349716009;-9.622589;-2.4155426;-1.5885315
a;94894369857610;-9.657181;-2.6605377;-1.6465302
a;94894389999212;-9.742172;-2.4861755;-1.5452728
a;94894410140813;-9.782059;-2.5545807;-1.4850311
a;94894430282415;-9.70993;-2.4565582;-1.4155731
a;94894450424017;-9.689148;-2.391922;-1.4079132
a;94894470565618;-9.673355;-2.5332794;-1.3955536
a;94894490707220;-9.662888;-2.6143646;-1.3517151
a;94894510848821;-9.623016;-2.6252136;-1.4776764
a;94894530990423;-9.690033;-2.5498047;-1.5317078
a;94894551132024;-9.651215;-2.435135;-1.437149
a;94894571273626;-9.72702;-2.456833;-1.4112549
a;94894591415228;-9.735748;-2.56073;-1.3960571
a;94894611556829;-9.644012;-2.4879608;-1.4031067
a;94894631698431;-9.761551;-2.4594421;-1.4622955
a;94894651840032;-9.964737;-2.3325043;-1.4386292
a;94894671981634;-9.94519;-2.148178;-1.3784332
a;94894692123235;-9.889008;-2.035843;-1.3381348
a;94894712264837;-9.964951;-2.0430908;-1.2985687
a;94894732406438;-10.06723;-2.0210266;-1.2546692
a;94894752548040;-10.079041;-1.9302216;-1.2052307
a;94894772689642;-9.968872;-1.8891602;-1.3994598
a;94894792831243;-10.113846;-1.9252319;-1.3454895
a;94894812972845;-10.109863;-1.750412;-1.2793121
a;94894833114446;-10.129501;-1.4912109;-1.0736694
a;94894853256048;-9.958832;-1.3739319;-1.0163422
a;94894873397649;-9.870773;-1.5356903;-1.1243134
a;94894893539251;-9.891495;-1.5574341;-1.2763367
a;94894913680853;-9.859329;-1.4366455;-1.2153015
a;94894933822454;-9.702515;-1.1682892;-1.125534
a;94894953964056;-9.649338;-1.1899261;-1.2216034
a;94894974105657;-9.598953;-1.104248;-1.0373077
a;94894994247259;-9.416672;-0.98057556;-0.82618713
a;94895014388860;-9.247223;-0.8918152;-0.71913147
a;94895034530462;-9.303101;-0.874588;-0.7839813
a;94895054672063;-9.541336;-1.0292664;-0.82466125
a;94895074813665;-9.502991;-1.1948242;-0.7328949
a;94895094955267;-9.354019;-1.388977;-0.5835724
a;94895115096868;-9.4223175;-1.7865143;-0.5285187
a;94895135238470;-9.680267;-1.974823;-0.4741516
a;94895155380071;-9.671677;-2.03154;-0.7541504
a;94895175521673;-9.70874;-2.068756;-0.96733093
a;94895195663274;-9.923767;-2.082306;-0.8934479
a;94895215804876;-9.829529;-2.124466;-0.7874756
a;94895235946478;-9.716751;-2.162033;-0.746109
a;94895256088079;-9.73436;-2.281784;-0.80293274
a;94895276229681;-9.687912;-2.384613;-0.94299316
a;94895296371282;-9.614944;-2.3387756;-0.86680603
a;94895316512884;-9.577316;-2.1988373;-0.9019623
a;94895336654485;-9.38414;-2.199463;-0.8778839
a;94895356796087;-9.355255;-2.3522644;-0.86146545
a;94895376937688;-9.281998;-2.431778;-0.67733765
a;94895397079290;-9.153046;-2.3869324;-0.75901794
a;94895417220892;-9.007065;-2.2769928;-0.76130676
a;94895437362493;-8.987793;-2.2593842;-0.63549805
a;94895457504095;-9.101135;-2.3294067;-0.56803894
a;94895477645696;-8.927643;-2.1210022;-0.50852966
a;94895497787298;-8.794876;-1.9602051;-0.43792725
a;94895517928899;-8.842346;-2.0880432;-0.31103516
a;94895538070501;-8.847366;-2.21138;-0.1362915
a;94895558212103;-8.774002;-2.2134247;-0.12950134
a;94895578353704;-8.778503;-2.2278137;-0.20449829
a;94895598495306;-8.886841;-2.3108673;-0.20285034
a;94895618636907;-8.952927;-2.3932648;-0.24003601
a;94895638778509;-9.109756;-2.3035736;-0.42099
a;94895658920110;-9.278641;-1.9619446;-0.5417328
a;94895679061712;-9.142059;-1.8640442;-0.51930237
a;94895699203313;-9.050003;-2.0153656;-0.6923523
a;94895719344915;-9.099289;-2.1589355;-1.043869
a;94895739486517;-9.242905;-2.1046295;-1.1631927
a;94895759628118;-9.352478;-1.9681244;-1.1685944
a;94895779769720;-9.284164;-1.7865143;-1.1643066
a;94895799911321;-9.250534;-1.7882843;-1.2036133
a;94895820052923;-9.378098;-1.9150391;-1.2677307
a;94895840194524;-9.648071;-2.145401;-1.3524933
a;94895860336126;-10.115311;-2.3145752;-1.3187408
a;94895880477728;-10.512604;-2.4575043;-1.5126648
a;94895900619329;-10.537628;-2.3443298;-1.8317108
a;94895920760931;-10.583542;-2.2027893;-2.0100098
a;94895940902532;-10.500748;-2.0219421;-1.9929047
a;94895961044134;-10.5095825;-1.8192749;-1.903305
a;94895981185735;-10.361404;-1.4875488;-1.8316803
a;94896001327337;-10.138245;-1.1877899;-1.8705139
a;94896021468938;-10.337463;-0.7085571;-1.6313324
a;94896041610540;-10.35965;-0.8763275;-1.4116364
a;94896061752142;-10.152664;-0.38536072;-1.6209259
a;94896081893743;-9.436768;0.16950989;-1.4105682
a;94896102035345;-9.138062;-0.07609558;-1.4233093
a;94896122176946;-9.334259;-1.0381012;-1.7124329
a;94896142318548;-9.546143;-1.8790894;-1.908493
a;94896162460149;-9.686508;-1.9018707;-2.0617828
a;94896182601751;-9.745102;-1.3559418;-1.8424683
a;94896202743353;-9.821075;-1.1986237;-1.590271
a;94896222884954;-9.760361;-0.75883484;-1.1243896
a;94896243026556;-9.514084;-0.53627014;-0.9057617
a;94896263168157;-9.601379;-0.83758545;-1.0875854
a;94896283309759;-9.594116;-0.99798584;-1.156723
a;94896303451360;-9.536926;-1.0942993;-1.0763092
a;94896323592962;-9.481934;-1.2662506;-0.91363525
a;94896343734563;-9.46994;-1.3731079;-1.0147705
a;94896363876165;-9.347153;-1.4839935;-0.99676514
a;94896384017767;-9.186783;-1.6515961;-0.9818573
a;94896404159368;-9.121628;-1.9144135;-0.91864014
a;94896424300970;-9.139252;-2.1730042;-0.770401
a;94896444442571;-9.25502;-2.3639069;-0.23236084
a;94896464584173;-9.352722;-2.3884735;-0.264328
a;94896484725774;-9.474777;-2.4228516;-0.5376892
a;94896504867376;-9.690033;-2.4694672;-0.67051697
a;94896525008978;-9.841736;-2.4173737;-0.69317627
a;94896545150579;-9.926666;-2.4885864;-0.68981934
a;94896565292181;-9.902786;-2.571045;-0.77404785
a;94896585433782;-9.8641205;-2.5204315;-0.80763245
a;94896605575384;-9.787079;-2.3155823;-0.8737335
a;94896625716985;-9.703506;-2.2301788;-0.9779663
a;94896645858587;-9.658768;-2.2254791;-1.0681763
a;94896666000188;-9.650726;-2.272995;-0.9460144
a;94896686141790;-9.540802;-2.2565613;-0.9305725
a;94896706283392;-9.47583;-2.2336884;-1.1162415
a;94896726424993;-9.444031;-2.2884064;-1.2292023
a;94896746566595;-9.482239;-2.368103;-1.2906494
a;94896766708196;-9.469757;-2.3769684;-1.3302765
a;94896786849798;-9.443802;-2.463745;-1.3479156
a;94896806991399;-9.462311;-2.4818115;-1.3560944
a;94896827133001;-9.421738;-2.443985;-1.3033447
a;94896847274603;-9.433899;-2.401657;-1.3244171
a;94896867416204;-9.389023;-2.3777924;-1.3956909
a;94896887557806;-9.416779;-2.3190613;-1.2868652
a;94896907699407;-9.46669;-2.1898804;-1.2239075
a;94896927841009;-9.4882965;-2.1046753;-1.1072998
a;94896947982610;-9.53627;-2.1776733;-1.1089325
a;94896968124212;-9.539627;-2.3086853;-1.1521606
a;94896988265813;-9.55896;-2.3520508;-1.0061951
a;94897008407415;-9.558273;-2.2761536;-0.9105072
a;94897028549017;-9.5854645;-2.232956;-0.9675598
a;94897048690618;-9.616028;-2.266739;-0.91815186
a;94897068832220;-9.640915;-2.2580566;-0.6131897
a;94897088973821;-9.647659;-2.171936;-0.56295776
a;94897109115423;-9.672241;-2.0686798;-0.6636658
a;94897129257024;-9.655502;-2.0492554;-0.7066803
a;94897149398626;-9.647369;-2.127365;-0.68055725
a;94897169540228;-9.651459;-2.0970306;-0.6261139
a;94897189681829;-9.650284;-2.0348358;-0.57203674
a;94897209823431;-9.561157;-1.8545227;-0.6717224
a;94897229965032;-9.498169;-1.7348938;-0.7358093
a;94897250106634;-9.542053;-1.7015686;-0.7649536
a;94897270248235;-9.572952;-1.7416077;-0.5202942
a;94897290389837;-9.560791;-1.7233582;-0.6117859
a;94897310531438;-9.523972;-1.7121735;-0.8370819
a;94897330673040;-9.48204;-1.8147736;-0.9864044
a;94897350814642;-9.483566;-1.9347534;-0.9916992
a;94897370956243;-9.465805;-1.9174652;-0.9038086
a;94897391097845;-9.406586;-1.8446808;-0.875885
a;94897411239446;-9.416718;-1.8543396;-0.9356842
a;94897431381048;-9.401001;-1.9355774;-1.0313416
a;94897451522649;-9.395508;-1.9470978;-1.0788879
a;94897471664251;-9.394257;-1.8966675;-0.9939728
a;94897491805853;-9.392807;-1.9075317;-1.0598907
a;94897511947454;-9.377838;-1.978653;-1.1702728
a;94897532089056;-9.4077;-2.0497131;-1.0945282
a;94897552230657;-9.421448;-2.0731964;-1.0240784
a;94897572372259;-9.439285;-2.0879822;-0.9578247
a;94897592513860;-9.455505;-2.1078644;-0.9502716
a;94897612655462;-9.491943;-2.1395264;-0.95591736
a;94897632797063;-9.576324;-2.1802216;-0.8965149
a;94897652938665;-9.662033;-2.2219543;-0.7512207
a;94897673080267;-9.763916;-2.3766174;-0.6860504
a;94897693221868;-9.719833;-2.425888;-0.6665039
a;94897713363470;-9.700653;-2.4689026;-0.84768677
a;94897733505071;-9.689056;-2.62352;-1.0023499
a;94897753646673;-9.6465;-2.7812958;-1.007782
a;94897773788274;-9.609833;-2.8055267;-0.8998413
a;94897793929876;-9.560623;-2.7106628;-0.96517944
a;94897814071478;-9.410217;-2.4930725;-0.98631287
a;94897834213079;-9.302872;-2.3694763;-0.9592743
a;94897854354681;-9.312729;-2.3217316;-0.9094696
a;94897874496282;-9.421799;-2.4236298;-0.93258667
a;94897894637884;-9.525772;-2.6014252;-1.0217743
a;94897914779485;-9.495148;-2.6036835;-1.0880432
a;94897934921087;-9.536819;-2.6432953;-1.1641235
a;94897955062688;-9.621719;-2.70607;-1.02565
a;94897975204290;-9.666916;-2.81279;-0.86013794
a;94897995345892;-9.700546;-3.0830383;-0.9029083
a;94898015487493;-9.724594;-3.2517395;-1.0573578
a;94898035629095;-9.8528595;-3.6361084;-1.186676
a;94898055770696;-10.285156;-4.665207;-0.88819885
a;94898075912298;-10.764481;-5.736206;-0.603775
a;94898096053899;-11.198685;-6.6385193;-1.0040436
a;94898116195501;-11.489883;-6.863159;-1.2296295
a;94898136337103;-11.892014;-6.643112;-1.1471405
a;94898156478704;-11.774872;-6.6419525;-0.59155273
a;94898176620306;-11.379425;-6.931595;0.06738281
a;94898196761907;-11.2668915;-7.0758514;0.44892883
a;94898216903509;-10.896759;-7.200653;0.6335907
a;94898237045110;-10.895111;-7.5230865;0.7991791
a;94898257186712;-10.757034;-8.767166;0.77290344
a;94898277328313;-10.096497;-7.956131;1.7950897
a;94898297469915;-10.075577;-7.060898;2.760315
a;94898317611517;-9.443939;-5.9196777;3.1555328
a;94898337753118;-8.659027;-5.9411774;3.416748
a;94898357894720;-7.814102;-4.9149017;4.1850586
a;94898378036321;-7.1087646;-2.7554016;4.8155975
a;94898398177923;-6.367386;-1.3269196;5.1658325
a;94898418319524;-5.4420166;-0.8794403;4.969391
a;94898438461126;-4.5705414;-0.40605164;5.18396
a;94898458602728;-4.1315613;0.0692749;5.5967712
a;94898478744329;-4.0574646;-0.41445923;6.065216
a;94898498885931;-3.9429626;-1.3621216;5.807892
a;94898519027532;-3.547104;-1.6422272;5.7997284
a;94898539169134;-3.477539;-1.0032349;6.4414673
a;94898559310735;-3.594452;-0.70018005;6.833145
a;94898579452337;-3.4235382;-0.49230957;6.6519165
a;94898599593938;-3.103119;-0.3426361;6.6365356
a;94898619735540;-3.3983612;-0.2600708;7.3761597
a;94898639898329;-3.6974792;0.32028198;7.5471344
a;94898660039930;-3.6037903;0.157547;7.7741394
a;94898680181532;-3.5800323;-0.30825806;7.7517395
a;94898700323133;-3.2509308;-0.23214722;7.968277
a;94898720464735;-3.065384;0.18380737;8.789871
a;94898740606336;-3.3749237;0.39608765;9.224686
a;94898760747938;-3.2730255;0.275177;8.966187
a;94898780889540;-2.6534424;-0.010757446;8.738754
a;94898801031141;-2.4431458;-0.051864624;8.922287
a;94898821172743;-2.8282318;-0.15118408;9.247009
a;94898841314344;-2.9733124;0.016708374;9.233307
a;94898861455946;-2.5323792;0.21339417;8.9664
a;94898881597547;-2.238739;0.34683228;8.935303
a;94898901739149;-2.103241;0.40335083;9.191376
a;94898921880750;-2.2423096;0.2870636;9.491974
a;94898942022352;-2.4520721;0.5029144;9.561676
a;94898962163954;-2.212616;0.4711914;9.478577
a;94898982305555;-2.3774261;0.3833313;9.54541
a;94899002447157;-2.4770508;0.5648346;9.4729
a;94899022588758;-2.2994232;0.9653473;9.505081
a;94899042730360;-2.4583435;0.90400696;9.797089
a;94899062871961;-2.7208405;0.6301117;9.169449
a;94899083013563;-3.4759216;1.059845;9.274612
a;94899103155165;-2.7534637;0.8976593;9.518112
a;94899123296766;-1.7941284;0.7326355;8.950195
