a;17945525102194;2.3808289;-0.7592163;9.394806
a;17945545243796;2.1772308;-0.73002625;9.065582
a;17945565385397;1.9174652;-0.666214;8.775299
a;17945585526999;2.0685883;-0.13439941;8.866608
a;17945605668600;2.2618713;-0.3189087;8.729218
a;17945625810202;2.2024536;-0.44729614;8.552734
a;17945645951804;2.4911957;-0.6915741;8.383743
a;17945666093405;2.5181274;-0.6861725;8.274628
a;17945686235007;2.5678406;-0.747879;8.439728
a;17945706376608;2.5915222;-1.1556549;8.7230835
a;17945726518210;2.4245758;-1.366394;8.890671
a;17945746659811;2.46492;-1.2475128;8.918747
a;17945766801413;2.3763428;-1.2480011;8.854462
a;17945786943014;2.3402557;-1.565506;8.764709
a;17945807084616;2.4798431;-1.7742767;8.575638
a;17945827226218;2.4387665;-1.3789063;8.175919
a;17945847367819;2.2582855;-1.0539551;8.020706
a;17945867509421;2.421341;-1.3852081;8.221634
a;17945887651022;2.6457672;-1.0595093;7.842163
a;17945907792624;2.3861084;-0.7267151;7.5184174
a;17945927934225;2.4466858;-0.85995483;7.5102844
a;17945948075827;2.8730774;-1.6249847;7.796051
a;17945968217429;3.8182068;-2.2996674;8.163788
a;17945988359030;4.578766;-3.0348663;9.019653
a;17946008500632;4.89534;-3.8151398;10.255066
a;17946028642233;4.558838;-6.5606995;10.411285
a;17946048783835;3.1950684;-10.858307;11.283844
a;17946068925436;2.733368;-14.226791;12.602982
a;17946089067038;2.1824799;-16.279282;12.270813
a;17946109208639;1.0191498;-17.057236;11.62117
a;17946129350241;-0.17279053;-16.90944;9.773865
a;17946149491843;-1.7885132;-16.366272;7.5742188
a;17946169633444;-2.3464355;-14.737564;4.9566345
a;17946189775046;-1.8961792;-12.559891;3.5890808
a;17946209916647;-2.2203827;-8.111877;2.3979645
a;17946230058249;-2.6979675;-4.542557;1.3926697
a;17946250199850;-2.5455933;-0.9510193;-0.5638428
a;17946270341452;-2.973526;1.524292;-1.2054596
a;17946290483054;-3.2490997;2.8802185;-1.7669525
a;17946310624655;-2.9260864;4.594696;-1.6251984
a;17946330766257;-0.6633301;5.6216736;-1.0397644
a;17946350907858;1.2762909;6.8884277;-1.9639587
a;17946371049460;2.661621;7.9835052;-3.1025085
a;17946391191061;4.2384644;7.2479553;-3.829239
a;17946411332663;5.800659;4.9923553;-4.5088043
a;17946431474264;7.3695374;2.4001007;-4.7369843
a;17946451615866;8.949585;-1.8829193;-5.069931
a;17946471757468;10.858459;-8.274689;-5.8784027
a;17946491899069;11.872116;-16.065994;-9.030762
a;17946512040671;12.670197;-20.031967;-10.563232
a;17946532182272;8.877792;-20.031967;-8.41597
a;17946552323874;7.007019;-20.031967;-7.521118
a;17946572465475;4.9719696;-20.031967;-5.598526
a;17946592607077;2.9806213;-20.031967;-2.9986267
a;17946612748679;1.6865082;-20.031967;-2.144226
a;17946632890280;2.561386;-20.031967;-3.5723267
a;17946653031882;5.0158386;-20.031967;-4.207306
a;17946673173483;7.6548615;-20.031967;-3.9942322
a;17946693315085;9.265533;-16.458786;-5.0356445
a;17946713456686;10.304153;-9.36882;-6.2694397
a;17946733598288;10.422577;-3.2667542;-7.292618
a;17946753739889;9.455719;2.639389;-6.861023
a;17946773881491;6.8539886;8.2638855;-5.7314606
a;17946794023093;5.0072937;12.638062;-4.385193
a;17946814164694;4.1084747;16.113052;-3.5091705
a;17946834306296;2.542511;18.903381;-3.4605255
a;17946854447897;2.2111206;17.685883;-3.5085144
a;17946874589499;3.277359;13.429642;-4.2057343
a;17946894731100;4.978897;9.791916;-4.5252533
a;17946914872702;6.6388702;6.880295;-4.2753143
a;17946935014304;8.4674835;3.0552979;-5.495102
a;17946955155905;11.355789;-3.4489746;-7.9051056
a;17946975297507;13.02269;-11.688904;-9.817383
a;17946995439108;12.494873;-18.771255;-11.336792
a;17947015580710;12.190231;-20.031967;-10.069046
a;17947035722311;10.179855;-20.031967;-9.865723
a;17947055863913;7.533371;-20.031967;-8.437088
a;17947076005514;5.22377;-20.031967;-8.932053
a;17947096147116;2.5021973;-20.031967;-6.902649
a;17947116288718;0.2238617;-20.031967;-4.8556976
a;17947136430319;0.3935547;-20.031967;-5.375839
a;17947156571921;2.3847961;-20.031967;-5.857422
a;17947176713522;4.1867523;-19.900223;-6.1342773
a;17947196855124;5.932556;-15.808456;-6.006012
a;17947216996725;6.4867096;-10.436325;-6.635498
a;17947237138327;7.1533966;-6.404785;-6.621338
a;17947257279929;6.889435;-2.244873;-5.951767
a;17947277421530;5.7595673;0.61450195;-4.86911
a;17947297563132;4.4225464;2.663208;-3.4914398
a;17947317704733;3.2467194;4.1914825;-2.6693573
a;17947337846335;2.677353;5.804962;-2.0834808
a;17947357987936;2.6793976;8.280945;-1.088028
a;17947378129538;2.7345276;10.011414;-1.0570679
a;17947398271139;2.5893097;9.949219;-1.4942474
a;17947418412741;2.1408691;9.057541;-1.9150848
a;17947438554343;2.0411987;8.019882;-1.8108673
a;17947458695944;2.5853882;7.800415;-1.0816956
a;17947478837546;3.9302673;6.200531;-0.68943787
a;17947498979147;6.2486877;1.5841064;-1.3558044
a;17947519120749;9.356384;-6.44487;-3.2760315
a;17947539262350;10.706406;-15.065308;-3.7766876
a;17947559403952;10.144989;-19.59909;-10.668869
a;17947579545554;14.216278;-20.031967;-6.9380646
a;17947599687155;11.37973;-20.031967;-3.873413
a;17947619828757;10.890991;-20.031967;-3.4857025
a;17947639970358;10.352173;-18.83783;-0.7642517
a;17947660111960;10.473831;-18.321274;0.5117645
a;17947680253561;9.745682;-19.059921;-0.33433533
a;17947700395163;8.199219;-17.711975;-1.0864716
a;17947720536764;6.8878937;-15.576141;-1.0976257
a;17947740678366;6.1349945;-13.154404;-0.40890503
a;17947760819968;5.767441;-10.095535;-0.24209595
a;17947780961569;5.0466156;-7.8282623;-0.6445465
a;17947801103171;4.2819824;-6.185013;-1.2425537
a;17947821244772;3.964096;-5.443924;-1.450882
a;17947841386374;4.052948;-4.836319;-1.6567383
a;17947861527975;4.622101;-4.572876;-1.705368
a;17947881669577;5.4026794;-4.176544;-1.6018066
a;17947901811179;6.032715;-3.9592285;-1.50383
a;17947921952780;6.30986;-4.082306;-1.3541718
a;17947942094382;6.853958;-4.4830475;-0.6158142
a;17947962235983;7.5091248;-4.967392;-0.053268433
a;17947982377585;7.752701;-4.5825195;-0.55075073
a;17948002519186;8.481064;-3.971344;-1.2454376
a;17948022660788;9.309738;-3.685135;-1.8628082
a;17948042802389;10.6651;-3.9733887;-2.070694
a;17948062943991;11.988785;-3.7068481;-1.3543091
a;17948083085593;12.426834;-3.6362305;-0.15870667
a;17948103227194;12.876907;-3.4698944;0.62275696
a;17948123368796;13.176437;-3.278534;1.1323547
a;17948143510397;12.883606;-3.3662872;1.1938171
a;17948163651999;12.108002;-3.1940002;1.4801025
a;17948183793600;11.787399;-3.1259918;1.3261871
a;17948203935202;11.226578;-3.4439545;0.74086
a;17948224076804;10.532913;-3.6417084;0.11557007
a;17948244218405;10.040009;-3.5295563;-0.33312988
a;17948264360007;9.764862;-3.4136963;-0.5892792
a;17948284501608;9.510681;-3.1631775;-0.8581543
a;17948304643210;9.138092;-2.8987274;-1.0865021
a;17948324784811;9.00705;-3.0650024;-1.3626556
a;17948344926413;9.014725;-3.2580566;-1.6028137
a;17948365068014;9.341446;-3.2277832;-1.797409
a;17948385209616;9.437073;-3.046402;-1.9098206
a;17948405351218;9.208359;-2.8861084;-1.920929
a;17948425492819;9.1558075;-2.792221;-1.5996094
a;17948445634421;9.335648;-2.4960785;-1.4292297
a;17948465776022;9.488464;-2.3447113;-1.5528564
a;17948485917624;9.558289;-2.4305725;-1.5072632
a;17948506059225;9.6813965;-2.5941925;-1.2041779
a;17948526200827;9.797272;-2.5023804;-0.89985657
a;17948546342429;9.803085;-2.2613525;-0.7579956
a;17948566484030;9.712051;-2.0584106;-0.66519165
a;17948586625632;9.724197;-2.0929413;-0.53253174
a;17948606767233;9.81337;-2.0969086;-0.46858215
a;17948626908835;9.7365265;-2.0624084;-0.4028473
a;17948647050436;9.667587;-1.9971924;-0.1990509
a;17948667192038;9.754883;-1.8769531;-0.18800354
a;17948687333639;9.755676;-1.6667328;-0.43359375
a;17948707475241;9.634445;-1.2963562;-0.54637146
a;17948727616843;9.492218;-1.4176941;-0.54971313
a;17948747758444;9.415695;-1.4532928;-0.44755554
a;17948767900046;9.530167;-1.631546;-0.32400513
a;17948788041647;9.551529;-1.801178;-0.45593262
a;17948808183249;9.487198;-1.9827118;-0.6373291
a;17948828324850;9.329178;-2.1417084;-0.6937866
a;17948848466452;9.144333;-2.3750305;-0.7184448
a;17948868608054;9.186096;-2.797821;-0.8949585
a;17948888749655;9.215073;-3.012741;-0.99620056
a;17948908891257;9.207794;-3.0141296;-0.98677063
a;17948929032858;9.31041;-3.1212006;-0.86579895
a;17948949174460;9.576874;-3.3070984;-0.78063965
a;17948969316061;9.602127;-3.2036285;-0.51168823
a;17948989457663;9.575043;-3.0129242;-0.38648987
a;17949009599264;9.635208;-3.3603058;-0.48963928
a;17949029740866;9.798996;-3.97789;-0.5588684
a;17949049882468;10.005035;-4.4005585;-0.33496094
a;17949070024069;10.694366;-5.4698334;-0.1326294
a;17949090165671;11.350983;-6.5295715;0.1304779
a;17949110307272;11.744278;-5.8305817;0.2295227
a;17949130448874;11.613831;-5.35289;0.7737274
a;17949150590475;11.384705;-5.6096344;0.9572449
a;17949170732077;11.617966;-6.5604095;1.394455
a;17949190873679;11.1397705;-6.839264;2.2248993
a;17949211015280;10.381424;-6.8184814;1.181076
a;17949231156882;9.628464;-7.2375793;0.66470337
a;17949251298483;8.514221;-7.339569;1.0743103
a;17949271440085;6.891205;-6.8335724;1.2789459
a;17949291581686;5.3531036;-6.248337;1.708374
a;17949311723288;3.8866882;-5.3005066;1.5255432
a;17949331864889;2.5523224;-4.394211;1.5507355
a;17949352006491;1.6286163;-4.197754;1.2374268
a;17949372148093;0.65823364;-4.5673523;0.41481018
a;17949392289694;0.72132874;-4.7366486;0.5681
a;17949412431296;1.1725159;-5.100876;0.28800964
a;17949432572897;1.457016;-4.7645874;-0.39222717
a;17949452714499;3.669815;-4.790558;-0.37742615
a;17949472856100;3.6471405;-4.6164093;0.6108093
a;17949492997702;4.2694244;-3.973709;1.9419098
a;17949513139304;5.139984;-4.427826;2.609436
a;17949533280905;6.4908295;-5.77269;2.3296814
a;17949553422507;7.2902985;-5.927841;1.678299
a;17949573564108;8.561966;-6.606201;1.671814
a;17949593705710;9.2812195;-5.6243134;2.002243
a;17949613847311;9.986954;-4.156662;2.4503174
a;17949633988913;10.153717;-4.0894012;2.4487457
a;17949654130514;10.312607;-4.0424805;1.9482117
a;17949674272116;11.348129;-3.976883;0.76919556
a;17949694413718;11.780457;-3.635254;1.0467834
a;17949714555319;11.227798;-3.6469727;2.282135
a;17949734696921;11.111984;-3.6934052;2.502884
a;17949754838522;10.893082;-4.087372;2.1785278
a;17949774980124;10.46666;-3.5819702;2.1138
a;17949795121725;11.591385;-2.3780823;3.0295258
a;17949815263327;10.956619;-2.5981598;4.3708954
a;17949835404929;10.587189;-2.3104095;4.0605316
a;17949855546530;11.153992;-2.951706;3.972763
a;17949875688132;12.30368;-5.6538544;4.636978
a;17949895829733;12.055359;-4.670212;5.606903
a;17949915971335;12.372116;-4.389786;5.636917
a;17949936112936;12.154556;-5.324814;4.602463
a;17949956254538;11.999237;-5.3654175;3.2763824
a;17949976396139;11.3858795;-6.1602936;3.412201
a;17949996537741;9.864563;-6.9349365;4.29451
a;17950016679343;8.83316;-7.2326202;4.9195404
a;17950036820944;8.016968;-6.802231;4.541916
a;17950056962546;6.886093;-6.2852936;3.8631134
a;17950077104147;5.55159;-6.1412354;3.6846313
a;17950097245749;4.8182526;-6.6412354;3.7445679
a;17950117387350;3.9417114;-7.3209534;3.7640533
a;17950137528952;3.3025513;-7.1176147;4.0517883
a;17950157670554;2.9172363;-6.8936005;3.9868774
a;17950177812155;2.5370178;-6.576309;3.600525
a;17950197953757;2.3384247;-6.6587067;3.5525208
a;17950218095358;2.35672;-6.922333;3.7593536
a;17950238236960;2.6344604;-7.367157;3.7793732
a;17950258378561;2.8308105;-6.94014;4.0079193
a;17950278520163;2.6973877;-6.557846;3.9201355
a;17950298661764;2.618164;-6.636978;3.749405
a;17950318803366;2.6537476;-6.910324;3.9042206
a;17950338944968;2.9516144;-7.658264;3.2941742
a;17950359086569;2.879837;-8.110794;3.0258179
a;17950379228171;2.76503;-7.5915527;3.5957184
a;17950399369772;2.595581;-7.5608826;4.267166
a;17950419511374;3.0224457;-8.24118;3.8261414
a;17950439652975;3.2649536;-8.257584;3.406433
a;17950459794577;3.3282166;-8.926437;3.35878
a;17950479936179;3.332611;-8.999496;3.8237
a;17950500077780;3.3706207;-8.761398;3.9682617
a;17950520219382;4.009247;-8.741745;3.7537994
a;17950540360983;4.2167206;-8.824829;3.3443756
a;17950560502585;4.149185;-8.971558;3.5715942
a;17950580644186;3.9802704;-8.567795;4.3420258
a;17950600785788;3.83049;-8.331345;4.6236725
a;17950620927389;3.7085724;-8.286926;4.223831
a;17950641068991;3.6032104;-8.029083;3.8812866
a;17950661210593;3.5197296;-8.1306305;3.905655
a;17950681352194;3.3965302;-8.364151;4.147995
a;17950701493796;3.175293;-8.349335;4.219208
a;17950721635397;3.140335;-8.42482;4.1232758
a;17950741776999;3.2561188;-8.297287;3.8989105
a;17950761918600;3.2617493;-8.351471;3.663437
a;17950782060202;3.2996826;-8.529892;3.7593994
a;17950802201804;3.3105164;-8.551392;3.9699097
a;17950822343405;3.271347;-8.510345;3.9446564
a;17950842485007;3.2002716;-8.538208;3.7782745
a;17950862626608;3.13208;-8.573166;3.8733215
a;17950882768210;3.0884857;-8.678192;3.854721
a;17950902909811;3.0475311;-8.69072;4.0612183
a;17950923051413;2.8397827;-8.691101;4.0605316
a;17950943193014;2.995453;-8.023987;3.9868011
a;17950963334616;3.1809845;-8.369324;3.8390656
a;17950983476218;3.2122803;-8.339935;3.690445
a;17951003617819;3.2835846;-8.631622;3.819687
a;17951023759421;3.288208;-8.536758;4.173828
a;17951043901022;3.250885;-8.722443;4.2733
a;17951064042624;3.2672272;-8.817871;4.139984
a;17951084184225;3.3321533;-8.667007;3.995041
a;17951104325827;3.3504333;-8.784805;4.043213
a;17951124467429;3.2423096;-8.833984;4.082672
a;17951144609030;3.3304443;-8.729324;4.2204742
a;17951164750632;3.3453522;-8.502029;4.155121
a;17951184892233;3.4378204;-8.134171;4.0923615
a;17951205033835;3.5286102;-8.381943;4.140442
a;17951225156080;3.4354858;-8.287857;4.281204
a;17951245297682;3.4083862;-8.377533;4.427597
a;17951265439283;3.436432;-8.192947;4.4520874
a;17951285580885;3.3876343;-8.219238;4.27182
a;17951305722487;3.377945;-8.177963;4.271652
a;17951325864088;3.4340668;-8.398712;4.3274384
a;17951346005690;3.491516;-8.46376;4.418167
a;17951366147291;3.4814453;-8.556854;4.302597
a;17951386288893;3.358368;-8.657822;4.237747
a;17951406430494;3.274231;-8.403458;4.327713
a;17951426572096;3.281189;-8.501251;4.297516
a;17951446713698;3.2998047;-8.45517;4.259384
a;17951466855299;3.3006287;-8.440842;4.14476
a;17951486996901;3.2914124;-8.288727;4.1121063
a;17951507138502;3.3209229;-8.279816;4.1792145
a;17951527280104;3.2747498;-8.292908;4.235916
a;17951547421705;3.354828;-8.383728;4.1039124
a;17951567563307;3.4322662;-8.432297;4.1769104
a;17951587704908;3.4002228;-8.454742;4.0905
a;17951607846510;3.3604126;-8.451004;4.0521393
a;17951627988112;3.328247;-8.386063;4.08963
a;17951648129713;3.3341827;-8.336319;4.166687
a;17951668271315;3.358307;-8.370407;4.108902
a;17951688412916;3.382965;-8.490601;4.1450043
a;17951708554518;3.3258057;-8.546478;4.1729584
a;17951728696119;3.3685303;-8.410416;4.2601013
a;17951748837721;3.427658;-8.475098;4.1535645
a;17951768979323;3.3962402;-8.46257;4.146164
a;17951789120924;3.3319092;-8.494095;4.1338043
a;17951809262526;3.360138;-8.518509;4.2555847
a;17951829404127;3.392807;-8.4518585;4.2841797
a;17951849545729;3.3454742;-8.441849;4.153763
a;17951869687330;3.341919;-8.433014;4.1502533
a;17951889828932;3.3985443;-8.506897;4.285965
a;17951909970533;3.4232635;-8.485153;4.365387
a;17951930112135;3.3290863;-8.4696045;4.260193
a;17951950253737;3.3309631;-8.441055;4.195526
a;17951970395338;3.3706512;-8.413864;4.3388367
a;17951990536940;3.3287354;-8.3311615;4.2874603
a;17952010678541;3.3827057;-8.392731;4.2356873
a;17952030820143;3.340973;-8.468124;4.3533936
a;17952050961744;3.3205414;-8.5312195;4.3868103
a;17952071103346;3.3200378;-8.590225;4.338562
a;17952091244948;3.2755737;-8.46907;4.1774597
a;17952111386549;3.32547;-8.395386;4.1654663
a;17952131528151;3.3473206;-8.365311;4.1811523
a;17952151669752;3.2901;-8.255173;4.1538086
a;17952171811354;3.3185577;-8.4300995;4.294052
a;17952191952955;3.3186646;-8.4791565;4.357788
a;17952212094557;3.332138;-8.440582;4.1238403
a;17952232236158;3.2891693;-8.383484;4.045685
a;17952252377760;3.3497162;-8.437302;4.2012787
a;17952272519362;3.3450775;-8.434021;4.289917
a;17952292660963;3.36792;-8.472015;4.2868958
a;17952312802565;3.3683777;-8.447647;4.2622223
a;17952332944166;3.4387665;-8.43338;4.170624
a;17952353085768;3.4710083;-8.525894;4.3612976
a;17952373227369;3.430542;-8.38446;4.3519897
a;17952393368971;3.354187;-8.495636;4.309662
a;17952413510573;3.3018951;-8.332169;4.2585907
a;17952433652174;3.3028564;-8.229126;4.204315
a;17952453793776;3.3237152;-8.314362;4.247055
a;17952473935377;3.3096924;-8.406372;4.318817
a;17952494076979;3.3067322;-8.453232;4.3885803
a;17952514218580;3.3708038;-8.507202;4.4020844
a;17952534360182;3.340744;-8.372986;4.323181
a;17952554501783;3.3370361;-8.4509735;4.2764587
a;17952574643385;3.4207916;-8.379822;4.3663483
a;17952594784987;3.4125366;-8.250092;4.351532
a;17952614926588;3.3849182;-8.411072;4.2577972
a;17952635068190;3.4270935;-8.515533;4.260437
a;17952655209791;3.4045868;-8.527649;4.3384247
a;17952675351393;3.3398285;-8.452881;4.352371
a;17952695492994;3.3917542;-8.493057;4.2675934
a;17952715634596;3.3504333;-8.398621;4.182495
a;17952735776198;3.33667;-8.303482;4.2472687
a;17952755917799;3.3237762;-8.371765;4.353485
a;17952776059401;3.3186798;-8.364578;4.4365997
a;17952796201002;3.3575134;-8.369736;4.3755646
a;17952816342604;3.48143;-8.535904;4.3016205
a;17952836484205;3.4795837;-8.430527;4.273636
a;17952856625807;3.4168396;-8.434219;4.368225
a;17952876767408;3.3687286;-8.467133;4.4236755
a;17952896909010;3.3400574;-8.501648;4.437744
a;17952917050612;3.344452;-8.552216;4.2842407
a;17952937192213;3.3361511;-8.367889;4.1974487
a;17952957333815;3.385254;-8.448105;4.1298065
a;17952977475416;3.362381;-8.598175;4.045868
a;17952997617018;3.3424225;-8.543335;4.1279907
a;17953017758619;3.3143616;-8.577698;4.2322845
a;17953037900221;3.3209991;-8.376251;4.3244324
a;17953058041823;3.3241425;-8.221115;4.157776
a;17953078183424;3.3034363;-8.232574;3.9166412
a;17953098325026;3.2266083;-8.141556;3.8825989
a;17953118466627;3.5244598;-7.9542694;4.115082
a;17953138608229;3.3284454;-8.918106;4.285446
a;17953158749830;3.3642578;-7.790085;4.222519
a;17953178891432;3.21315;-7.731827;3.9448853
a;17953199033033;3.1674652;-7.90329;3.873581
a;17953219174635;3.1216278;-8.134476;3.6452332
a;17953239316237;3.291092;-8.08577;3.488556
a;17953259457838;3.40477;-8.151062;3.648285
a;17953279599440;3.601242;-8.076401;3.9871063
a;17953299741041;3.751114;-8.1497345;3.9029694
a;17953319882643;3.8898468;-8.009293;3.6243744
a;17953340024244;3.905899;-8.258789;3.692276
a;17953360165846;4.0034027;-8.453873;3.6884918
a;17953380307448;4.101715;-8.533691;3.5226746
a;17953400449049;4.039566;-8.40535;3.6122284
a;17953420590651;4.0281982;-8.578064;3.7957306
a;17953440732252;3.957672;-8.55896;3.8742065
a;17953460873854;3.8736572;-8.36058;3.8657532
a;17953481015455;3.7116852;-8.375229;3.7742462
a;17953501157057;3.5984802;-8.418152;4.1384125
a;17953521298658;3.7550812;-8.207611;4.1621246
a;17953541440260;3.6544037;-8.643875;3.7826538
a;17953561581862;3.1727448;-8.209045;4.4402313
a;17953581723463;3.5225983;-8.879318;4.8586273
a;17953601865065;2.8296204;-9.008743;5.049881
a;17953622006666;2.917862;-7.73555;5.1945496
a;17953642148268;3.6297455;-7.9181366;4.199356
a;17953662289869;3.9720001;-8.27417;4.2636414
a;17953682431471;3.979416;-8.198868;5.1236725
a;17953702573073;4.0154266;-7.7727966;5.3213043
a;17953722714674;4.210083;-7.485611;5.202606
a;17953742856276;4.537964;-7.597931;5.9403687
a;17953762997877;5.008484;-6.713623;5.386551
a;17953783139479;5.9117584;-7.5369873;4.819275
a;17953803281080;5.9979095;-6.823654;5.397049
a;17953823422682;6.165283;-7.16066;5.8784485
a;17953843564283;6.241623;-6.6024017;5.7414703
a;17953863705885;6.2696075;-5.9198914;5.086029
a;17953883847487;6.4552307;-5.2512817;4.9571686
a;17953903989088;6.6549377;-5.3752594;5.616806
a;17953924130690;6.627823;-5.14209;5.9008026
a;17953944272291;6.9847717;-5.0912476;5.519043
a;17953964413893;6.8241577;-4.475113;5.7119904
a;17953984555494;6.9765015;-4.116699;5.902664
a;17954004697096;7.34787;-4.47023;5.755966
a;17954024838698;7.5175323;-4.8709564;5.800598
a;17954044980299;7.340317;-4.3618927;5.8100586
a;17954065121901;7.336975;-4.185486;5.8341675
a;17954085263502;7.2319794;-4.009094;6.0908966
a;17954105405104;7.1471863;-3.973648;6.1048126
a;17954125546705;6.8098755;-3.378601;6.174103
a;17954145688307;6.8084564;-2.7033386;5.4927673
a;17954165829908;6.61322;-2.2780914;5.5057373
a;17954185971510;6.810791;-2.9089813;6.0348053
a;17954206113112;6.408127;-1.8679504;6.860443
a;17954226254713;6.4408264;-1.427185;6.9777985
a;17954246396315;6.2224274;-0.06338501;6.2425385
a;17954266537916;6.321167;-0.51605225;5.7841644
a;17954286679518;6.1243744;-0.6813812;6.50029
a;17954306821119;6.0425415;-0.26867676;6.3903656
a;17954326962721;5.9378204;0.19250488;6.045807
a;17954347104323;5.98526;0.9845886;5.306076
a;17954367245924;5.8466797;1.5160828;5.4933014
a;17954387387526;5.92984;1.2732697;6.0138397
a;17954407529127;5.800949;1.6588593;6.2611847
a;17954427670729;5.8029633;1.8807831;5.93425
a;17954447812330;5.810379;2.8638153;5.673813
a;17954467953932;5.849167;2.6036224;5.5444336
a;17954488095533;5.8767395;1.9929199;6.0644684
a;17954508237135;5.737274;2.6628265;6.540695
a;17954528378737;5.770355;3.1495209;6.5891113
a;17954548520338;5.797409;3.2525177;6.3895264
a;17954568661940;5.8304596;3.515503;6.229004
a;17954588803541;5.631073;3.589798;6.642929
a;17954608945143;5.169571;3.2830505;7.010849
a;17954629086744;4.5266266;2.566681;6.0224915
a;17954649228346;4.6883087;1.6269226;4.3842163
a;17954669369948;5.236725;-0.2087555;2.664505
a;17954689511549;5.140793;-1.3356323;3.3085785
a;17954709653151;5.7119904;-1.3495941;2.589386
a;17954729794752;6.1469727;-3.2500916;2.0306702
a;17954749936354;6.0069275;-5.142578;1.3029633
a;17954770077955;6.967102;-7.8575287;0.5093231
a;17954790219557;7.6953583;-9.3337555;0.63227844
a;17954810361158;8.633301;-9.181473;1.5245209
a;17954830502760;8.249573;-8.156738;2.299652
a;17954850644362;8.070465;-7.1273956;2.9614563
a;17954870785963;8.939316;-6.584549;2.8709412
a;17954890927565;9.857742;-6.9460907;1.8712616
a;17954911069166;9.6918335;-7.2589874;2.3815613
a;17954931210768;8.98732;-6.5417786;3.0976105
a;17954951352369;9.06131;-5.681366;3.0693665
a;17954971493971;9.616547;-6.4126434;1.8170013
a;17954991635573;10.284653;-7.080673;1.1691437
a;17955011777174;10.310318;-6.060028;1.9964294
a;17955031918776;9.442322;-7.664032;3.6316833
a;17955052060377;9.269012;-6.798218;2.7575378
a;17955072201979;10.514633;-5.1582794;2.4822845
a;17955092343580;10.635727;-4.7693634;2.6239624
a;17955112485182;9.360352;-5.572586;3.7494354
a;17955132626783;8.724289;-5.1254272;4.0583496
a;17955152768385;8.231567;-5.050598;3.2755585
a;17955172909987;9.165558;-5.2457886;2.9045563
a;17955193051588;9.787048;-4.426468;3.2897491
a;17955213193190;10.345917;-3.7835693;3.4449005
a;17955233334791;10.921753;-4.3929596;3.219696
a;17955253476393;11.522003;-5.1929016;2.8695984
a;17955273617994;11.452972;-4.83403;2.6389313
a;17955293759596;11.158554;-4.5456543;2.811386
a;17955313901198;11.463791;-5.269699;3.0063477
a;17955334042799;11.751358;-4.651184;3.1507874
a;17955354184401;10.838913;-3.868042;3.3141174
a;17955374326002;10.4272;-3.8822784;2.4457245
a;17955394467604;9.467606;-3.3164368;0.5196991
a;17955414609205;8.770203;-4.7207947;-0.1355133
a;17955434750807;7.572235;-5.5002594;0.33312988
a;17955454892408;6.3239746;-5.4016724;1.1324463
a;17955475034010;5.1226807;-4.945938;1.4646301
a;17955495175612;4.7891846;-4.696808;0.9410248
a;17955515317213;4.2705994;-5.4071045;0.7524872
a;17955535458815;3.990326;-5.9817505;0.7683716
a;17955555600416;3.7910004;-5.8390045;2.0173798
a;17955575742018;3.6396027;-5.3887787;3.572876
a;17955595883619;3.1363678;-4.568054;4.353668
a;17955616025221;3.2114868;-4.7232666;4.044159
a;17955636166823;3.555664;-4.5166016;3.4088287
a;17955656308424;3.8882446;-4.7899017;3.0271149
a;17955676450026;4.440674;-4.344742;3.028366
a;17955696591627;4.902359;-3.5125732;3.3343353
a;17955716733229;5.7792664;-4.1450195;3.2798615
a;17955736874830;7.1190186;-5.4946594;3.1340485
a;17955757016432;8.382492;-5.7078857;2.2116852
a;17955777158033;9.639389;-5.8927155;1.059082
a;17955797299635;10.768753;-5.4162445;-0.2278595
a;17955817441237;11.421295;-7.19162;-1.640564
a;17955837582838;11.019562;-9.9478;-1.626648
a;17955857724440;9.881958;-9.071671;-1.4482269
a;17955877866041;9.344406;-7.4403534;-1.5398407
a;17955898007643;9.299088;-7.228012;-2.1042633
a;17955918149244;8.956055;-6.5727234;-2.2512054
a;17955938290846;8.66716;-5.3563843;-2.2781067
a;17955958432448;8.229584;-4.4498444;-1.8417053
a;17955978574049;8.344879;-4.0068665;-2.0533905
a;17955998715651;8.690338;-3.9994507;-2.3586273
a;17956018857252;8.996368;-3.7390594;-2.5455322
a;17956038998854;9.251801;-3.496292;-2.462555
a;17956059140455;9.289368;-3.4457092;-1.8731995
a;17956079282057;9.356949;-3.5921173;-1.8055878
a;17956099423658;9.437592;-3.8612518;-1.6989441
a;17956119565260;9.48941;-3.8351135;-1.5156097
a;17956139706862;9.592957;-3.7087097;-1.3293457
a;17956159848463;9.677628;-3.4049225;-1.0976868
a;17956179990065;9.701447;-2.9864655;-1.048584
a;17956200131666;9.628632;-2.883316;-0.9966583
a;17956220273268;9.427795;-2.9837646;-1.065155
a;17956240414869;9.362381;-2.912735;-1.1701355
a;17956260556471;9.3654175;-2.817978;-1.2614594
a;17956280698073;9.248795;-2.547699;-1.245285
a;17956300839674;8.971939;-2.347458;-1.1217499
a;17956320981276;8.906723;-2.5943909;-1.0513916
a;17956341122877;9.180893;-2.8193054;-1.2371674
a;17956361264479;9.399887;-2.7902527;-1.4799042
a;17956381406080;9.627411;-2.8045502;-1.5882568
a;17956401547682;9.736298;-2.7256927;-1.3341522
a;17956421689283;9.739075;-2.902832;-1.2756195
a;17956441830885;9.5979;-3.1227112;-1.428009
a;17956461972487;9.396118;-3.250824;-1.4412079
a;17956482114088;9.331131;-3.1464233;-1.3171539
a;17956502255690;9.37265;-3.1003113;-1.1127014
a;17956522397291;9.384796;-2.857483;-0.85983276
a;17956542538893;9.143188;-2.8220367;-0.864151
a;17956562680494;8.992096;-3.1927185;-1.0731354
a;17956582822096;9.034836;-3.343155;-1.176239
a;17956602963698;9.139862;-3.3303528;-1.2057037
a;17956623105299;9.246567;-3.1461792;-1.1697998
a;17956643246901;9.28006;-2.8984528;-1.0402222
a;17956663388502;9.306992;-3.0771027;-1.00354
a;17956683530104;9.324463;-3.3500824;-1.1661682
a;17956703671705;9.356613;-3.3261871;-1.2698212
a;17956723813307;9.370743;-3.192093;-1.3155365
a;17956743954908;9.466888;-3.1049957;-1.1887054
a;17956764096510;9.579529;-3.1350708;-1.0923462
a;17956784238112;9.605835;-3.0767975;-1.1602631
a;17956804379713;9.437851;-3.0513916;-1.238678
a;17956824521315;9.283447;-3.1430054;-1.2414856
a;17956844662916;9.236771;-3.2251892;-1.0712128
a;17956864804518;9.335724;-3.1600647;-0.9207611
a;17956884946119;9.261475;-2.978592;-0.94888306
a;17956905087721;9.113541;-2.850357;-1.0046844
a;17956925229323;9.033279;-2.8634796;-1.0231934
a;17956945370924;9.112473;-2.8976746;-0.9532623
a;17956965512526;9.236099;-2.8872223;-0.9761658
a;17956985654127;9.306808;-2.7892761;-1.0075836
a;17957005795729;9.389252;-2.9850159;-0.9801941
a;17957025937330;9.418518;-3.2030182;-0.9866638
a;17957046078932;9.437958;-3.2519836;-0.9962616
a;17957066220533;9.572891;-3.5260468;-1.0529633
a;17957086362135;9.795425;-3.939087;-1.2274628
a;17957106503737;9.694061;-3.874298;-0.9838867
a;17957126645338;9.475174;-3.8932495;-0.75491333
a;17957146786940;9.253616;-3.8545685;-0.67752075
a;17957166928541;9.060669;-3.873764;-0.5312195
a;17957187070143;9.08017;-4.13179;-0.60995483
a;17957207211744;9.068161;-4.1845703;-0.78611755
a;17957227353346;9.064728;-4.163925;-0.96943665
a;17957247494948;8.997681;-3.8475494;-0.9536743
a;17957267636549;8.811142;-3.5041199;-0.8014221
a;17957287778151;8.641815;-3.5607758;-0.69036865
a;17957307919752;8.768387;-3.6399841;-0.59672546
a;17957328061354;8.929871;-3.4797668;-0.66082764
a;17957348202955;9.108765;-3.2677155;-0.76368713
a;17957368344557;9.11882;-3.128296;-0.765152
a;17957388486158;9.182846;-3.221756;-0.752655
a;17957408627760;9.132416;-3.4377747;-0.7032471
a;17957428769362;9.181412;-3.4911041;-0.6764374
a;17957448910963;9.202805;-3.4833832;-0.62405396
a;17957469052565;9.331299;-3.6992035;-0.6669769
a;17957489194166;9.558273;-4.1342926;-0.5571747
a;17957509335768;9.666458;-4.334259;-0.26098633
a;17957529477369;9.987564;-5.5426636;-0.5769043
a;17957549618971;10.683533;-7.8965454;-0.7363281
a;17957569760573;11.280716;-9.430191;-0.41889954
a;17957589902174;11.314041;-9.9236145;-0.40611267
a;17957610043776;11.429642;-11.210098;-0.6250763
a;17957630185377;11.201538;-11.951553;-0.52864075
a;17957650326979;11.174667;-12.320251;-0.49668884
a;17957670468580;10.985138;-13.400253;-0.84036255
a;17957690610182;10.73996;-14.542282;-0.734375
a;17957710751783;10.572296;-13.921158;-0.6936798
a;17957730893385;9.545074;-12.834534;-0.25805664
a;17957751034987;8.395584;-12.037109;0.19981384
a;17957771176588;7.6091614;-10.267731;-0.03866577
a;17957791318190;6.4709625;-7.8417053;0.4838562
a;17957811459791;5.066162;-7.088394;0.16520691
a;17957831601393;4.554306;-6.111557;0.02520752
a;17957851742994;4.358322;-4.657318;0.15943909
a;17957871884596;4.044922;-2.9311066;0.39053345
a;17957892026198;3.1019135;-2.4107819;0.8267212
a;17957912167799;2.45932;-1.987854;1.8602905
a;17957932309401;2.6338196;-2.3382263;2.7668
a;17957952451002;2.4368134;-1.8248901;3.2521667
a;17957972592604;1.7529602;-1.4615479;4.0892334
a;17957992734205;1.7911377;-1.8609314;5.4185486
a;17958012875807;1.9341736;-1.6540527;6.3802643
a;17958033017408;1.5748596;-1.5206451;6.747574
a;17958053159010;1.3975067;-1.4248047;7.224655
a;17958073300612;1.2703247;-1.6873016;8.141144
a;17958093442213;1.2626953;-2.866867;8.44165
a;17958113583815;1.000412;-3.6929474;8.547302
a;17958133725416;1.2048645;-3.5490112;8.858505
a;17958153867018;1.1019592;-3.2434235;9.130478
a;17958174008619;1.0529327;-3.138794;9.061249
a;17958194150221;0.8594513;-3.3774567;8.77095
a;17958214291823;0.55789185;-3.634781;8.689011
a;17958234433424;0.4170227;-3.505661;9.066727
a;17958254575026;0.2614746;-3.0273895;9.001099
a;17958274716627;0.13478088;-3.279419;8.537933
a;17958294858229;0.4287262;-3.8924408;8.215179
a;17958314999830;0.6525116;-3.849823;7.79097
a;17958335141432;0.5848236;-3.1933594;8.292618
a;17958355283033;1.425415;-3.6696014;9.803513
a;17958375424635;2.322815;-3.6006775;10.828278
a;17958395566237;2.1980896;-4.1894684;10.694138
a;17958415707838;2.3471375;-4.7569427;9.544159
a;17958435849440;1.8583527;-4.7623596;8.3423
a;17958455991041;1.5014496;-4.059952;8.398071
a;17958476132643;1.5110474;-3.6198425;8.769287
a;17958496274244;1.2253265;-3.1525726;8.84903
a;17958516415846;0.5950928;-1.7872467;8.628723
a;17958536557448;-0.040039063;-1.1554871;8.166855
a;17958556699049;0.0849762;-1.1606903;7.713791
a;17958576840651;-0.039657593;-0.9611511;8.135788
a;17958596982252;-0.40541077;-1.2429352;9.087463
a;17958617123854;-0.12664795;-1.9821014;9.800888
a;17958637265455;0.36083984;-3.4217377;9.993179
a;17958657407057;0.75476074;-4.148163;9.548813
a;17958677548658;0.64915466;-4.44223;8.65416
a;17958697690260;0.8544922;-5.2134094;7.637375
a;17958717831862;1.0330353;-4.040329;8.258759
a;17958737973463;1.9363556;-1.9967194;10.072037
a;17958758115065;2.9871063;-2.5703125;9.823868
a;17958778256666;2.955719;-3.5387268;9.182663
a;17958798398268;3.2261047;-4.1996;9.015015
a;17958818539869;3.6062012;-4.1032867;9.441986
a;17958838681471;3.4790955;-3.2797394;9.58519
a;17958858823073;3.4147034;-2.925705;9.464172
a;17958878964674;3.6267395;-2.4924011;8.923462
a;17958899106276;3.4675446;-2.4489594;8.567474
a;17958919247877;3.2779999;-2.5771484;8.595642
a;17958939389479;3.3173523;-2.448578;9.03389
a;17958959531080;3.4924011;-2.3589783;9.178574
a;17958979672682;3.294754;-2.00148;8.978134
a;17958999814283;3.0292664;-1.8010864;8.877441
a;17959019955885;2.968689;-2.2646942;8.725861
a;17959040097487;3.0510101;-2.707672;8.71582
a;17959060239088;3.1596985;-2.4824371;8.956818
a;17959080380690;3.118042;-1.9272003;9.139709
a;17959100522291;2.9171753;-1.5903625;9.008438
a;17959120663893;2.716095;-1.3295593;8.871689
a;17959140805494;2.6831665;-1.2049408;8.845596
a;17959160947096;2.5380554;-1.2257843;8.917252
a;17959181088698;2.5337067;-1.0350494;9.088333
a;17959201230299;2.5778809;-0.94311523;9.052948
a;17959221371901;2.601822;-1.0480499;9.010925
a;17959241513502;2.5503387;-1.0998077;8.982193
a;17959261655104;2.5144806;-1.4763184;8.97377
a;17959281796705;2.7079773;-1.8423309;9.092926
a;17959301938307;2.8618774;-1.5280762;9.270691
a;17959322079908;2.8498077;-0.91659546;9.386261
a;17959342221510;3.8152466;-0.5775604;7.7124786
a;17959362363112;2.0403595;0.13809204;9.053345
a;17959382504713;1.9385986;0.37867737;9.218292
a;17959402646315;2.495407;-0.109313965;9.240295
