a;76216979446667;-2.0556183;-1.5647278;9.84935
a;76216999588269;-1.4539337;-1.3578796;9.7252655
a;76217019729870;-1.8362122;-1.2525024;9.477249
a;76217039871472;-1.7675629;-1.4037476;9.400452
a;76217060013074;-1.866394;-1.3516388;9.428741
a;76217080154675;-1.8885956;-1.1309357;9.49884
a;76217100296277;-1.8531189;-1.0101776;9.338211
a;76217120437878;-1.95607;-1.0886536;9.000473
a;76217140579480;-1.9940643;-0.9758301;8.722931
a;76217160721081;-1.9795074;-0.75587463;8.530441
a;76217180862683;-2.0146484;-0.4406128;8.192276
a;76217201004285;-1.8227386;0.05960083;7.668518
a;76217221145886;-1.6403961;0.32411194;7.239212
a;76217241287488;-2.0160675;0.044067383;6.897217
a;76217261429089;-2.2883148;-0.035858154;6.6155396
a;76217281570691;-2.5635986;0.10122681;6.4083557
a;76217301712292;-2.857727;0.45196533;6.081085
a;76217321853894;-2.9626007;0.46022034;5.411133
a;76217341995495;-3.4406738;-0.5613861;4.7486725
a;76217362137097;-4.3466034;-2.2589111;4.164978
a;76217382278699;-4.977463;-3.981598;3.355362
a;76217402420300;-5.2394867;-5.488205;2.759964
a;76217422561902;-5.888336;-6.806076;2.5561218
a;76217442703503;-6.664154;-7.9215393;2.3525238
a;76217462845105;-7.169586;-8.487869;2.043396
a;76217482986706;-7.514145;-8.666458;2.0534058
a;76217503128308;-8.128632;-8.54689;1.9920807
a;76217523269910;-8.7656555;-8.481766;1.8611145
a;76217543411511;-9.783005;-8.933044;1.8415222
a;76217563553113;-10.48938;-8.747986;1.260788
a;76217583694714;-10.395325;-7.8117523;0.98750305
a;76217603836316;-10.4002075;-6.560791;0.82040405
a;76217623977917;-10.689957;-5.960907;0.53660583
a;76217644119519;-10.980835;-5.944916;0.30267334
a;76217664261120;-11.384552;-5.977829;0.0026397705
a;76217684402722;-11.886795;-6.109665;-0.2345581
a;76217704544324;-12.408768;-6.4303284;-0.37727356
a;76217724685925;-12.656265;-6.885269;-0.7264404
a;76217744827527;-12.485764;-7.281128;-0.5206146
a;76217764969128;-11.84465;-7.398514;-0.971817
a;76217785110730;-11.215866;-7.0277557;-0.85510254
a;76217805252331;-10.616608;-5.259079;-0.60554504
a;76217825393933;-10.015076;-3.5074005;-0.06867981
a;76217845535535;-9.808243;-3.028473;0.47782898
a;76217865677136;-9.59288;-3.2711182;0.51556396
a;76217885818738;-9.42807;-3.51091;0.24984741
a;76217905960339;-9.273621;-3.5112457;0.12019348
a;76217926101941;-9.066406;-3.3179474;0.04725647
a;76217946243542;-8.938477;-3.240738;0.022018433
a;76217966385144;-8.842712;-3.3018036;0.13395691
a;76217986526745;-8.913086;-3.3519745;0.1018219
a;76218006668347;-9.100082;-3.5226746;-0.011245728
a;76218026809949;-9.205032;-3.391571;-0.094436646
a;76218046951550;-9.179077;-3.1899414;-0.14176941
a;76218067093152;-9.326019;-3.1193237;-0.11260986
a;76218087234753;-9.486679;-2.9944305;-0.13278198
a;76218107376355;-9.534683;-2.8516998;-0.11326599
a;76218127517956;-9.616577;-2.7652283;-0.06806946
a;76218147659558;-9.629959;-2.6912231;-0.10154724
a;76218167801160;-9.523102;-2.5653687;-0.09463501
a;76218187942761;-9.437958;-2.48938;-0.089660645
a;76218208084363;-9.438492;-2.4540253;-0.120391846
a;76218228225964;-9.456619;-2.4808044;-0.12815857
a;76218248367566;-9.409897;-2.6208344;-0.16860962
a;76218268509167;-9.392456;-2.690277;-0.22645569
a;76218288650769;-9.336166;-2.649704;-0.26290894
a;76218308792370;-9.347763;-2.5958557;-0.20036316
a;76218328933972;-9.32164;-2.4774323;-0.22401428
a;76218349075574;-9.366058;-2.6083374;-0.16026306
a;76218369217175;-9.409073;-2.7104645;-0.14543152
a;76218389358777;-9.368469;-2.7133331;-0.17156982
a;76218409500378;-9.366516;-2.6521454;-0.15420532
a;76218429641980;-9.361694;-2.614685;-0.106048584
a;76218449783581;-9.365097;-2.615219;-0.07937622
a;76218469925183;-9.45343;-2.7861328;-0.038848877
a;76218490066785;-9.48111;-2.8294525;-0.09628296
a;76218510208386;-9.431091;-2.771988;-0.099823
a;76218530349988;-9.368561;-2.7069855;-0.07992554
a;76218550491589;-9.395737;-2.719513;-0.0095825195
a;76218570633191;-9.493423;-2.838852;0.010650635
a;76218590774792;-9.510757;-2.8767242;-0.058776855
a;76218610916394;-9.537186;-2.904663;-0.079071045
a;76218631057995;-9.544983;-2.9113007;-0.03277588
a;76218651199597;-9.499863;-2.881256;0.059127808
a;76218671341199;-9.452911;-2.8316803;0.062194824
a;76218691482800;-9.451523;-2.7541962;0.063812256
a;76218711624402;-9.495178;-2.8231506;0.010299683
a;76218731766003;-9.497238;-2.8599854;1.2207031E-4
a;76218751907605;-9.480667;-2.8732605;-0.031341553
a;76218772049206;-9.472366;-2.8396912;0.0050964355
a;76218792190808;-9.493881;-2.8565674;0.0071258545
a;76218812332410;-9.534805;-2.8601532;-0.034805298
a;76218832474011;-9.525345;-2.879715;-0.10890198
a;76218852615613;-9.472;-2.8730621;-0.08947754
a;76218872757214;-9.432922;-2.8150787;-0.13909912
a;76218892898816;-9.43898;-2.7664185;-0.09762573
a;76218913040417;-9.42981;-2.7825775;-0.10166931
a;76218933182019;-9.460831;-2.77771;-0.09034729
a;76218953323620;-9.444626;-2.7674255;-0.1255951
a;76218973465222;-9.413666;-2.7861786;-0.16548157
a;76218993606824;-9.448959;-2.7745514;-0.16986084
a;76219013748425;-9.463364;-2.7587433;-0.13632202
a;76219033890027;-9.462265;-2.759903;-0.12602234
a;76219054031628;-9.453873;-2.7551117;-0.104003906
a;76219074173230;-9.4618225;-2.7890625;-0.12281799
a;76219094314831;-9.480652;-2.7748718;-0.1269989
a;76219114456433;-9.45816;-2.7891388;-0.109817505
a;76219134598035;-9.433701;-2.7476196;-0.11836243
a;76219154739636;-9.440979;-2.7738342;-0.08520508
a;76219174881238;-9.4774475;-2.7818146;-0.07208252
a;76219195022839;-9.475281;-2.7623901;-0.07839966
a;76219215164441;-9.503815;-2.725235;-0.14701843
a;76219235306042;-9.568146;-2.7795868;-0.06668091
a;76219255447644;-9.494858;-2.7923126;-0.043136597
a;76219275589245;-9.411011;-2.7747192;-0.0717926
a;76219295730847;-9.447876;-2.7247467;-0.035125732
a;76219315872449;-9.468491;-2.7362823;-0.044662476
a;76219336014050;-9.418442;-2.7891388;-0.06524658
a;76219356155652;-9.440506;-2.8198547;-0.10551453
a;76219376297253;-9.51326;-2.7951508;-0.13693237
a;76219396438855;-9.521103;-2.7346954;-0.11613464
a;76219416580456;-9.507095;-2.8189392;-0.15206909
a;76219436722058;-9.506119;-2.8228912;-0.15992737
a;76219456863660;-9.462387;-2.789795;-0.18486023
a;76219477005261;-9.396088;-2.7979584;-0.12895203
a;76219497146863;-9.433548;-2.7643738;-0.15238953
a;76219517288464;-9.416916;-2.7173462;-0.16104126
a;76219537430066;-9.419296;-2.7525787;-0.1531372
a;76219557571667;-9.474167;-2.7744904;-0.16127014
a;76219577713269;-9.473907;-2.7634277;-0.17271423
a;76219597854870;-9.446152;-2.777069;-0.16294861
a;76219617996472;-9.475632;-2.7487488;-0.17355347
a;76219638138074;-9.453918;-2.7416992;-0.18481445
a;76219658279675;-9.461594;-2.75148;-0.12672424
a;76219678421277;-9.489059;-2.762436;-0.14724731
a;76219698562878;-9.4817505;-2.7119293;-0.1333313
a;76219718704480;-9.469742;-2.7155914;-0.10397339
a;76219738846081;-9.5095825;-2.7363434;-0.16464233
a;76219758987683;-9.458984;-2.737732;-0.11338806
a;76219779129285;-9.444809;-2.6816864;-0.062347412
a;76219799270886;-9.491592;-2.6443634;-0.13079834
a;76219819412488;-9.49086;-2.6615448;-0.15390015
a;76219839575900;-9.5420685;-2.7327423;-0.11584473
a;76219859717502;-9.508728;-2.7664795;-0.094436646
a;76219879859103;-9.434616;-2.678482;-0.11280823
a;76219900000705;-9.438278;-2.6624756;-0.1391449
a;76219920142306;-9.482498;-2.7273102;-0.15956116
a;76219940283908;-9.451736;-2.7655487;-0.2029419
a;76219960425510;-9.48558;-2.7721558;-0.16557312
a;76219980567111;-9.512451;-2.7804413;-0.15516663
a;76220000708713;-9.480789;-2.7553406;-0.1835022
a;76220020850314;-9.46611;-2.703476;-0.22683716
a;76220040991916;-9.446701;-2.7400513;-0.19944763
a;76220061133517;-9.441956;-2.7622375;-0.21192932
a;76220081275119;-9.443558;-2.7341156;-0.20219421
a;76220101416721;-9.487762;-2.697113;-0.1906128
a;76220121558322;-9.531082;-2.7148438;-0.17819214
a;76220141699924;-9.502991;-2.7058258;-0.1967926
a;76220161841525;-9.523727;-2.738678;-0.15350342
a;76220181983127;-9.556503;-2.6916962;-0.175354
a;76220197089328;-9.540527;-2.7218323;-0.14685059
a;76220217230930;-9.588715;-2.7347717;-0.17721558
a;76220237372531;-9.65538;-2.7260437;-0.20640564
a;76220257514133;-9.623383;-2.7142487;-0.18009949
a;76220277655734;-9.574219;-2.6273956;-0.1506195
a;76220297797336;-9.597427;-2.623581;-0.15177917
a;76220317938937;-9.587494;-2.525177;-0.13064575
a;76220338080539;-9.584961;-2.5581512;-0.087265015
a;76220358222140;-9.543533;-2.5249176;-0.17185974
a;76220378363742;-9.54541;-2.553421;-0.17362976
a;76220398505344;-9.598389;-2.536972;-0.20567322
a;76220418646945;-9.588699;-2.5410461;-0.24279785
a;76220438788547;-9.6731415;-2.535675;-0.24223328
a;76220458930148;-9.731827;-2.5249634;-0.2015686
a;76220479071750;-9.608612;-2.4727783;-0.18566895
a;76220499213351;-9.622238;-2.444046;-0.19425964
a;76220519354953;-9.7065735;-2.4481964;-0.2214508
a;76220539496555;-9.6957855;-2.4132538;-0.21072388
a;76220559638156;-9.742584;-2.4682312;-0.24685669
a;76220579779758;-9.905182;-2.7888641;-0.19300842
a;76220599921359;-10.371613;-3.8533783;-0.19537354
a;76220620062961;-10.859543;-4.589142;-0.24813843
a;76220640204562;-10.854599;-4.304123;-0.4213562
a;76220660346164;-10.882492;-4.616165;-0.22923279
a;76220680487765;-10.82692;-4.8856964;-0.028915405
a;76220700629367;-10.550461;-5.1032104;0.30677795
a;76220720770969;-10.554779;-5.6482086;0.26911926
a;76220740912570;-10.509888;-6.4913025;-0.18486023
a;76220761054172;-10.283096;-6.3536987;-0.22981262
a;76220781195773;-9.91861;-5.8270264;0.11729431
a;76220801337375;-9.616043;-6.015671;0.44552612
a;76220821478976;-9.428513;-6.2862244;0.66101074
a;76220841620578;-9.196594;-6.8468933;0.9711609
a;76220861762180;-8.912048;-6.771408;0.9895325
a;76220881903781;-8.492294;-6.8014374;1.0215302
a;76220902045383;-7.8094025;-7.021408;1.1154633
a;76220922186984;-7.2763824;-7.810028;1.5699005
a;76220942328586;-6.747986;-7.655655;2.1345062
a;76220962470187;-6.4997864;-6.9967957;2.3053284
a;76220982611789;-6.2093964;-6.9705963;2.335205
a;76221002753390;-5.946274;-7.6881256;2.2597046
a;76221022894992;-5.6172028;-7.6286163;1.9817505
a;76221043036594;-5.404953;-7.2397003;2.3679657
a;76221063178195;-5.465637;-7.325287;2.1436462
a;76221083319797;-5.5256653;-7.4305573;1.9764404
a;76221103461398;-5.329193;-7.413391;2.1123962
a;76221123603000;-5.118271;-7.2947845;1.9581909
a;76221143744601;-4.84079;-7.043274;1.7879028
a;76221163886203;-4.6715393;-7.204788;1.2303619
a;76221184027805;-4.5761414;-7.6832275;1.0274353
a;76221204169406;-4.4542694;-8.688126;1.2534332
a;76221224311008;-4.434082;-8.434799;0.9588165
a;76221244452609;-4.5001373;-8.369919;0.9925537
a;76221264594211;-4.256775;-8.187607;1.4757385
a;76221284735812;-4.0046844;-7.922943;1.6709595
a;76221304877414;-3.7572174;-7.831894;1.6464081
a;76221325019015;-4.151718;-8.464905;1.6299286
a;76221345160617;-4.2286835;-8.477295;1.0251923
a;76221365302219;-3.7697449;-8.58699;0.96658325
a;76221385443820;-3.5174713;-8.139725;1.8857269
a;76221405585422;-3.4489746;-8.229828;2.1868134
a;76221425727023;-3.911026;-9.080826;2.1855164
a;76221445868625;-4.4221954;-8.960785;2.2904358
a;76221466010226;-4.33136;-8.874237;1.9348755
a;76221486151828;-3.997284;-8.656738;1.5716553
a;76221506293430;-4.267624;-9.464233;1.03302
a;76221526435031;-4.9579315;-10.63916;0.78611755
a;76221546576633;-4.2453003;-10.232147;1.2114716
a;76221566718234;-3.7697906;-9.031342;1.8730774
a;76221586859836;-3.3588867;-8.488388;2.4298706
a;76221607001437;-3.2289734;-7.68071;2.9405212
a;76221627143039;-2.806427;-7.6316986;3.7487488
a;76221647284640;-3.219864;-8.200668;3.520584
a;76221667426242;-3.0575867;-8.013321;3.018402
a;76221687567844;-3.4131927;-8.404526;2.600998
a;76221707709445;-3.7850037;-9.790695;1.7511597
a;76221727851047;-3.7236633;-10.115143;2.7660675
a;76221747992648;-3.2143097;-9.948502;3.5331726
a;76221768134250;-2.7724915;-10.553879;2.7238007
a;76221788275851;-2.6953735;-10.592865;1.5869751
a;76221808417453;-2.5236816;-9.213394;1.1131439
a;76221828559055;-2.4487762;-10.769424;0.7245178
a;76221848700656;-2.3137665;-9.274567;2.5267944
a;76221868842258;-2.668457;-9.825363;2.0111694
a;76221888983859;-2.9614105;-10.724731;0.52757263
a;76221909125461;-2.489975;-10.154846;0.56010437
a;76221929267062;-2.289917;-9.706314;1.2194824
a;76221949408664;-2.4434204;-9.324371;2.0707397
a;76221969550265;-2.3581696;-7.761978;2.175827
a;76221989691867;-2.3768616;-8.033997;0.9062958
a;76222009833469;-2.2982788;-8.13121;-0.24848938
a;76222029975070;-2.3065948;-7.942444;-1.146347
a;76222050116672;-2.6118164;-9.140045;-2.6335602
a;76222070258273;-2.1748505;-9.526138;-3.9934082
a;76222090399875;-2.201233;-9.260239;-5.031601
a;76222110541476;-2.303009;-9.314362;-5.0050354
a;76222130683078;-2.3178558;-8.515869;-4.8958435
a;76222150824680;-2.406128;-9.126389;-5.4723816
a;76222170966281;-2.1204987;-8.907745;-6.3437347
a;76222191107883;-2.1579132;-8.312195;-6.6374664
a;76222211249484;-2.2544403;-7.8711853;-6.6853485
a;76222231391086;-2.3264008;-8.255325;-7.0737762
a;76222251532687;-2.114273;-8.320068;-7.15094
a;76222271674289;-1.6178284;-7.438385;-6.7858124
a;76222291815890;-1.5862885;-6.9471893;-7.1039124
a;76222311957492;-1.826294;-6.7539063;-7.70813
a;76222332099094;-1.9845734;-6.9565887;-8.487122
a;76222352240695;-1.8135529;-7.253662;-8.595718
a;76222372382297;-1.6336212;-6.568161;-7.938736
a;76222392523898;-1.6905518;-5.7091675;-7.4857635
a;76222412665500;-1.6589203;-5.7773895;-7.871063
a;76222432807101;-1.5370941;-6.0655975;-8.544907
a;76222452948703;-1.4727478;-5.9618225;-9.13974
a;76222473090305;-1.4804993;-5.513733;-9.219269
a;76222493231906;-1.5459137;-5.3612976;-8.884918
a;76222513373508;-1.4561615;-5.3930664;-8.595367
a;76222533515109;-1.4909973;-5.262497;-8.403519
a;76222553656711;-1.5394592;-5.049179;-8.571594
a;76222573798312;-1.5408325;-4.9306183;-8.7343445
a;76222593939914;-1.5358582;-4.9078827;-8.701828
a;76222614081515;-1.619461;-5.1471252;-8.822876
a;76222634223117;-1.5266418;-5.3092957;-8.692566
a;76222654364719;-1.4238739;-4.9584045;-8.523666
a;76222674506320;-1.5078583;-4.7934113;-8.438583
a;76222694647922;-1.4351654;-5.0843353;-8.613983
a;76222714789523;-1.4983826;-5.1077423;-8.511841
a;76222734931125;-1.4534912;-5.0766296;-8.395493
a;76222755072726;-1.4990082;-4.970459;-8.296188
a;76222775214328;-1.4756775;-5.0518036;-8.219299
a;76222795355930;-1.5187988;-5.0013123;-8.342194
a;76222815497531;-1.6628723;-5.0729675;-8.5312805
a;76222835639133;-1.6032562;-5.09433;-8.47142
a;76222855780734;-1.5550079;-5.2053223;-8.2751465
a;76222875922336;-1.5491943;-5.166565;-8.147079
a;76222896063937;-1.6618042;-5.194748;-8.285416
a;76222916205539;-1.6385193;-5.266266;-8.436859
a;76222936347140;-1.6098633;-5.199539;-8.509415
a;76222956488742;-1.6219788;-5.1063385;-8.399719
a;76222976630344;-1.6200256;-5.2777405;-8.265137
a;76222996771945;-1.5968628;-5.404785;-8.230804
a;76223016913547;-1.7247925;-5.170456;-8.27861
a;76223037055148;-1.7233124;-5.118454;-8.4145355
a;76223057196750;-1.6248932;-5.188919;-8.4062805
a;76223077338351;-1.6083221;-5.2660065;-8.326675
a;76223097479953;-1.557663;-5.4205933;-8.185837
a;76223117621555;-1.63414;-5.44722;-8.264175
a;76223137763156;-1.7158508;-5.205307;-8.347565
a;76223157904758;-1.6408691;-5.2414856;-8.316788
a;76223178046359;-1.7010345;-5.376129;-8.3337555
a;76223198187961;-1.725708;-5.2542877;-8.266403
a;76223218329562;-1.6676636;-5.2317657;-8.225067
a;76223238471164;-1.7059479;-5.404419;-8.283295
a;76223258612765;-1.7546539;-5.2290344;-8.409714
a;76223278754367;-1.6869049;-5.3126526;-8.32515
a;76223298895969;-1.5753479;-5.4335175;-8.338257
a;76223319037570;-1.6978302;-5.520691;-8.300873
a;76223339179172;-1.8702698;-5.4356537;-8.14476
a;76223359320773;-1.7006989;-5.590988;-8.209183
a;76223379462375;-1.6835785;-5.6121063;-8.213348
a;76223399603976;-1.853775;-5.49559;-8.294617
a;76223419745578;-1.82547;-5.5280914;-8.4526825
a;76223439887180;-1.5354156;-5.988922;-8.902588
a;76223460028781;-1.5686035;-6.20549;-8.525375
a;76223480170383;-1.7900238;-5.301529;-7.8095093
a;76223500311984;-2.087265;-5.236389;-7.8650055
a;76223520453586;-1.8573303;-6.5579376;-8.877487
a;76223540595187;-1.6342621;-7.241089;-8.415131
a;76223560736789;-1.7437286;-5.554123;-7.3746185
a;76223580878390;-2.2474518;-5.6152344;-7.070999
a;76223601019992;-2.0118713;-6.9119873;-7.741562
a;76223621161594;-1.6992645;-7.368393;-8.152069
a;76223641303195;-1.8494568;-6.607498;-7.7062225
a;76223661444797;-2.0286713;-6.4072723;-7.4510956
a;76223681586398;-2.0740967;-6.9826355;-7.368973
a;76223701728000;-2.0833893;-7.451828;-7.9317017
a;76223721869601;-2.3079224;-8.305237;-8.123489
a;76223742011203;-2.3901672;-8.048172;-7.2463837
a;76223762152805;-2.237564;-7.2463226;-6.1532288
a;76223782294406;-2.0915833;-7.70813;-5.83197
a;76223802436008;-2.0823517;-8.689972;-6.2129517
a;76223822577609;-2.3369293;-9.604538;-6.476883
a;76223842719211;-2.5911865;-9.489914;-5.6529083
a;76223862860812;-2.372345;-8.102753;-3.6816864
a;76223883002414;-2.0239105;-7.5353546;-2.7428284
a;76223903144015;-2.3090973;-8.759735;-2.935669
a;76223923285617;-2.6623688;-10.110321;-2.896576
a;76223943427219;-2.7914429;-9.716354;-2.0342865
a;76223963568820;-2.632019;-9.200653;-1.6203156
a;76223983710422;-2.6878662;-10.41156;-2.0388336
a;76224003852023;-2.826004;-11.794556;-1.7773285
a;76224023993625;-2.4370728;-9.297638;0.1302185
a;76224044135226;-2.0516052;-7.013504;2.3442078
a;76224064276828;-2.5363312;-9.021988;2.0406036
a;76224084418430;-2.6062317;-9.531601;1.791336
a;76224104560031;-2.427948;-8.498337;2.4962158
a;76224124701633;-2.566681;-8.119888;3.760315
a;76224144843234;-2.7019043;-8.50679;4.6804504
a;76224164984836;-2.6990356;-8.907669;4.911667
a;76224185126437;-2.8084564;-9.066559;5.2750244
a;76224205268039;-2.897583;-8.99559;5.4767456
a;76224225409640;-2.9459076;-7.9004517;5.2552795
a;76224245551242;-3.0694427;-7.9845734;4.051117
a;76224265692844;-2.9333038;-8.11824;4.049576
a;76224285834445;-2.978775;-7.6199493;4.879837
a;76224305976047;-3.0311432;-7.3004456;5.4385376
a;76224326117648;-3.3170624;-7.393341;5.042694
a;76224346259250;-3.497879;-8.742798;3.4172363
a;76224366400851;-3.7033234;-9.006805;2.9677582
a;76224386542453;-3.6660461;-7.517853;3.359192
a;76224406684055;-3.9279785;-7.939026;3.391388
a;76224426825656;-3.666504;-7.794281;3.7311096
a;76224446967258;-3.5752869;-7.547119;3.7550812
a;76224467108859;-3.6499481;-7.5884094;3.6044922
a;76224487250461;-3.5398254;-7.031616;3.5585022
a;76224507392062;-3.6853638;-7.4504395;3.5029755
a;76224527533664;-3.982254;-8.089218;3.7993927
a;76224547675265;-4.2489166;-8.50386;4.1282196
a;76224567816867;-4.4576874;-8.919327;4.06575
a;76224587958469;-4.5091705;-8.869019;3.952774
a;76224608100070;-4.4315186;-8.590744;4.1552734
a;76224628241672;-4.548355;-9.038666;4.3836975
a;76224648383273;-4.6838226;-9.422531;4.361908
a;76224668524875;-4.446472;-9.507034;4.2170258
a;76224688666476;-4.2136993;-9.7061615;4.1061707
a;76224708808078;-4.150543;-9.249725;4.22937
a;76224728949680;-4.067459;-8.806488;4.2612457
a;76224749091281;-4.2177887;-8.74382;4.1973267
a;76224769232883;-4.3879395;-8.659546;4.025223
a;76224789374484;-4.247162;-8.65509;3.87677
a;76224809516086;-4.0914;-8.678467;3.6511993
a;76224829657687;-4.1831055;-8.4496;3.7629547
a;76224849799289;-4.319916;-8.210983;3.8546906
a;76224869940890;-4.315933;-8.219742;3.7569122
a;76224890082492;-4.36792;-8.013733;3.5999146
a;76224910224094;-4.604248;-7.9358063;3.4877625
a;76224930365695;-4.822937;-8.150879;3.3601532
a;76224950507297;-4.935898;-8.418732;3.1256409
a;76224970648898;-4.8322144;-8.288391;3.234558
a;76224990790500;-4.9286957;-7.995987;3.490448
a;76225010932101;-5.0815277;-7.737961;3.5422668
a;76225031073703;-5.0789795;-7.7808685;3.437439
a;76225051215305;-5.1311493;-7.918747;3.2506714
a;76225071356906;-5.29187;-8.010651;3.2724762
a;76225091498508;-5.4084015;-7.8901978;3.4467773
a;76225111640109;-5.601776;-7.707657;3.6259613
a;76225131781711;-5.6015167;-7.6873474;3.6375122
a;76225151923312;-5.849411;-7.528;3.3236237
a;76225172064914;-6.0970764;-7.330841;3.2020874
a;76225192206515;-6.328781;-7.1172333;3.2239838
a;76225212348117;-6.485443;-6.81369;3.1653748
a;76225232489719;-6.621002;-6.529953;3.1305695
a;76225252631320;-6.6252136;-6.2828217;3.452713
a;76225272772922;-6.717911;-5.8237;3.559021
a;76225292914523;-6.9213715;-5.655014;3.1751251
a;76225313056125;-7.0961456;-5.6479645;2.7411194
a;76225333197726;-7.3246155;-5.938858;2.5223083
a;76225353339328;-7.4852753;-5.6474;2.881668
a;76225373480930;-7.6581116;-5.155411;3.19281
a;76225393622531;-7.803787;-4.727112;3.2008057
a;76225413764133;-7.999771;-4.819336;2.811264
a;76225433905734;-8.101532;-5.0676117;2.5233154
a;76225454047336;-8.199814;-5.2643127;2.6320648
a;76225474188937;-8.534103;-5.356369;2.774582
a;76225494330539;-8.625336;-5.051773;2.775238
a;76225514472140;-8.777512;-5.131378;2.6128998
a;76225534613742;-8.931549;-5.3612366;2.3451843
a;76225554755344;-9.070221;-5.2058105;2.249878
a;76225574896945;-9.092987;-4.9105988;2.3327484
a;76225595038547;-9.135452;-4.767914;2.1846008
a;76225615180148;-9.176559;-4.7088013;2.0174713
a;76225635321750;-9.249725;-4.6269684;1.7569122
a;76225655463351;-9.505356;-4.4198;1.5117493
a;76225675604953;-9.586716;-4.4059906;1.3987732
a;76225695746555;-9.540787;-4.313095;0.9933014
a;76225715888156;-9.551132;-4.2101746;0.78341675
a;76225736029758;-9.735199;-3.8006897;0.6029358
a;76225756171359;-9.782303;-3.6286316;0.71676636
a;76225776312961;-9.867432;-3.5534515;0.7333069
a;76225796454562;-10.055191;-3.1686401;0.33511353
a;76225816596164;-10.164627;-2.988617;0.070510864
a;76225836737765;-10.402557;-2.9887695;-0.21136475
a;76225856879367;-10.455917;-3.183609;-0.38591003
a;76225877020969;-10.365692;-3.2736053;-0.8262787
a;76225897162570;-10.336731;-3.2612915;-1.0853271
a;76225917304172;-10.249191;-3.2285156;-1.092865
a;76225937445773;-10.182053;-3.1143188;-0.7720337
a;76225957587375;-10.111633;-2.7874146;-0.7283325
a;76225977728976;-10.020554;-2.40477;-0.67144775
a;76225997870578;-9.842743;-2.0633087;-0.75961304
a;76226018012180;-9.765808;-1.6407318;-0.6686554
a;76226038153781;-9.9487915;-1.6073608;-0.29255676
a;76226058295383;-10.022125;-1.7351379;-0.14738464
a;76226078436984;-9.736206;-1.789566;-0.101623535
a;76226098578586;-9.570618;-1.7456055;-0.3083191
a;76226118720187;-9.681076;-1.9177094;-0.23881531
a;76226138861789;-9.770081;-1.9370117;-0.10383606
a;76226159003390;-9.689514;-1.9155884;-0.054153442
a;76226179144992;-9.475693;-1.7558441;-0.30770874
a;76226199286594;-9.290344;-1.5122223;-0.39205933
a;76226219428195;-9.447769;-1.4781036;-0.48690796
a;76226239569797;-9.53334;-1.5917206;-0.41184998
a;76226259711398;-9.454163;-1.7245941;-0.33068848
a;76226279853000;-9.61377;-1.8361206;-0.20179749
a;76226299994601;-9.760559;-1.9296417;-0.24943542
a;76226320136203;-9.742783;-1.8704224;-0.37277222
a;76226340277805;-9.638123;-1.8488464;-0.34275818
a;76226360419406;-9.673477;-2.0058289;-0.44805908
a;76226380561008;-9.611572;-2.1090393;-0.4050293
a;76226400702609;-9.441193;-1.9125214;-0.37283325
a;76226420844211;-9.318253;-1.8269196;-0.36715698
a;76226440985812;-9.362839;-1.9024963;-0.40382385
a;76226461127414;-9.403488;-1.7723236;-0.42816162
a;76226481269015;-9.587418;-1.8057556;-0.48753357
a;76226501410617;-9.685791;-1.8822021;-0.5976715
a;76226521552219;-9.646866;-1.9210052;-0.6565399
a;76226541693820;-9.627563;-2.0627594;-0.68096924
a;76226561835422;-9.611435;-2.395996;-0.67404175
a;76226581977023;-9.787033;-2.6867065;-0.6075287
a;76226602118625;-10.066101;-2.9578247;-0.6639862
a;76226622260226;-10.196899;-3.0691986;-0.7012634
a;76226642401828;-10.134201;-3.039093;-0.50231934
a;76226662543430;-10.035736;-3.003601;-0.33273315
a;76226682685031;-9.936478;-2.9238586;-0.20976257
a;76226702826633;-9.850098;-2.8401794;-0.24819946
a;76226722968234;-9.671417;-2.872223;-0.43263245
a;76226743109836;-9.53595;-3.3513794;-0.78302
a;76226763251437;-9.457764;-3.7781372;-0.8445282
a;76226783393039;-9.360321;-3.619629;-0.7247009
a;76226803534640;-9.229782;-3.2847443;-0.47283936
a;76226823676242;-9.36792;-3.628296;-0.1605072
a;76226843817844;-9.834152;-4.530014;-0.5845032
a;76226863959445;-10.348724;-6.9038086;-1.3010712
a;76226884101047;-10.460236;-7.5938263;-1.346283
a;76226904242648;-10.121628;-6.1242065;-0.29536438
a;76226924384250;-9.941238;-6.292877;0.83335876
a;76226944525851;-10.633499;-7.7109985;1.0568085
a;76226964667453;-10.587662;-7.387863;0.73417664
a;76226984809055;-9.844498;-7.007126;0.32810974
a;76227004950656;-9.045395;-7.016815;0.17755127
a;76227025092258;-8.619583;-6.5422516;0.20748901
a;76227045233859;-8.001083;-5.302765;0.6937561
a;76227065375461;-7.388443;-4.420395;1.0907898
a;76227085517062;-6.8785706;-3.7817078;1.3837738
a;76227105658664;-6.498184;-3.7686768;1.5074615
a;76227125800265;-6.3288727;-3.6916046;1.4407806
a;76227145941867;-6.2233276;-4.188431;1.5620575
a;76227166083469;-6.7519073;-5.3881836;1.4225159
a;76227186225070;-6.9707794;-5.570404;1.5482025
a;76227206366672;-6.928711;-5.132263;2.076477
a;76227226508273;-6.9544525;-4.6946564;2.553482
a;76227246649875;-6.769348;-4.1901855;2.598648
a;76227266791476;-6.2688293;-3.6009216;2.6261597
a;76227286933078;-6.061798;-3.5635834;2.780075
a;76227307074680;-6.2453156;-4.111191;2.9209137
a;76227327216281;-6.2419586;-4.2888947;2.983078
a;76227347357883;-6.2552643;-4.5311127;2.59169
a;76227367499484;-6.4662323;-4.888809;2.2959747
a;76227387641086;-6.900482;-5.7924805;2.031662
a;76227407782687;-7.016388;-5.978882;1.802002
a;76227427924289;-7.1662292;-6.3813934;1.9052887
a;76227448065890;-7.736725;-6.7245636;1.7844849
a;76227468207492;-7.9726105;-7.153656;1.6008911
a;76227488349094;-8.294952;-7.692047;1.3710327
a;76227508490695;-8.422089;-7.6497498;1.3527374
a;76227528632297;-8.624771;-7.801773;1.5833893
a;76227548773898;-8.853912;-7.672333;1.5155792
a;76227568915500;-8.478516;-7.1503143;1.399292
a;76227589057101;-8.17128;-6.7217255;1.2935333
a;76227609198703;-8.28772;-6.8942413;1.2942047
a;76227629340305;-8.4088745;-6.825653;1.3071289
a;76227649481906;-8.3758545;-6.769104;1.3114777
a;76227669623508;-8.394714;-6.409485;0.93411255
a;76227689765109;-8.271637;-6.0497284;0.73794556
a;76227709906711;-8.19104;-5.6628265;0.8065491
a;76227730048312;-8.2374115;-5.5770264;1.0799713
a;76227750189914;-8.603851;-5.811859;1.2853699
a;76227770331515;-8.917603;-5.820923;1.1755371
a;76227790473117;-8.791122;-5.6180573;0.969223
a;76227810614719;-8.739838;-5.3286133;0.81307983
a;76227830756320;-8.7509;-5.1632996;0.8341522
a;76227850897922;-8.819992;-5.195801;1.0675659
a;76227871039523;-9.019531;-5.274933;1.2206879
a;76227891181125;-9.177017;-5.1862946;1.0484924
a;76227911322726;-9.10228;-5.027939;0.8703766
a;76227931464328;-8.949219;-4.850937;0.7766266
a;76227951605930;-8.869141;-4.6789856;0.82722473
a;76227971747531;-8.828705;-4.5715027;0.95869446
a;76227991889133;-8.838821;-4.4095;0.9402466
a;76228012030734;-8.803665;-4.2697296;0.82514954
a;76228032172336;-8.753952;-4.117813;0.6844635
a;76228052313937;-8.8324585;-4.232727;0.67663574
a;76228072455539;-9.003113;-4.279434;0.67115784
a;76228092597140;-9.040161;-4.252014;0.59565735
a;76228112738742;-9.090103;-4.252228;0.57884216
a;76228132880344;-9.182388;-4.3206635;0.579834
a;76228153021945;-9.212616;-4.2272644;0.51675415
a;76228173163547;-9.230759;-4.1716003;0.578537
a;76228193305148;-9.249878;-4.1787415;0.62646484
a;76228213446750;-9.248199;-4.163391;0.63375854
a;76228233588351;-9.204208;-4.0440674;0.6080475
a;76228253729953;-9.154007;-4.060547;0.5400238
a;76228273871555;-9.107483;-4.0937653;0.53834534
a;76228294013156;-9.0984955;-4.155899;0.5420227
a;76228314154758;-9.0998535;-4.080414;0.5660553
a;76228334296359;-9.103226;-4.0254974;0.54852295
a;76228354437961;-9.110764;-3.9435577;0.53074646
a;76228374579562;-9.133591;-3.8978424;0.5237274
a;76228394721164;-9.124115;-3.8410187;0.5346985
a;76228414862765;-9.158569;-3.7668457;0.52360535
a;76228435004367;-9.203995;-3.7202606;0.55485535
a;76228455145969;-9.167282;-3.6753693;0.48428345
a;76228475287570;-9.140457;-3.6305695;0.4888153
a;76228495429172;-9.213455;-3.618103;0.443985
a;76228515570773;-9.288773;-3.5652618;0.38781738
a;76228535712375;-9.30864;-3.542511;0.4319458
a;76228555853976;-9.310028;-3.5624542;0.472229
a;76228575995578;-9.275558;-3.5153046;0.42485046
a;76228596137180;-9.270889;-3.5144348;0.4471283
a;76228616278781;-9.263657;-3.4558716;0.47982788
a;76228636420383;-9.28801;-3.4655457;0.528244
a;76228656561984;-9.270737;-3.4778442;0.5279846
a;76228676703586;-9.270859;-3.5361328;0.5221863
a;76228696845187;-9.2886505;-3.5073547;0.5187378
a;76228716986789;-9.291122;-3.466507;0.54815674
a;76228737128390;-9.302429;-3.5123901;0.48408508
a;76228757269992;-9.344986;-3.5397797;0.46809387
a;76228777411594;-9.315796;-3.5399475;0.43351746
a;76228797553195;-9.268539;-3.5121002;0.45832825
a;76228817694797;-9.309845;-3.4854736;0.504303
a;76228837836398;-9.311295;-3.5005035;0.5243988
a;76228857978000;-9.263382;-3.4483337;0.48208618
a;76228878119601;-9.244675;-3.4621582;0.43104553
a;76228898261203;-9.240601;-3.5501556;0.44657898
a;76228918402805;-9.275879;-3.4947662;0.43499756
a;76228938544406;-9.283676;-3.4399567;0.44856262
a;76228958686008;-9.303635;-3.470932;0.5048523
a;76228978827609;-9.323105;-3.5408325;0.433136
a;76228998969211;-9.306381;-3.492569;0.44458008
a;76229019110812;-9.306107;-3.472412;0.41726685
a;76229039252414;-9.357956;-3.5502167;0.43089294
a;76229059394015;-9.345612;-3.5610504;0.47401428
a;76229079535617;-9.284195;-3.5345917;0.45318604
a;76229099677219;-9.241516;-3.5337067;0.5031433
a;76229119818820;-9.214706;-3.5078278;0.5031891
a;76229139960422;-9.303009;-3.695816;0.52537537
a;76229160102023;-9.537949;-4.0631104;0.4277954
a;76229180243625;-9.4947815;-4.2710876;0.42099
a;76229200385226;-9.361877;-4.3419495;0.4673767
a;76229220526828;-9.288696;-4.256653;0.55900574
a;76229240668430;-9.240845;-4.2393494;0.6143799
a;76229260810031;-9.367386;-4.756546;0.6603241
a;76229280951633;-9.481384;-5.49469;0.3604126
a;76229301093234;-9.45816;-6.435257;-0.0158844
a;76229321234836;-9.587265;-6.9691925;0.17121887
a;76229341376437;-9.543884;-6.3188477;0.6622162
a;76229361518039;-9.276352;-5.694992;1.1868896
a;76229381659640;-9.230591;-5.5901337;1.3142395
a;76229401801242;-8.920624;-5.5489197;1.1721954
a;76229421942844;-8.737671;-5.95578;0.88031006
a;76229442084445;-8.786774;-6.445526;0.6620178
a;76229462226047;-8.720154;-5.8355103;0.77311707
a;76229482367648;-8.599319;-5.43071;0.92785645
a;76229502509250;-8.494507;-5.0918274;1.0789642
a;76229522650851;-8.294113;-4.844162;1.1653137
a;76229542792453;-8.1884;-4.855438;1.1895599
a;76229562934055;-8.321442;-5.0101013;1.1825256
a;76229583075656;-8.400497;-5.3554993;1.0120392
a;76229603217258;-7.9657745;-4.679901;1.150177
a;76229623358859;-7.7769775;-4.30632;1.3610077
a;76229643500461;-7.8348846;-4.5742645;1.6017761
a;76229663642062;-7.679123;-4.570282;1.6437073
a;76229683783664;-7.506317;-4.5369415;1.6780243
a;76229703925265;-7.400818;-4.8671265;1.7059174
a;76229724066867;-7.525589;-6.0665894;1.5007629
a;76229744208469;-7.7023926;-6.9244995;1.2404785
a;76229764350070;-7.35524;-6.810379;1.2849121
a;76229784491672;-7.062546;-6.6575165;1.5873108
a;76229804633273;-7.1838684;-6.5303345;1.7914886
a;76229824774875;-7.1960907;-6.6398163;1.9889374
a;76229844905858;-7.3250427;-7.43544;1.7462769
a;76229865047460;-7.251465;-8.022675;1.42836
a;76229885189062;-7.0130157;-7.7479706;1.5474396
a;76229905330663;-6.9421234;-7.4739532;1.8117523
a;76229925472265;-6.9138794;-7.1108704;2.04953
a;76229945613866;-6.819229;-6.9255524;2.0978394
a;76229965755468;-6.7630157;-6.7441254;2.1243744
a;76229985897069;-6.807205;-6.6267548;2.0119019
a;76230006038671;-6.8743286;-6.3736877;1.9205933
a;76230026180272;-6.8335114;-6.2872925;1.937973
a;76230046321874;-6.82164;-6.236206;1.9653931
a;76230066463476;-6.8433075;-6.222473;2.0189667
a;76230086605077;-6.9760895;-6.4687653;1.9159698
a;76230106746679;-7.0566864;-6.647522;1.8459778
a;76230126888280;-7.1307983;-6.775879;1.7975616
a;76230147029882;-7.1680756;-6.8048096;1.774292
a;76230167171483;-7.2108917;-6.7502747;1.833313
a;76230187313085;-7.2489624;-6.6902313;1.9204102
a;76230207454687;-7.24321;-6.713394;1.9197845
a;76230227596288;-7.2738953;-6.9108734;1.8741455
a;76230247737890;-7.3451843;-7.0430756;1.7962341
a;76230267879491;-7.359024;-7.1385803;1.6712799
a;76230288021093;-7.3004303;-7.0851593;1.696701
a;76230308162694;-7.322342;-6.9839325;1.7589569
a;76230328304296;-7.264282;-6.8700104;1.7558746
a;76230348445897;-7.1950684;-6.9188232;1.6989136
a;76230368587499;-7.294235;-7.100342;1.6730652
a;76230388729101;-7.280777;-7.1526947;1.6668701
a;76230408870702;-7.324188;-7.187332;1.5676422
a;76230429012304;-7.318817;-7.0450897;1.5744476
a;76230449153905;-7.332901;-7.036499;1.6443329
a;76230469295507;-7.360916;-7.0490875;1.7103271
a;76230489437108;-7.345001;-7.019409;1.5506439
a;76230509578710;-7.372101;-7.0233765;1.5832672
a;76230529720312;-7.3555756;-6.9630127;1.5781555
a;76230549861913;-7.3131714;-6.929886;1.5969849
a;76230570003515;-7.3325806;-6.9397736;1.5640411
a;76230590145116;-7.3683777;-6.8799896;1.5414276
a;76230610286718;-7.386902;-6.8535004;1.5282745
a;76230630428319;-7.435959;-6.841522;1.5822449
a;76230650569921;-7.419739;-6.7891235;1.5873108
a;76230670711522;-7.398361;-6.7701874;1.5773163
a;76230690853124;-7.3872223;-6.8107758;1.5504761
a;76230710994726;-7.380966;-6.7479095;1.5924988
a;76230731136327;-7.364685;-6.6925354;1.5847015
a;76230751277929;-7.374954;-6.7045593;1.6122589
a;76230771419530;-7.3880615;-6.686493;1.6235504
a;76230791561132;-7.400818;-6.733795;1.6217041
a;76230811702733;-7.4222565;-6.7898865;1.5734558
a;76230831844335;-7.4326935;-6.7891083;1.5207825
a;76230851985937;-7.4067383;-6.715576;1.6007996
a;76230872127538;-7.397766;-6.6517944;1.6334381
a;76230892269140;-7.433319;-6.7121887;1.5727081
a;76230912410741;-7.4051666;-6.719818;1.542923
a;76230932552343;-7.4124603;-6.7762604;1.5503693
a;76230952693944;-7.4695587;-6.7736206;1.4943237
a;76230972835546;-7.4404297;-6.7283173;1.4790802
a;76230992977147;-7.46373;-6.8174744;1.4530792
a;76231013118749;-7.504059;-7.040909;1.4604187
a;76231033260351;-7.4285583;-7.081711;1.4873047
a;76231053401952;-7.3375244;-7.070862;1.4747772
a;76231073543554;-7.3162994;-7.122574;1.4666138
a;76231093685155;-7.3094025;-7.274185;1.415863
a;76231113826757;-7.3797455;-7.7876587;1.339035
a;76231133968358;-7.4600067;-8.18869;1.1815948
a;76231154109960;-7.425064;-8.674484;1.205658
a;76231174251562;-7.538803;-9.044739;1.2655029
a;76231194393163;-7.523041;-9.572464;1.2945251
a;76231214534765;-7.461853;-10.1147;1.2169647
a;76231234676366;-7.169113;-10.127014;1.3619995
a;76231254817968;-7.0401306;-10.302872;1.6454926
a;76231274959569;-7.1285095;-10.18927;1.8638
a;76231295101171;-6.647949;-9.938858;1.9443207
a;76231315242772;-6.565338;-10.154327;1.9144897
a;76231335384374;-6.7213135;-9.827667;1.9999084
a;76231355525976;-6.3194733;-9.238525;2.1059723
a;76231375667577;-5.7455597;-8.988937;2.4283752
a;76231395809179;-5.8004913;-8.879028;2.5807495
a;76231415950780;-5.8780975;-8.8259735;2.647873
a;76231436092382;-5.265381;-8.153595;2.6637878
a;76231456233983;-4.801468;-7.6023865;2.578598
a;76231476375585;-4.6586;-7.308136;2.6238098
a;76231496517187;-4.6439667;-6.678589;3.2290497
a;76231516658788;-4.4538574;-6.152664;3.8367462
a;76231536800390;-4.3246155;-5.9496765;4.003128
a;76231556941991;-4.2900543;-5.861374;4.010544
a;76231577083593;-4.163162;-5.9672394;4.2737427
a;76231597225194;-4.011261;-6.135437;4.458664
a;76231617366796;-3.7352295;-6.342865;4.7238617
a;76231637508397;-3.775299;-6.4344482;5.0089874
a;76231657649999;-3.5357819;-6.548996;5.343292
a;76231677791601;-3.340454;-6.5790863;5.576233
a;76231697933202;-3.258728;-6.7504272;5.42807
a;76231718074804;-3.0769653;-7.2510376;5.1391144
a;76231738216405;-2.9394073;-7.387512;5.429779
a;76231758358007;-2.7002869;-7.5242767;5.736496
a;76231778499608;-2.6812592;-7.578308;6.0648193
a;76231798641210;-2.6260376;-7.7471466;6.062912
a;76231818782812;-2.4576874;-7.6752777;5.8895416
a;76231838924413;-2.2520447;-7.553055;5.7789764
a;76231859066015;-2.4606476;-7.4459686;5.94989
a;76231879207616;-3.3264008;-6.9902344;7.1228333
a;76231899349218;-3.5559082;-7.0644073;7.450775
a;76231919490819;-3.4635925;-7.5319366;7.2660065
a;76231939632421;-3.3704834;-7.9473724;6.3477783
a;76231959774022;-3.5426636;-7.824402;5.6957245
a;76231979915624;-3.5331879;-7.7748413;6.5083923
a;76232000057226;-3.4799347;-7.3838043;7.0871887
a;76232020198827;-2.972641;-7.5294495;7.0500793
a;76232040340429;-2.8312836;-7.841217;6.653763
a;76232060482030;-2.7097473;-7.900055;6.396057
a;76232080623632;-2.5240936;-7.6724243;6.1849976
a;76232100765233;-2.3671722;-7.790344;6.4060364
a;76232120906835;-2.3033905;-7.9116516;6.682129
a;76232141048437;-2.260788;-7.9382324;6.5558167
a;76232161190038;-2.0193787;-7.72348;6.4141235
a;76232181331640;-1.9616394;-7.788391;6.3546753
a;76232201473241;-2.1015167;-7.709564;6.2578125
a;76232221614843;-2.2010345;-7.236511;6.6724243
a;76232241756444;-2.2128143;-6.765732;7.287735
a;76232261898046;-2.2360535;-6.8955536;7.4546356
a;76232282039647;-2.5003662;-6.899475;7.497574
a;76232302181249;-2.506073;-6.5647736;7.5267944
a;76232322322851;-2.645279;-5.872879;7.853546
a;76232342464452;-2.70578;-5.3834686;7.9390564
a;76232362606054;-2.8834534;-5.208679;8.095505
a;76232382747655;-3.0000763;-4.9524536;8.281158
a;76232402889257;-3.1292572;-4.764847;8.501434
a;76232423030858;-3.318451;-4.533249;8.506393
a;76232443172460;-3.2248383;-4.168045;8.450928
a;76232463314062;-3.1128693;-3.777008;8.563019
a;76232483455663;-3.1383057;-3.6001434;8.612152
a;76232503597265;-3.261795;-3.3764496;8.6792755
a;76232523738866;-3.3312225;-3.1992645;8.74057
a;76232543880468;-3.4123077;-2.8722992;8.90271
a;76232564022069;-3.4022522;-2.9740906;8.892639
a;76232584163671;-3.592636;-3.1347961;8.819275
a;76232604305272;-3.4929352;-2.9189453;8.788116
a;76232624446874;-3.436966;-2.769989;8.80574
a;76232644588476;-3.4747925;-2.9455566;8.762787
a;76232664730077;-3.490631;-2.8465118;8.90448
a;76232684871679;-3.326767;-2.7588196;8.950684
a;76232705013280;-3.2607574;-2.7437592;8.917603
a;76232725154882;-3.157898;-2.6881561;8.926331
a;76232745296483;-3.1148987;-2.594925;8.959717
a;76232765438085;-3.0429535;-2.5115356;9.00209
a;76232785579687;-3.0558624;-2.674179;8.982849
a;76232805721288;-3.0901337;-2.7462616;8.979797
a;76232825862890;-3.1593628;-2.5304108;9.106766
a;76232846004491;-3.2070007;-2.2699127;9.2426605
a;76232866146093;-3.1877441;-2.4260864;9.150024
