a;68839315287906;1.6815643;-1.0296936;9.407135
a;68839335429508;1.6065063;-0.98461914;9.374268
a;68839355571110;1.5938263;-1.1285095;9.373383
a;68839375712711;1.6564484;-1.301712;9.275635
a;68839395854313;1.81781;-1.7512665;9.047668
a;68839415995914;1.8661499;-1.6995392;9.094269
a;68839436137516;1.6436005;-1.5262451;9.279587
a;68839456279117;2.2075043;-1.6117859;9.551697
a;68839476420719;1.6087036;-1.0848846;9.635117
a;68839496562320;1.6518402;-1.1369629;9.699295
a;68839516703922;1.8103485;-1.3302155;9.644806
a;68839536845524;1.5918579;-1.2023926;9.547653
a;68839556987125;1.7189178;-1.010025;9.309219
a;68839577128727;1.5949554;-1.0441895;9.050201
a;68839597270328;1.6373749;-1.1278076;8.884003
a;68839617411930;1.7475128;-1.1696472;8.924271
a;68839637553531;1.789093;-0.9720154;8.950211
a;68839657695133;1.932312;-0.80158997;8.906754
a;68839677836735;2.375595;-0.7418976;8.747131
a;68839697978336;2.6460724;-0.30436707;8.710098
a;68839718119938;3.0167847;0.71224976;8.648117
a;68839738261539;3.518982;1.7569427;8.682632
a;68839758403141;4.4364777;2.581894;7.952133
a;68839778544742;5.788452;1.039444;6.7420654
a;68839798686344;6.1594543;-1.2475586;5.1979523
a;68839818827945;5.6676025;-2.1443176;5.042755
a;68839838969547;5.3693085;-2.908554;5.139633
a;68839859111149;5.263153;-4.7795563;5.4719086
a;68839879252750;5.96315;-8.059967;6.774475
a;68839899394352;9.8078;-15.761902;5.284683
a;68839919535953;11.281372;-20.031967;-1.7260742
a;68839939677555;6.2808228;-20.031967;-1.289444
a;68839959819156;1.749115;-20.031967;2.32695
a;68839979960758;-2.3659363;-19.195496;1.2510986
a;68840000102360;-2.5954285;-15.383087;-3.4642944
a;68840020243961;-1.261795;-5.6781006;-6.3597565
a;68840040385563;0.0953064;7.568115;-7.8378143
a;68840060527164;-0.64979553;18.041412;-9.224976
a;68840080668766;-2.3491821;18.967438;-9.717133
a;68840100810367;-0.537323;18.967438;-7.080246
a;68840120951969;1.0666351;18.78386;-0.30541992
a;68840141093570;2.1179504;11.71669;4.1172028
a;68840161235172;9.988846;-0.66807556;2.468277
a;68840181376774;18.761993;-18.072144;-4.4934845
a;68840201518375;15.344559;-20.031967;3.400589
a;68840221659977;8.21727;-20.031967;7.674515
a;68840241801578;3.2850647;-20.031967;2.8731537
a;68840261943180;5.3476105;-17.30458;-2.441681
a;68840282084781;10.6206665;0.03869629;-4.5661163
a;68840302226383;13.069168;17.441147;-12.537613
a;68840322367985;-5.416916;18.967438;-7.2096405
a;68840342509586;-0.5913696;18.967438;-4.058853
a;68840362651188;3.3885193;18.967438;1.4365234
a;68840382792789;6.3205414;11.150986;2.417633
a;68840402934391;18.32428;-3.6946564;-3.1647797
a;68840423075992;19.394623;-19.330887;1.9024658
a;68840443217594;15.13974;-20.031967;10.885468
a;68840463359195;7.0838013;-20.031967;9.046143
a;68840483500797;2.6170502;-20.031967;1.4197693
a;68840503642399;5.664093;-16.348007;-1.3889618
a;68840523784000;9.508118;4.850464;-3.0268097
a;68840543925602;10.510529;18.468475;-11.495102
a;68840564067203;-2.857254;18.967438;-7.396759
a;68840584208805;-0.7854309;18.967438;-2.133377
a;68840604350406;1.3403473;18.967438;4.8339996
a;68840624492008;6.0655365;11.265717;1.9557037
a;68840644633610;18.383118;-2.102707;-4.871933
a;68840664775211;18.200378;-18.897339;7.6956787
a;68840684916813;10.659088;-20.031967;17.029922
a;68840705058414;5.199692;-20.031967;8.210342
a;68840725200016;2.0801544;-20.027618;0.57724
a;68840745341617;5.6822815;-12.368515;-1.4924927
a;68840765483219;9.698273;5.613266;-3.2409058
a;68840785624820;8.749435;18.722595;-10.583389
a;68840805766422;-3.7485046;18.967438;-8.207199
a;68840825908024;0.6895294;18.967438;-2.9509583
a;68840846049625;2.1531525;17.627075;3.4200592
a;68840866191227;5.2110443;9.343216;2.0926208
a;68840886332828;18.27922;-7.156357;-3.8043365
a;68840906474430;19.041977;-19.83429;3.1711426
a;68840926616031;10.514786;-20.031967;14.809494
a;68840946757633;5.5483704;-20.031967;8.140701
a;68840966899235;1.6665955;-20.031967;1.4898834
a;68840987040836;5.323929;-16.624878;-0.23884583
a;68841007182438;8.514526;-2.1934662;-1.0939941
a;68841027324039;9.707611;17.100739;-8.447952
a;68841047465641;0.7131653;18.967438;-5.264679
a;68841067607242;-3.1920166;18.967438;-4.729187
a;68841087748844;1.7976532;18.102325;-2.0568237
a;68841107890445;2.1423645;12.166351;1.7157135
a;68841128032047;7.0625;3.5633087;1.4791107
a;68841148173649;12.595169;-7.3178406;0.09039307
a;68841168315250;18.024399;-20.031967;4.921234
a;68841188456852;8.870529;-20.031967;9.114578
a;68841208598453;2.1453857;-20.031967;8.201706
a;68841228740055;0.036117554;-20.031967;2.422165
a;68841248881656;3.4656677;-16.030502;0.20483398
a;68841269023258;8.15863;1.3273468;-1.3183289
a;68841289164860;7.8791046;14.552765;-4.7137604
a;68841309306461;-0.4803772;16.531662;-2.0927887
a;68841329448063;-3.6088257;11.122025;-1.7098541
a;68841349589664;-1.7619629;7.107773;0.44950867
a;68841369731266;-0.7315521;4.919647;0.67077637
a;68841389872867;0.65226746;0.8652191;0.37895203
a;68841410014469;1.5305328;-2.4521637;-0.018920898
a;68841430156070;1.6066589;-2.6569214;-0.023773193
a;68841450297672;4.387329;-7.5049133;3.517044
a;68841470439274;8.289581;-18.476196;7.488266
a;68841490580875;6.4974823;-17.216583;5.6392975
a;68841510722477;4.6244354;-9.596176;4.977768
a;68841530864078;5.782364;-6.083069;5.3999786
a;68841551005680;5.648224;-7.7916565;4.9005737
a;68841571147281;4.6887207;-7.098892;4.1181183
a;68841591288883;4.655655;-7.091461;4.994751
a;68841611430485;7.461334;-13.288193;5.9097595
a;68841631572086;7.2332916;-12.625229;5.751114
a;68841651713688;5.2870636;-6.9566956;4.921158
a;68841671855289;5.3564606;-2.4722595;2.3584442
a;68841691996891;5.821884;-0.9016113;1.0122986
a;68841712138492;6.7834473;-1.184845;-0.6655121
a;68841732280094;8.6935425;-0.53144836;-0.3623047
a;68841752421695;10.104904;2.1688232;0.41345215
a;68841772563297;10.795853;2.6187744;0.5354767
a;68841792704899;12.597168;2.531601;0.6876373
a;68841812846500;17.151855;2.707077;2.515976
a;68841832988102;18.938278;1.6014252;3.4689636
a;68841853129703;17.41362;-1.4249268;2.4573975
a;68841873271305;15.6523285;-3.8321838;0.7602234
a;68841893412906;14.478256;-4.35643;0.42199707
a;68841913554508;13.786194;-3.868988;0.24983215
a;68841933696110;12.240463;-3.2408142;0.28834534
a;68841953837711;10.664597;-2.906479;0.6642151
a;68841973979313;10.270859;-2.5244904;1.1593933
a;68841994120914;10.573883;-1.8640137;1.1921539
a;68842014262516;10.2756195;-1.613205;0.99464417
a;68842034404117;9.680374;-1.8514404;0.8195648
a;68842054545719;9.676559;-2.0748749;0.81999207
a;68842074687320;10.078537;-2.2691345;0.70796204
a;68842094828922;10.05246;-2.2255707;0.30900574
a;68842114970524;9.538147;-1.8161163;0.21870422
a;68842135112125;9.70665;-1.529953;0.7098236
a;68842155253727;10.397369;-1.3422699;0.59155273
a;68842175395328;10.275513;-1.1216888;0.33465576
a;68842195536930;9.64473;-1.1012268;0.36444092
a;68842215678531;9.801132;-1.329483;0.5444946
a;68842235820133;10.268311;-1.4417725;0.43458557
a;68842255961735;9.626495;-1.4524536;0.21765137
a;68842276103336;8.8181305;-1.6304474;0.18263245
a;68842296244938;9.396271;-1.7706604;0.23410034
a;68842316386539;10.214127;-1.7001343;0.025131226
a;68842336528141;9.790619;-1.6072998;-0.07185364
a;68842356669742;9.472549;-1.4570923;0.49357605
a;68842376811344;9.570618;0.025482178;1.5718231
a;68842396952945;9.364975;-0.3607025;1.285675
a;68842417094547;8.630173;-0.87345886;1.1734467
a;68842437236149;9.21756;-1.1981049;1.4799957
a;68842457377750;9.875153;-1.2332306;1.6540527
a;68842477519352;10.61142;-1.3654938;1.3584747
a;68842497660953;10.039612;-1.2869873;1.4887085
a;68842517802555;9.182526;-1.5348053;2.072937
a;68842537944156;9.35527;-1.7454376;3.0106964
a;68842558085758;9.880783;-2.2708435;3.7291718
a;68842578227360;10.222107;-2.0696259;3.4981232
a;68842598368961;9.744217;-1.4526062;2.9032745
a;68842618510563;9.068115;-1.9131317;3.0258331
a;68842638652164;8.840485;-3.1955414;3.681488
a;68842658793766;9.142471;-3.7319946;3.9315643
a;68842678935367;9.124741;-3.56456;3.7114105
a;68842699076969;8.697098;-3.6381073;3.4345856
a;68842719218570;8.5321045;-4.1912384;3.4037476
a;68842739360172;8.53598;-5.011444;3.6421814
a;68842759501774;8.549789;-5.148224;3.6519165
a;68842779643375;8.3376465;-4.8606415;3.7513885
a;68842799784977;8.17926;-4.6686554;3.8237762
a;68842819926578;8.053116;-4.9309235;4.080124
a;68842840068180;8.120438;-4.9463196;4.303604
a;68842860209781;7.963516;-5.0125885;4.286255
a;68842880351383;7.4428253;-5.070694;4.309799
a;68842900492985;7.0233154;-5.030594;4.2044983
a;68842920634586;7.154297;-5.2959137;4.44545
a;68842940776188;7.000763;-5.2036743;4.704193
a;68842960917789;6.342148;-5.117035;4.862137
a;68842981059391;5.9244995;-4.944397;4.942459
a;68843001200992;5.8894653;-4.7637634;4.8982086
a;68843021342594;5.6623535;-4.873459;4.8346405
a;68843041484195;5.550888;-4.8966217;4.573883
a;68843061625797;5.1622467;-4.663986;4.4501343
a;68843081767399;5.253845;-4.0925903;4.5243225
a;68843101909000;5.8150024;-3.7733765;4.175461
a;68843122050602;6.079315;-4.128952;3.7661133
a;68843142192203;6.1949005;-4.461426;3.550644
a;68843162333805;6.1041718;-4.00943;4.0942535
a;68843182475406;6.295868;-3.6529388;4.3308563
a;68843202617008;6.4392853;-3.1876068;4.2246094
a;68843222758610;6.5735474;-3.581955;3.3177185
a;68843242900211;6.981003;-3.9947205;3.0154114
a;68843263041813;7.375763;-3.4986267;3.4675293
a;68843283183414;7.655121;-3.0146332;3.9152985
a;68843303325016;7.864319;-2.7174835;3.7648468
a;68843323466617;7.9073486;-3.1119995;3.3188934
a;68843343608219;8.223907;-3.2188568;3.4599915
a;68843363749820;8.60791;-2.4128265;4.177826
a;68843383891422;8.80191;-2.197937;4.14328
a;68843404033024;8.858582;-2.4636536;3.6165466
a;68843424174625;9.065475;-2.8443298;3.0893555
a;68843444316227;9.523239;-2.5503235;3.9366913
a;68843464457828;9.448532;-1.8364258;4.537674
a;68843484599430;9.332901;-1.6193542;4.258362
a;68843504741031;9.508926;-1.758255;4.2053986
a;68843524882633;9.816406;-2.0366058;3.8929749
a;68843545024235;9.959854;-1.8218536;4.2114716
a;68843565165836;9.69606;-1.063034;4.613083
a;68843585307438;9.176437;-0.9159546;4.749283
a;68843605449039;9.249573;-1.5373383;4.668274
a;68843625590641;9.294434;-1.7906189;4.2198334
a;68843645732242;9.182037;-1.568924;4.080261
a;68843665873844;8.818558;-1.0725098;4.362152
a;68843686015445;8.579758;-0.80101013;4.6089478
a;68843706157047;8.895462;-1.1825256;4.769821
a;68843726298649;8.856644;-1.4263;4.419464
a;68843746440250;8.906601;-1.522995;4.251068
a;68843766581852;8.9366455;-0.9456787;4.5249023
a;68843786723453;8.818695;-0.73753357;4.6476135
a;68843806865055;8.905731;-1.2144165;4.284851
a;68843827006656;8.837723;-1.3894501;3.5220337
a;68843847148258;8.923218;-0.9658661;3.6807404
a;68843867289860;9.017853;-0.966568;3.9572296
a;68843887431461;8.910889;-1.0028229;3.9258118
a;68843907573063;8.887756;-0.9506531;3.7528076
a;68843927714664;9.048798;-1.2804108;3.3113556
a;68843947856266;9.05368;-1.2074585;3.3526611
a;68843967997867;8.895676;-1.0330505;3.5660248
a;68843988139469;8.663101;-1.1698151;3.8144073
a;68844008281070;8.587158;-0.9155884;3.9133148
a;68844028422672;8.816605;-1.0375366;3.1569977
a;68844048564274;9.068268;-0.9376221;3.135376
a;68844068705875;9.277634;-1.1143799;3.5952148
a;68844088847477;9.315018;-1.5665131;4.1811523
a;68844108989078;9.319687;-1.2053528;4.470169
a;68844129130680;9.462723;-0.93218994;4.2481384
a;68844149272281;9.730423;-0.86524963;4.2924194
a;68844169413883;9.780212;-1.3694458;4.666443
a;68844189555485;9.477829;-0.9447174;4.8824005
a;68844209697086;9.822769;-0.8209076;4.895752
a;68844229838688;9.934769;-1.5550385;5.449814
a;68844249980289;10.065018;-2.3463593;5.347763
a;68844270121891;9.822769;-1.3619995;5.0701904
a;68844290263492;9.76062;-2.0490875;4.981659
a;68844310405094;9.678848;-2.2423553;5.4526825
a;68844330546695;9.615631;-2.4605713;5.790146
a;68844350688297;9.410431;-3.5976715;5.90184
a;68844370829899;9.380676;-3.8594513;5.7947693
a;68844390971500;9.236206;-4.0841827;4.5667267
a;68844411113102;8.941406;-4.2612915;4.5752716
a;68844431254703;8.388519;-4.5467377;5.1940155
a;68844451396305;8.076843;-4.5172424;5.1720123
a;68844471537906;7.858902;-3.8720856;4.832138
a;68844491679508;7.5321045;-4.354004;3.8391266
a;68844511821110;6.955063;-4.9700775;3.851944
a;68844531962711;6.6770477;-5.0541077;4.7855225
a;68844552104313;6.046356;-5.2085724;5.051834
a;68844572245914;5.487152;-5.1621857;4.71904
a;68844592387516;5.2386017;-5.4174805;4.0730133
a;68844612529117;4.8967285;-5.67688;4.030731
a;68844632670719;4.807266;-5.943878;4.8104553
a;68844652812320;4.4044495;-6.0277863;5.1829376
a;68844672953922;3.9442291;-5.794159;4.835251
a;68844693095524;4.124283;-6.2313232;4.224991
a;68844713237125;4.4561005;-7.4688416;3.6808014
a;68844733378727;4.405884;-7.6976013;4.06604
a;68844753520328;4.2289886;-7.2016907;4.162323
a;68844773661930;3.9364624;-6.955078;4.0154114
a;68844793803531;3.984604;-6.989609;4.3638
a;68844813945133;4.038254;-6.9224854;4.6993103
a;68844834086735;3.999115;-7.463669;4.5480957
a;68844854228336;3.7889252;-7.4351654;4.5135956
a;68844874369938;3.611618;-7.4697266;4.330948
a;68844894511539;3.6567993;-7.5250854;4.3055573
a;68844914653141;3.5603638;-7.3999634;4.3805084
a;68844934794742;3.49617;-7.288513;4.4624786
a;68844954936344;3.684082;-7.5066986;4.602585
a;68844975077945;3.650406;-7.5582886;4.5347595
a;68844995219547;3.6816711;-7.88649;4.2970123
a;68845015361149;3.6515198;-7.9283447;4.081772
a;68845035502750;3.455307;-7.669098;4.239456
a;68845055644352;3.4789429;-7.6463013;4.51886
a;68845075785953;3.627594;-7.466461;4.5811157
a;68845095927555;3.5030365;-7.7357025;4.4791107
a;68845116069156;3.416397;-8.187973;4.307663
a;68845136210758;3.1976318;-7.81456;4.397003
a;68845156352360;3.3647308;-8.005676;4.4611206
a;68845176493961;3.4584198;-8.136978;4.402817
a;68845196635563;3.4371033;-8.457779;4.323578
a;68845216777164;3.5799103;-8.307831;4.3342133
a;68845236918766;3.4607086;-8.263428;4.158066
a;68845257060367;3.3579712;-8.450043;4.08786
a;68845277201969;3.4725037;-8.588989;4.0013275
a;68845297343570;3.5286255;-8.642807;3.8381653
a;68845317485172;3.2785645;-8.701401;3.481369
a;68845337626774;3.120926;-8.769974;3.5408173
a;68845357768375;3.0158386;-8.331451;3.8935394
a;68845377909977;2.8911438;-8.282883;4.020706
a;68845398051578;3.0344086;-9.084991;3.7049255
a;68845418193180;3.1724854;-9.312241;3.535614
a;68845438334781;3.1205597;-8.953659;3.4642334
a;68845458476383;3.218933;-8.942108;3.4388123
a;68845478617985;3.209259;-8.841187;3.5914612
a;68845498759586;3.272873;-8.807434;3.4801178
a;68845518901188;3.2619324;-9.039124;3.2434692
a;68845539042789;3.3186798;-9.44043;3.180252
a;68845559184391;3.4231415;-9.371796;3.3363037
a;68845579325992;3.341385;-8.919968;3.5364532
a;68845599467594;3.2369995;-8.92955;3.4289093
a;68845619609195;3.2466583;-9.11972;3.1746979
a;68845639750797;3.3209229;-9.172455;3.0048065
a;68845659892399;3.3807678;-9.0699005;3.196991
a;68845680034000;3.4522247;-8.773743;3.4795685
a;68845700175602;3.260849;-8.780167;3.421341
a;68845720317203;3.2445526;-8.635498;3.1467133
a;68845740458805;3.2799072;-8.575867;3.2122345
a;68845760600406;3.2569733;-8.573029;3.4032593
a;68845780742008;3.3695526;-8.437988;3.5241852
a;68845800883610;3.5051727;-8.650589;3.4937286
a;68845821025211;3.4616394;-8.873489;3.4336243
a;68845841166813;3.32753;-8.844925;3.4168243
a;68845861308414;3.2997284;-8.712296;3.49115
a;68845881450016;3.3043365;-8.857559;3.3838654
a;68845901591617;3.2173767;-8.903076;3.40802
a;68845921733219;3.2268524;-8.775711;3.4797974
a;68845941874820;3.2916412;-8.770218;3.6212616
a;68845962016422;3.3330078;-8.734207;3.5641174
a;68845982158024;3.3372345;-8.878632;3.5253296
a;68846002299625;3.414688;-8.865738;3.5060272
a;68846022441227;3.474945;-8.866211;3.5772552
a;68846042582828;3.4914856;-8.805038;3.5982513
a;68846062724430;3.382553;-8.83551;3.4881744
a;68846082866031;3.309311;-8.674683;3.5786438
a;68846103007633;3.318695;-8.787811;3.5751038
a;68846123149235;3.404068;-8.752731;3.4907227
a;68846143290836;3.3886871;-8.74292;3.5420227
a;68846163432438;3.3958435;-8.828491;3.500946
a;68846183574039;3.41539;-8.796478;3.439865
a;68846203715641;3.3470764;-8.814392;3.4318848
a;68846223857242;3.3928528;-8.813507;3.4689941
a;68846243998844;3.4408417;-8.923111;3.4803925
a;68846264140445;3.3822327;-8.826767;3.4185638
a;68846284282047;3.3581696;-8.6974945;3.422943
a;68846304423649;3.3537445;-8.795044;3.4737854
a;68846324565250;3.3073578;-8.823257;3.522644
a;68846344706852;3.2781067;-8.827393;3.412445
a;68846364848453;3.3096313;-8.815369;3.4231873
a;68846384990055;3.3579865;-8.802475;3.4939117
a;68846405131656;3.4048615;-8.870285;3.488449
a;68846425273258;3.3811493;-8.813736;3.536148
a;68846445414860;3.330719;-8.776749;3.4693756
a;68846465556461;3.3848114;-8.802597;3.456009
a;68846485698063;3.343811;-8.830826;3.4567108
a;68846505839664;3.356186;-8.886307;3.5162811
a;68846525981266;3.330719;-8.846451;3.4984741
a;68846546122867;3.2770996;-8.899963;3.4675446
a;68846566264469;3.3098907;-8.91806;3.4408112
a;68846586423429;3.258957;-8.870682;3.3772278
a;68846606565031;3.211609;-8.693253;3.4666748
a;68846626706633;3.2414398;-8.708603;3.4506683
a;68846646848234;3.2787933;-8.835632;3.4794312
a;68846666989836;3.3328552;-8.922165;3.4285583
a;68846687131437;3.317215;-9.003326;3.354599
a;68846707273039;3.2829742;-8.840012;3.4353027
a;68846727414640;3.2913208;-8.775635;3.4978638
a;68846747556242;3.3517456;-8.771576;3.534027
a;68846767697844;3.359665;-8.796677;3.4969788
a;68846787839445;3.3974915;-8.870209;3.4994965
a;68846807981047;3.291977;-8.870834;3.4236145
a;68846828122648;3.324646;-8.870544;3.4470367
a;68846848264250;3.419098;-8.782166;3.486435
a;68846868405851;3.3934326;-8.757599;3.4774628
a;68846888547453;3.3276672;-8.739868;3.4899292
a;68846908689054;3.3343964;-8.859726;3.4198608
a;68846928830656;3.3706818;-8.8849945;3.4429321
a;68846948972258;3.2959442;-8.747437;3.432373
a;68846969113859;3.3198242;-8.746399;3.49086
a;68846989255461;3.321228;-8.7586975;3.5153198
a;68847009397062;3.374817;-8.853561;3.4428253
a;68847029538664;3.3168182;-8.858215;3.4084167
a;68847049680265;3.298706;-8.760864;3.4086456
a;68847069821867;3.3205109;-8.812775;3.4969025
a;68847089963469;3.249405;-8.741791;3.5549774
a;68847110105070;3.2662506;-8.749481;3.4153595
a;68847130246672;3.3459167;-8.840363;3.3663635
a;68847150388273;3.3390656;-8.893433;3.4667206
a;68847170529875;3.394333;-8.893738;3.529358
a;68847190671476;3.368576;-8.842758;3.5446625
a;68847210813078;3.3129883;-8.814056;3.5279083
a;68847230954679;3.3516235;-8.841629;3.4488678
a;68847251096281;3.30896;-8.852997;3.4649353
a;68847271237883;3.3170776;-8.868576;3.4768372
a;68847291379484;3.3625793;-8.853622;3.5989075
a;68847311521086;3.3439941;-8.866287;3.5388947
a;68847331662687;3.3582153;-8.87619;3.4223022
a;68847351804289;3.293991;-8.829712;3.3906708
a;68847371945890;3.3025208;-8.826065;3.4371338
a;68847392087492;3.4045563;-8.774933;3.4548035
a;68847412229094;3.4069061;-8.740372;3.5328674
a;68847432370695;3.3079376;-8.667648;3.5408478
a;68847452512297;3.3307495;-8.738434;3.5170746
a;68847472653898;3.3691864;-8.874237;3.5182343
a;68847492795500;3.3702545;-8.84137;3.458908
a;68847512937101;3.3654785;-8.821381;3.5386047
a;68847533078703;3.2656403;-8.764908;3.5849304
a;68847553220304;3.287384;-8.78331;3.5856476
a;68847573361906;3.310028;-8.873154;3.5247192
a;68847593503508;3.2966156;-8.816223;3.5060272
a;68847613645109;3.3207855;-8.849548;3.3982239
a;68847633786711;3.320053;-8.768127;3.4925842
a;68847653928312;3.271408;-8.797348;3.5247498
a;68847674069914;3.2420807;-8.817047;3.533966
a;68847694211515;3.2397919;-8.826538;3.5740356
a;68847714353117;3.309906;-8.899582;3.4597473
a;68847734494719;3.306305;-8.81105;3.442871
a;68847754636320;3.3103638;-8.733856;3.5091553
a;68847774777922;3.2538147;-8.692566;3.5825653
a;68847794919523;3.2862701;-8.74852;3.547348
a;68847815061125;3.3006134;-8.793732;3.4445038
a;68847835202726;3.3517303;-8.834824;3.4331665
a;68847855344328;3.3418274;-8.84375;3.4969635
a;68847875485929;3.3184357;-8.792297;3.5412903
a;68847895627531;3.2985992;-8.813385;3.5444183
a;68847915769133;3.2869415;-8.761841;3.5152893
a;68847935910734;3.3594208;-8.825836;3.562683
a;68847956052336;3.382248;-8.87616;3.594864
a;68847976193937;3.3485413;-8.8624115;3.5497742
a;68847996335539;3.2931824;-8.907486;3.5586853
a;68848016477140;3.2894592;-8.892975;3.5245667
a;68848036618742;3.2569275;-8.748688;3.5118256
a;68848056760344;3.2693481;-8.738693;3.5371246
a;68848076901945;3.283783;-8.776306;3.4916687
a;68848097043547;3.2301178;-8.85582;3.5534973
a;68848117185148;3.2084808;-8.826477;3.5327148
a;68848137326750;3.2235107;-8.843384;3.5225983
a;68848157468351;3.2472382;-8.908325;3.4500275
a;68848177609953;3.2475586;-8.820038;3.4700317
a;68848197751554;3.2529297;-8.722855;3.4629364
a;68848217893156;3.275879;-8.7486725;3.4235077
a;68848238034758;3.293167;-8.841339;3.4917297
a;68848258176359;3.3422089;-8.894409;3.493393
a;68848278317961;3.2687225;-8.845871;3.487793
a;68848298459562;3.2419739;-8.795807;3.480133
a;68848318601164;3.2964935;-8.7724;3.4679565
a;68848338742765;3.3324432;-8.79422;3.462677
a;68848358884367;3.3514252;-8.841629;3.4937286
a;68848379025969;3.296997;-8.86734;3.514862
a;68848399167570;3.2697144;-8.805344;3.4836426
a;68848419309172;3.2715607;-8.758011;3.4647827
a;68848439450773;3.3706512;-8.891571;3.5437775
a;68848459592375;3.3638916;-8.902008;3.5566711
a;68848479733976;3.2891388;-8.867371;3.5211487
a;68848499875578;3.2991333;-8.876648;3.477768
a;68848520017179;3.260788;-8.805908;3.546112
a;68848540158781;3.281784;-8.799606;3.5959473
a;68848560300383;3.323471;-8.800644;3.509613
a;68848580441984;3.3030243;-8.749008;3.5424652
a;68848600583586;3.3213654;-8.844025;3.5512848
a;68848620725187;3.3041534;-8.858063;3.4893646
a;68848640866789;3.2722168;-8.945618;3.4384918
a;68848661008390;3.1986694;-8.953369;3.4445648
a;68848681149992;3.166153;-8.889435;3.510849
a;68848701291594;3.2648163;-8.813293;3.4527435
a;68848721433195;3.283142;-8.784805;3.4341583
a;68848741574797;3.2914276;-8.853363;3.3935852
a;68848761716398;3.2160645;-8.853821;3.3921661
a;68848781858000;3.19281;-8.86853;3.468872
a;68848801999601;3.1784973;-8.906448;3.516983
a;68848822141203;3.1356506;-8.888855;3.5529022
a;68848842282804;3.1614075;-8.824707;3.4346924
a;68848862424406;3.1724548;-8.861237;3.366043
a;68848882566008;3.1330566;-9.029724;3.383316
a;68848902707609;3.1654205;-8.978851;3.4377136
a;68848922849211;3.1381683;-8.967957;3.4060974
a;68848942990812;3.1736908;-8.92421;3.3600616
a;68848963132414;3.1337433;-8.887634;3.3358765
a;68848983274015;3.2550354;-8.86116;3.322815
a;68849003415617;3.2261353;-8.817368;3.37706
a;68849023557219;3.224289;-8.705261;3.418518
a;68849043698820;3.2643585;-8.774139;3.402771
a;68849063840422;3.3397064;-8.686798;3.424469
a;68849083982023;3.308258;-8.552887;3.423111
a;68849104123625;3.352127;-8.504135;3.373642
a;68849124265226;3.3312836;-8.515778;3.3549347
a;68849144406828;3.3473206;-8.492493;3.2947845
a;68849164548429;3.3825226;-8.577087;3.3850708
a;68849184690031;3.4101868;-8.581558;3.3716125
a;68849204831633;3.5025177;-8.69754;3.360962
a;68849224973234;3.5557098;-8.721222;3.293045
a;68849245114836;3.5646515;-8.615616;3.398407
a;68849265256437;3.5649872;-8.492966;3.5463257
a;68849285398039;3.603836;-8.632248;3.5659027
a;68849305539640;3.704239;-8.781326;3.5063324
a;68849325681242;3.6179352;-8.589508;3.376419
a;68849345822844;3.57341;-8.385513;3.3295135
a;68849365964445;3.636261;-8.429855;3.404831
a;68849386106047;3.725647;-8.223785;3.6031647
a;68849406247648;3.7155304;-8.364502;3.465744
a;68849426389250;3.6663055;-8.218185;3.3642578
a;68849446530851;3.6502075;-8.048553;3.3721619
a;68849466672453;3.7072449;-8.078445;3.3795319
a;68849486814054;3.694458;-8.134552;3.6760864
a;68849506955656;3.983902;-8.25769;3.5816803
a;68849527097258;3.9939423;-8.153564;3.5938568
a;68849547238859;4.0882416;-8.565018;3.4337463
a;68849567380461;4.0139923;-8.029327;3.276413
a;68849587522062;4.2367706;-8.109604;3.4370728
a;68849607663664;4.5827484;-8.020172;3.6490936
a;68849627805265;4.4876556;-7.8467255;3.6475525
a;68849647946867;4.3519745;-7.867859;3.4160767
a;68849668088469;4.4384003;-7.871872;3.2822723
a;68849688230070;4.754318;-8.107376;3.1629028
a;68849708371672;4.799759;-7.891922;3.1028748
a;68849728513273;4.6507874;-7.6629486;3.25206
a;68849748654875;4.883011;-7.7076263;3.4731445
a;68849768796476;5.032028;-7.842209;3.5457764
a;68849788938078;5.34079;-7.697296;3.3619843
a;68849809079679;5.619171;-8.191666;3.1761932
a;68849829221281;5.646164;-8.164703;3.4270782
a;68849849362883;5.67572;-7.5399017;3.7697449
a;68849869504484;5.755142;-7.440323;3.7205658
a;68849889646086;5.905792;-7.52565;3.4916992
a;68849909787687;5.984955;-7.484741;3.3996582
a;68849929929289;6.0330048;-7.565155;3.4303436
a;68849950070890;6.323593;-7.519211;3.4978027
a;68849970212492;6.4301453;-7.369385;3.609787
a;68849990354094;6.5285797;-7.196335;3.4602966
a;68850010495695;6.4671173;-7.080902;3.2633362
a;68850030637297;6.541641;-7.1224213;3.3010101
a;68850050778898;6.6194763;-7.2374115;3.421051
a;68850070920500;6.7130127;-7.051941;3.6143036
a;68850091062101;6.724228;-6.9781494;3.4302673
a;68850111203703;6.6983337;-6.965027;3.2833252
a;68850131345304;6.7040253;-6.940094;3.4421997
a;68850151486906;6.949356;-6.865341;3.6158752
a;68850171628508;7.07341;-6.8214874;3.568161
a;68850191770109;7.037552;-7.037842;3.4982452
a;68850211911711;6.9138184;-7.026657;3.4569244
a;68850232053312;6.944977;-6.751877;3.4273376
a;68850252194914;7.044861;-6.698807;3.4360046
a;68850272336515;7.019272;-6.46315;3.5131683
a;68850292478117;6.9327087;-6.5572968;3.4810028
a;68850312619719;6.992447;-6.8079224;3.4346619
a;68850332761320;6.905487;-6.5944977;3.524002
a;68850352902922;6.914261;-6.2640686;3.433838
a;68850373044523;6.9101257;-6.370743;3.308319
a;68850393186125;6.9298553;-6.3687897;3.4454498
a;68850413327726;7.020584;-6.6372223;3.4370422
a;68850433469328;6.9378204;-6.445633;3.6867676
a;68850453610929;6.900589;-6.212326;3.657669
a;68850473752531;6.9257507;-6.0795746;3.4688416
a;68850493894133;6.9649963;-5.961792;3.3645935
a;68850514035734;7.0336304;-6.05394;3.3521576
a;68850534177336;7.05101;-5.974365;3.4030304
a;68850554318937;7.0457153;-6.3051453;3.4315796
a;68850574460539;6.997864;-6.2601624;3.4336548
a;68850594602140;6.9681854;-6.121277;3.436386
a;68850614743742;7.01503;-6.1146393;3.3783722
a;68850634885344;7.0154266;-5.8511963;3.3302002
a;68850655026945;6.9956207;-5.8616943;3.2119293
a;68850675168547;7.0177917;-5.9290924;3.31427
a;68850695310148;7.1168365;-5.8415527;3.4472656
a;68850715451750;7.0152893;-5.979248;3.4420776
a;68850735593351;7.051468;-6.024353;3.4516296
a;68850755734953;7.0708313;-5.765457;3.5888977
a;68850775876554;7.0742188;-6.0231323;3.476181
a;68850796018156;7.027725;-6.11644;3.642212
a;68850816159758;7.015503;-6.071518;3.823471
a;68850836301359;7.00914;-6.226715;3.809967
a;68850856442961;6.9368896;-6.059128;3.7901611
a;68850876584562;6.9989624;-5.9703217;3.686386
a;68850896726164;6.896118;-5.898239;3.5035553
a;68850916867765;6.9745636;-6.0432587;3.675766
a;68850937009367;7.0779724;-5.9653473;3.873932
a;68850957150969;6.9280396;-5.764862;3.9195404
a;68850977292570;6.992691;-5.8926086;3.8078156
a;68850997434172;6.909485;-5.631012;3.5767517
a;68851017575773;7.0502014;-5.7240753;3.5714722
a;68851037717375;7.211548;-6.069397;3.8461761
a;68851057858976;7.0641785;-5.872223;4.0757904
a;68851078000578;7.0608673;-5.848404;3.8844147
a;68851098142179;6.9159393;-5.650818;3.8144684
a;68851118283781;7.0539856;-5.8876953;3.8175201
a;68851138425383;7.010605;-6.1253357;3.9378815
a;68851158566984;6.8848877;-5.762039;4.0999756
a;68851178708586;6.975281;-5.7130737;3.9298706
a;68851198850187;6.874893;-5.896927;3.8585358
a;68851218991789;7.028702;-6.081009;4.097931
a;68851239133390;6.9407196;-6.103607;4.0526733
a;68851259274992;6.828415;-6.001129;4.0802
a;68851279416594;6.8278503;-5.7605286;4.109665
a;68851299558195;6.8724365;-5.883621;3.9651794
a;68851319699797;6.8410645;-5.9304047;4.1104584
a;68851339841398;6.977356;-5.9561615;4.327591
a;68851359983000;6.9692535;-6.0704193;4.3075867
a;68851380124601;6.8928375;-5.8509064;4.2106476
a;68851400266203;6.9060974;-5.8144836;4.3032837
a;68851420407804;6.8769073;-5.710205;4.2283325
a;68851440549406;6.909729;-6.0053864;4.227356
a;68851460691008;6.9387207;-6.1507263;4.5437775
a;68851480832609;6.9652863;-5.8833466;4.55394
a;68851500974211;6.7923737;-6.195511;4.3262634
a;68851521115812;6.7063446;-5.6435394;4.382187
a;68851541257414;6.810852;-5.676178;4.371399
a;68851561399015;6.8949127;-6.1855164;4.4453278
a;68851581540617;6.9364014;-5.8768005;4.770294
a;68851601682219;6.718643;-5.966812;4.798172
a;68851621823820;6.5791016;-5.611786;4.609146
a;68851641965422;6.6228485;-5.183838;4.4130096
a;68851662107023;6.7240753;-5.0052643;4.10849
a;68851682248625;6.7831726;-5.140793;4.1178894
a;68851702390226;6.7722626;-4.9513397;4.5185394
a;68851722531828;6.6284637;-4.710846;4.8005066
a;68851742673429;6.516083;-4.390045;4.7255096
a;68851762815031;6.6456146;-4.6549377;4.536545
a;68851782956633;6.754059;-4.4829254;4.6640472
a;68851803098234;7.0148926;-4.7686157;4.3962555
a;68851823239836;6.8626404;-4.9096375;4.5469666
a;68851843381437;6.829544;-4.975769;4.9619446
a;68851863523039;6.6932526;-5.611145;5.3333435
a;68851883664640;6.6002045;-4.823166;5.587021
a;68851903806242;6.507721;-4.7162476;5.3820343
a;68851923947844;6.8173676;-4.7514954;5.1462097
a;68851944089445;6.855942;-4.044693;4.89653
a;68851964231047;7.062607;-4.022583;4.785324
a;68851984372648;6.9957275;-3.5828705;4.924835
a;68852004514250;7.0569763;-3.501007;5.206375
a;68852024655851;7.328018;-3.2248077;5.487442
a;68852044797453;7.3844147;-3.0860748;5.565384
a;68852064939054;7.2980347;-2.8384094;5.192871
a;68852085080656;7.3350067;-3.0590057;4.6528473
a;68852105222258;7.3862915;-3.2318726;4.1474915
a;68852125363859;7.317734;-3.8375397;4.1608734
a;68852145505461;7.4897766;-4.4252625;4.388214
a;68852165647062;7.552017;-3.8275146;4.697006
a;68852185788664;7.0014954;-3.5193481;4.7836
a;68852205930265;6.828354;-3.587204;4.810669
a;68852226071867;6.782303;-3.9432983;4.345398
a;68852246213469;6.947418;-4.155472;4.1523438
a;68852266355070;6.9740906;-4.2311096;4.4927826
a;68852286496672;6.7441864;-3.4920044;5.046051
a;68852306638273;6.9791718;-3.3701324;4.5675507
a;68852326779875;6.9364166;-4.474777;3.5638275
a;68852346921476;6.6291656;-5.129608;2.5549316
a;68852367063078;6.3985596;-4.3086243;2.391159
a;68852387204679;6.244522;-4.620331;2.7980194
a;68852407346281;6.5925446;-4.9353943;2.2555237
a;68852427487883;7.3720245;-6.5979767;2.092331
a;68852447629484;7.1749268;-7.5642853;2.0860443
a;68852467771086;6.400345;-5.92601;3.3147125
a;68852487912687;6.7805023;-5.696823;3.3962555
a;68852508054289;7.2808228;-7.5672455;2.3194122
a;68852528195890;7.84079;-9.136429;1.3908081
a;68852548337492;7.8305054;-7.9845276;1.9612885
a;68852568479094;7.4977417;-6.441162;3.9513702
a;68852588620695;7.4362183;-6.3635406;4.466629
a;68852608762297;7.4437866;-6.546463;4.292099
a;68852628903898;7.674881;-7.4379425;3.2154236
a;68852649045500;7.313431;-7.354355;3.257309
a;68852669187101;7.502533;-6.030487;4.1015778
a;68852689328703;7.480057;-5.9467926;4.3992615
a;68852709470304;7.74382;-4.8281403;4.309311
a;68852729611906;7.643097;-4.5088196;4.009735
a;68852749753508;7.5662994;-4.5901947;4.292938
a;68852769895109;7.4704742;-4.610428;4.4357147
a;68852790036711;7.5059357;-4.9536743;4.509018
a;68852810178312;7.9039154;-4.5574493;4.3523407
a;68852830319914;7.9171906;-4.3894806;4.5619507
a;68852850461515;7.8736877;-4.1862793;4.8802032
a;68852870603117;7.863678;-4.3876495;5.026764
a;68852890744719;8.112335;-4.142395;4.610199
a;68852910886320;8.407272;-4.4164886;4.2562103
a;68852931027922;8.449158;-5.192154;4.1825256
a;68852951169523;8.167709;-4.908554;4.720627
a;68852971311125;8.034073;-4.328369;4.476639
a;68852991452726;7.8741913;-4.161148;3.8722382
a;68853011594328;8.009186;-3.8920593;3.6609497
a;68853031735929;7.8655396;-4.180023;3.8476257
a;68853051877531;7.686844;-4.3326416;4.1739197
a;68853072019133;7.815506;-4.4272156;4.3305664
a;68853092160734;8.172363;-4.2032166;4.0975037
a;68853112302336;8.572342;-3.4890137;3.8319702
a;68853132443937;8.360764;-4.410446;4.1711426
a;68853152585539;7.81015;-4.893448;4.313568
a;68853172727140;7.5802307;-4.479416;4.3121796
a;68853192868742;8.234573;-4.7260284;4.391144
a;68853213010344;9.095581;-4.737076;4.4630127
a;68853233151945;9.087372;-4.214203;4.500519
a;68853253293547;8.77182;-3.778595;4.701126
a;68853273435148;8.955765;-3.7710419;3.9663239
a;68853293576750;9.869766;-2.7225647;3.688263
a;68853313718351;9.869019;-2.5966797;3.48732
a;68853333859953;10.69249;-2.9668427;3.6533966
a;68853354001554;10.902267;-2.404358;3.7686768
a;68853374143156;11.219513;-2.155655;3.7970886
a;68853394284758;11.454727;-2.1260223;4.051895
a;68853414426359;11.376938;-2.125473;3.7382507
a;68853434567961;11.350998;-2.2237701;3.6699677
a;68853454709562;11.152908;-2.0434265;3.4798737
a;68853474851164;10.9357605;-2.057953;3.2167969
a;68853494992765;10.937851;-2.5984955;3.0299988
a;68853515134367;10.469574;-2.7512817;3.2111816
a;68853535275969;9.814407;-2.697754;3.4786072
a;68853555417570;8.98645;-3.126831;3.0166473
a;68853575559172;8.053482;-3.988678;3.0321655
a;68853595700773;7.3382874;-3.6121216;3.4468994
a;68853615842375;6.3457947;-2.9579163;4.5852203
a;68853635983976;5.23497;-4.2622223;5.2474823
a;68853656125578;4.5622864;-4.292099;4.627411
a;68853676267179;3.8255463;-3.361908;3.232132
a;68853696408781;4.1865845;-3.4555817;2.1705933
a;68853716550383;4.4911194;-3.6578674;2.210434
a;68853736691984;4.6549683;-3.52771;2.8210144
a;68853756833586;4.8042755;-4.214752;3.796463
a;68853776975187;4.8032684;-4.001526;4.320236
a;68853797116789;5.496414;-1.9212494;3.301056
a;68853817258390;6.745331;-2.239029;3.2940216
a;68853837399992;7.2276764;-4.1221924;4.6492615
a;68853857541594;7.109833;-4.0176544;5.8954773
a;68853877683195;6.9377594;-3.774643;6.4384766
a;68853897824797;7.473053;-3.4983368;5.645447
a;68853917966398;8.0447235;-3.8157806;5.1961517
a;68853938108000;8.235214;-4.5168457;5.18692
a;68853958249601;8.244263;-4.61557;5.484619
a;68853978391203;7.965683;-3.941803;5.5189667
a;68853998532804;8.046036;-3.5191803;5.0348663
a;68854018674406;8.456482;-3.935318;4.8322906
a;68854038816008;8.57962;-4.027359;4.6316223
a;68854058957609;8.48407;-3.7856903;4.044525
a;68854079099211;8.581238;-3.4111633;4.101822
a;68854099240812;8.744217;-3.1592865;3.7809296
a;68854119382414;9.453476;-2.6078491;3.4351501
a;68854139524015;9.863525;-2.7632294;2.9743805
a;68854159665617;9.971664;-3.232483;3.2856293
a;68854179807219;9.455032;-2.5036469;3.8225098
a;68854199948820;8.958557;-2.2787018;3.511856
a;68854220090422;8.942551;-2.6407318;3.2662506
a;68854240232023;9.017883;-2.9344788;2.9379272
a;68854260373625;9.222702;-2.656311;2.7351685
a;68854280515226;9.317612;-2.6056519;2.4799042
a;68854300656828;9.488693;-2.4687042;2.403656
a;68854320798429;9.836197;-1.9425201;2.0460052
a;68854340940031;10.096527;-1.74617;1.6201324
a;68854361081633;10.063644;-1.2667084;1.1239166
a;68854381223234;10.292313;-1.1509552;1.0867157
a;68854401364836;10.548111;-1.5106506;1.3434143
a;68854421506437;10.033936;-1.7292938;0.93473816
a;68854441648039;9.279312;-2.2976837;0.82688904
a;68854461789640;8.650909;-1.5473633;0.6399231
a;68854481931242;8.727173;0.15159607;1.1571808
a;68854502072844;9.184921;0.68904114;0.9537964
a;68854522214445;9.4785;-0.06498718;0.6883087
a;68854542356047;9.867233;0.05848694;1.8092957
a;68854562497648;9.925247;-0.51530457;2.2846375
a;68854582639250;9.5134735;-0.26383972;2.5705109
a;68854602780851;9.914429;0.44511414;2.0607758
a;68854622922453;10.046295;-1.6960144;0.3996582
a;68854643064054;10.228607;-3.089157;0.42762756
a;68854663205656;9.935837;-1.6817322;1.7247009
a;68854683347258;9.69017;-1.0650482;2.2013397
a;68854703488859;9.50177;-0.76994324;2.3057861
a;68854723630461;9.641739;-0.81900024;2.269104
a;68854743772062;9.308044;-0.64749146;2.3772888
a;68854763913664;8.948563;-0.74313354;2.8805542
a;68854784055265;8.672699;-0.60635376;2.9121552
a;68854804196867;8.952026;-0.9633179;2.8357239
a;68854824338469;8.071167;-0.26106262;3.3281097
a;68854844480070;8.511032;-1.8461761;3.4853668
a;68854864621672;8.2044525;-1.4537354;2.9617767
a;68854884763273;8.632126;-0.45407104;2.283615
a;68854904904875;8.878677;-1.1769562;2.2942352
a;68854925046476;8.643707;-1.0822449;2.431961
a;68854945188078;8.528564;-1.3227997;3.0281525
a;68854965329679;8.616272;-0.8693085;2.4071503
a;68854985471281;9.038467;-1.3934174;2.4473572
a;68855005612883;9.129608;-1.3842316;3.2642365
a;68855025754484;9.063187;-1.1904144;3.6041565
a;68855045896086;9.332336;-0.9751587;3.4885406
a;68855066037687;9.505554;-0.96409607;2.9138947
a;68855086179289;9.5941925;-1.3226318;3.2138062
a;68855106320890;9.484146;-1.6272583;3.509369
a;68855126462492;9.267288;-1.5523987;3.5186462
a;68855146604094;9.206329;-1.5780182;3.4993591
a;68855166745695;9.190704;-1.7149811;3.5959167
a;68855186887297;9.419922;-1.8029633;3.557953
a;68855207028898;9.606644;-1.7923889;3.0362244
a;68855227170500;9.531799;-1.5535431;3.1406708
a;68855247312101;9.421371;-1.8145752;2.983429
a;68855267453703;9.346024;-1.6972961;2.7676697
a;68855287595304;9.440826;-1.5474854;2.6674347
a;68855307736906;9.372604;-1.5920258;2.6384583
a;68855327878508;9.38797;-1.5914612;2.7147522
a;68855348020109;9.442856;-1.6327667;2.6395721
a;68855368161711;9.556259;-1.924408;2.4127197
a;68855388303312;9.705963;-1.8105164;2.0192566
a;68855408444914;9.862549;-1.5760956;2.0753632
a;68855428586515;9.730621;-1.5962219;1.666748
a;68855448728117;9.640976;-1.6804352;1.581192
a;68855468869719;9.631973;-1.4864807;1.4301453
a;68855489011320;9.482742;-1.1486511;1.4141083
a;68855509152922;9.474899;-1.0706635;1.1585693
a;68855529294523;9.287094;-1.2570496;0.9895325
a;68855549436125;9.251724;-1.1030884;1.3571777
a;68855569577726;9.156433;-1.4548035;1.6344299
a;68855589719328;8.898941;-1.1776428;1.9488983
a;68855609860929;8.86145;-1.0174866;2.2586823
a;68855630002531;9.107651;-1.0343933;1.9640045
a;68855650144133;9.325027;-1.2088776;1.6820831
a;68855670285734;9.189072;-1.059906;1.7910614
a;68855690427336;9.201096;-0.92141724;1.9676971
a;68855710568937;9.2034;-1.412674;1.7833099
a;68855730710539;9.092209;-0.92271423;2.2350006
a;68855750852140;9.105133;-0.94454956;2.253357
a;68855770993742;9.323898;-1.4880524;1.7661285
a;68855791135344;9.434097;-1.239914;1.6886444
a;68855811276945;9.5221405;-0.99368286;1.8432312
a;68855831418547;9.384933;-0.846817;1.8790588
a;68855851560148;9.285187;-0.82702637;1.962738
a;68855871701750;9.287277;-0.7668762;2.124527
a;68855891843351;9.372498;-0.95069885;2.3163605
a;68855911984953;9.47464;-1.1894684;2.322052
a;68855932126554;9.523285;-1.4646454;2.0308533
a;68855952268156;9.479279;-1.5119629;1.987854
a;68855972409758;9.452042;-1.4351807;2.0419464
a;68855992551359;9.632065;-1.2326965;1.9200592
a;68856012692961;9.674957;-1.5454254;1.7170868
a;68856032834562;9.64296;-1.4878082;1.712616
a;68856052976164;9.692749;-1.144455;1.7678528
a;68856073117765;9.565842;-1.2660522;1.7887115
a;68856093259367;9.540146;-1.2228394;1.8963928
a;68856113400969;9.465759;-1.2904968;2.0873413
a;68856133542570;9.544098;-1.4809723;1.9353027
a;68856153684172;9.578232;-1.3938293;1.7235565
a;68856173825773;9.401688;-1.2905884;1.7442169
a;68856193967375;9.418915;-1.1944275;1.9039307
a;68856214108976;9.365906;-1.1243744;1.9531555
a;68856234250578;9.380539;-1.2344513;1.7940216
a;68856254392179;9.364685;-1.311142;1.5960999
a;68856274533781;9.4049225;-1.3326111;1.6777344
a;68856294675383;9.314697;-1.2862396;1.773346
a;68856314816984;9.271606;-1.3986664;1.687149
a;68856334958586;9.388245;-1.3438263;1.6040802
a;68856355100187;9.501846;-1.2371063;1.4815063
a;68856375241789;9.510681;-1.184906;1.3836975
a;68856395383390;9.419357;-0.780365;1.210022
a;68856415524992;9.439026;-0.9821472;1.2689819
a;68856435666594;9.6651;-1.3491669;1.4098053
a;68856455808195;9.497772;-1.4911194;1.4968262
a;68856475949797;9.527054;-1.8756866;1.6617279
a;68856496091398;9.484436;-1.6299133;1.8382416
a;68856516233000;9.371429;-1.1242523;1.9549866
a;68856536374601;9.4776;-0.55015564;1.9489594
a;68856556516203;9.464905;-0.8102112;1.5948029
a;68856576637100;9.422363;-1.2179718;1.4264221
a;68856596778702;9.513596;-0.7679291;1.5610352
a;68856616920304;9.1970215;-0.98532104;1.7023773
a;68856637061905;9.615082;-1.2080688;2.182724
a;68856657203507;9.645935;-0.91793823;2.629181
a;68856677345108;9.387329;-0.9095917;2.5315704
a;68856697486710;9.529388;-0.33190918;2.181427
a;68856717628311;9.872604;-0.98753357;1.6661835
a;68856737769913;9.805191;-1.5363007;1.6424866
a;68856757911515;9.2994995;-1.9875488;1.9447327
a;68856778053116;9.335266;-1.6691132;2.2198944
a;68856798194718;9.292969;-1.5470276;2.2644196
a;68856818336319;8.859543;-1.4297333;2.2759857
a;68856838477921;9.191315;-1.0717468;1.9994354
a;68856858619522;9.497208;-1.5028839;1.7368164
a;68856878761124;9.500916;-1.3775482;1.7195587
a;68856898902725;9.436295;-1.142868;1.7384338
a;68856919044327;9.407074;-1.3474426;1.612503
a;68856939185929;9.538452;-1.0650177;1.4681702
a;68856959327530;9.330017;-0.7151184;1.661499
a;68856979469132;9.736588;-0.9449005;1.8980103
a;68856999610733;9.576309;-0.88516235;1.8094177
a;68857019752335;9.513962;-1.1500397;1.7264252
a;68857039893936;9.557205;-1.8015747;2.0119781
a;68857060035538;9.341827;-1.2892456;2.3809204
a;68857080177140;9.076523;-1.0550995;2.3431244
a;68857100318741;9.260132;-1.2738647;2.2010193
a;68857120460343;9.330917;-0.7715149;2.0772552
a;68857140601944;9.3390045;-0.4760437;1.9650879
a;68857160743546;9.496185;-1.3623047;1.8475647
a;68857180885147;9.671936;-0.9597168;1.8929749
a;68857201026749;9.333771;-0.83769226;2.0111542
a;68857221168350;9.479858;-1.6446533;2.3643646
a;68857241309952;8.814301;-1.5029907;2.564911
a;68857261451554;9.148453;-1.4213257;2.4308167
a;68857281593155;9.5155945;-0.9701843;2.01062
a;68857301734757;9.096405;-1.3158112;2.0144348
a;68857321876358;8.919937;-1.5360718;1.9707947
a;68857342017960;9.251236;-1.3411102;2.3293457
a;68857362159561;9.370224;-1.9433136;1.7894592
a;68857382301163;10.2387085;-2.6508331;1.5450592
a;68857402442765;10.344299;-2.749298;1.2032928
a;68857422584366;9.709198;-1.3215027;1.7481232
a;68857442725968;9.518051;-0.6846924;2.459259
a;68857462867569;9.645493;-1.6772156;2.4250336
a;68857483009171;9.623413;-2.9221344;1.8411865
a;68857503150772;10.246796;-3.6581573;1.6520996
a;68857523292374;9.879959;-3.6087646;2.4644623
a;68857543433975;9.540787;-2.7935486;2.690277
a;68857563575577;9.570053;-3.1632843;2.5596619
a;68857583717179;9.624329;-3.911789;2.437149
a;68857603858780;9.939163;-3.51474;2.44133
a;68857624000382;10.060822;-3.6113281;2.4616241
a;68857644141983;10.181717;-4.039276;2.638794
a;68857664283585;10.337021;-4.3700104;2.7361755
a;68857684425186;10.735184;-4.6069946;2.93013
a;68857704566788;11.186111;-4.0700684;3.1072845
a;68857724708390;11.017944;-2.9753265;3.2313995
a;68857744849991;10.709351;-2.9007568;3.8655548
a;68857764991593;10.9396515;-2.8174438;4.6151123
a;68857785133194;11.000183;-2.4585571;5.088684
a;68857805274796;10.698059;-1.3821716;5.4686737
a;68857825416397;9.362442;-0.9567261;5.9669647
a;68857845557999;8.617126;-0.99468994;5.953079
a;68857865699600;7.85289;-1.5154572;5.828644
a;68857885841202;7.3376923;-1.2415771;6.0802765
a;68857905982804;6.8520203;-0.7239227;6.476242
a;68857926124405;6.322647;-0.30395508;6.322769
a;68857946266007;5.635803;-0.16851807;6.477295
a;68857966407608;5.357727;-0.8185425;6.3578186
a;68857986549210;4.9345856;-1.0294342;6.926468
a;68858006690811;5.0395813;-0.93218994;7.6170197
a;68858026832413;4.881195;-0.8396454;7.433243
a;68858046974015;4.376953;-0.44493103;7.038147
a;68858067115616;4.059967;-0.45140076;6.6632233
a;68858087257218;3.973404;-0.8700714;6.535019
a;68858107398819;3.9447174;-1.3209534;6.705673
a;68858127540421;3.7998505;-0.7959137;6.8515167
a;68858147682022;3.3688354;-0.18867493;7.014374
a;68858167823624;3.0609589;-0.4449463;7.049637
a;68858187965225;3.0597992;-1.0544128;6.966858
a;68858208106827;3.114151;-0.76464844;7.097824
a;68858228248429;2.8660278;-0.26194763;7.420227
a;68858248390030;3.002594;-0.3331604;7.8289795
a;68858268531632;3.0382843;-0.29374695;8.125015
a;68858288673233;2.6884155;-0.42367554;8.016876
a;68858308814835;2.597519;-0.79107666;8.006882
a;68858328956436;2.852707;-0.91656494;8.1203
a;68858349098038;2.8072968;-0.9087982;8.379196
a;68858369239640;2.6071014;-0.6292267;8.459335
a;68858389381241;2.4618683;-0.385849;8.6479645
a;68858409522843;2.61026;-0.50971985;8.787598
a;68858429664444;2.8463135;-0.5306549;8.971588
a;68858449806046;2.8280487;-0.2909851;9.068924
a;68858469947647;2.7371674;0.006134033;9.2478485
a;68858490089249;2.8231506;-0.37693787;9.172363
a;68858510230850;2.8732605;-0.70654297;9.280701
a;68858530372452;2.7904053;-0.5207672;9.331589
a;68858550514054;2.807373;-0.5024872;9.303635
a;68858570655655;2.882309;-0.49319458;9.203293
a;68858590797257;2.7658386;-0.5478363;9.143707
a;68858610938858;2.7877045;-0.35025024;8.01001
a;68858631080460;2.699051;-0.12709045;8.544662
