a;12815631268715;-0.015258789;-2.906479;9.712021
a;12815651410316;-0.094451904;-2.6833344;9.986801
a;12815671551918;-0.28781128;-2.768158;10.022324
a;12815691693519;-0.11424255;-2.7476196;9.73587
a;12815711835121;-0.011489868;-2.501587;9.7044525
a;12815731976722;-0.084243774;-2.5144958;9.805832
a;12815752118324;-0.12150574;-2.6069183;9.770889
a;12815772259926;-0.057495117;-2.5270844;9.767761
a;12815792401527;-0.03187561;-2.486435;9.80101
a;12815812543129;-0.115997314;-2.4979095;9.699921
a;12815832684730;-0.2033081;-2.496231;9.762238
a;12815852826332;-0.21304321;-2.5631561;9.776871
a;12815872967933;-0.16905212;-2.5653381;9.649292
a;12815893109535;-0.1335144;-2.5503998;9.674286
a;12815913251136;-0.15766907;-2.5968475;9.661697
a;12815933392738;-0.17240906;-2.6119995;9.606537
a;12815953534340;-0.1612854;-2.5873718;9.545868
a;12815973675941;-0.38537598;-2.6733246;9.527908
a;12815993817543;-0.36476135;-2.3749847;9.409225
a;12816013959144;-0.46174622;-2.1496887;9.402924
a;12816034100746;-1.8988037;-1.2606964;9.429886
a;12816054242347;0.2680359;-2.887268;8.573242
a;12816074383949;-0.5512543;-2.271759;8.571182
a;12816094525551;-1.5069275;-2.1097412;8.616974
a;12816114667152;-1.9007568;-2.281372;8.38031
a;12816134808754;-1.6582947;-2.2973938;8.148788
a;12816154950355;-1.8370209;-2.2911987;7.9167023
a;12816175091957;-2.1971283;-2.627594;8.119919
a;12816195233558;-2.2010498;-2.9817963;8.099533
a;12816215375160;-2.1579742;-3.1292114;7.9494324
a;12816235516761;-2.2303314;-3.2369232;7.958893
a;12816255658363;-2.4417725;-3.4757233;8.074051
a;12816275799965;-2.6105042;-3.6914215;7.845871
a;12816295941566;-2.6335754;-3.8592224;7.706299
a;12816316083168;-2.7853394;-4.182022;7.60231
a;12816336224769;-2.8997498;-4.136612;7.666992
a;12816356366371;-3.1041718;-4.0910034;7.827469
a;12816376507972;-3.6039581;-4.6868744;7.6022034
a;12816396649574;-3.837738;-5.010025;7.1925354
a;12816416791176;-3.7829132;-4.926758;6.5572205
a;12816436932777;-4.2229156;-5.569702;6.7397003
a;12816457074379;-5.108139;-7.5791016;7.161255
a;12816477215980;-5.5824127;-7.4310303;6.783325
a;12816497357582;-5.7967224;-6.2648926;6.3688354
a;12816517499183;-6.1407623;-5.42128;5.9266663
a;12816537640785;-6.7274933;-4.604782;5.4473267
a;12816557782386;-7.34729;-3.9231873;4.9505615
a;12816577923988;-8.218491;-3.8388977;4.3017883
a;12816598065590;-9.14917;-4.3146973;3.642746
a;12816618207191;-10.2704315;-4.978897;3.1696472
a;12816638348793;-11.580963;-5.6384735;2.861435
a;12816658490394;-12.696259;-6.1689453;2.7072144
a;12816678631996;-12.861984;-6.594589;2.2477264
a;12816698773597;-11.969437;-6.456421;1.6166382
a;12816718915199;-10.927582;-5.7873535;1.5711823
a;12816739056801;-10.351898;-5.002411;1.8749847
a;12816759198402;-10.148972;-4.082855;1.9697571
a;12816779340004;-10.211029;-3.7065125;1.9454803
a;12816799481605;-10.102356;-3.7296295;1.6365814
a;12816819623207;-9.743759;-3.7583923;1.5536652
a;12816839764808;-9.246429;-3.7480927;1.6313171
a;12816859906410;-8.915909;-3.7082825;1.9089355
a;12816880048011;-8.6605835;-3.7698822;1.9614105
a;12816900189613;-8.539017;-3.9594421;1.9351959
a;12816920331215;-8.676071;-4.150711;1.7599792
a;12816940472816;-8.862137;-4.2934265;1.4845734
a;12816960614418;-8.890442;-4.2579346;1.2831421
a;12816980756019;-8.884964;-4.0729675;1.1526031
a;12817000897621;-8.992447;-3.823288;1.1777954
a;12817021039222;-8.890366;-3.67276;1.2323456
a;12817041180824;-8.693436;-3.5868378;1.1962585
a;12817061322426;-8.848114;-3.5325775;1.0721588
a;12817081464027;-9.349396;-3.6015625;0.9665985
a;12817101605629;-9.678986;-3.7758026;0.93769836
a;12817121747230;-9.67482;-3.8365936;0.94989014
a;12817141888832;-9.466537;-3.8654175;0.9576111
a;12817162030433;-9.301483;-3.8427124;0.96580505
a;12817182172035;-9.0737915;-3.7978516;0.9792175
a;12817202313636;-8.861237;-3.758667;1.0380402
a;12817222455238;-8.798447;-3.7193604;1.0285187
a;12817242596840;-8.791916;-3.6805878;1.1078949
a;12817262738441;-8.853241;-3.607376;1.2165985
a;12817282880043;-8.8798065;-3.5387115;1.3657684
a;12817303021644;-8.953262;-3.4365082;1.5498352
a;12817323163246;-9.1147;-3.278244;1.7534332
a;12817343304847;-9.23851;-3.219101;1.920639
a;12817363446449;-9.298111;-3.5111084;1.8813934
a;12817383588051;-9.296524;-3.7201233;1.7710571
a;12817403729652;-9.181046;-3.8756104;1.6391602
a;12817423871254;-9.0815735;-3.9047394;1.5354156
a;12817444012855;-9.082855;-3.854828;1.3976288
a;12817464154457;-9.130539;-3.8749542;1.3642273
a;12817484296058;-9.11705;-3.895279;1.2989044
a;12817504437660;-9.034973;-3.886673;1.3309631
a;12817524579261;-8.946777;-3.8547363;1.2826385
a;12817544720863;-8.915527;-3.8578796;1.2896729
a;12817564862465;-9.011322;-3.9036102;1.2476349
a;12817585004066;-9.114624;-3.9699402;1.2977753
a;12817605145668;-9.14595;-4.00383;1.3051605
a;12817625287269;-9.1046295;-3.9985352;1.3360748
a;12817645428871;-9.08345;-3.9624176;1.3951721
a;12817665570472;-9.067001;-3.9450684;1.4641266
a;12817685712074;-9.08316;-3.9105988;1.505661
a;12817705853676;-9.132355;-3.93161;1.5535889
a;12817725995277;-9.177872;-3.9719543;1.5911102
a;12817746136879;-9.102188;-3.9582214;1.6935883
a;12817766278480;-9.051071;-3.9204712;1.6816406
a;12817786420082;-9.086685;-3.9280396;1.5925446
a;12817806561683;-9.119263;-3.9138947;1.5280762
a;12817826703285;-9.128754;-3.873413;1.5019379
a;12817846844886;-9.126404;-3.8615875;1.4435425
a;12817866986488;-9.111786;-3.8365326;1.3539734
a;12817887128090;-9.07988;-3.8157349;1.3604584
a;12817907269691;-9.0854645;-3.7999115;1.362442
a;12817927411293;-9.058014;-3.7486572;1.3941345
a;12817947552894;-9.051056;-3.755249;1.3641968
a;12817967694496;-9.13324;-3.7746277;1.3756866
a;12817987836097;-9.159073;-3.7688751;1.4087219
a;12818007977699;-9.06691;-3.804306;1.4004211
a;12818028119301;-9.072998;-3.8154602;1.4489288
a;12818048260902;-9.124115;-3.755722;1.4716644
a;12818068402504;-9.183456;-3.706131;1.3919525
a;12818088544105;-9.207779;-3.717514;1.2801361
a;12818108685707;-9.124939;-3.8161469;1.288147
a;12818128827308;-9.01889;-3.8558655;1.3414459
a;12818148968910;-9.02359;-3.825348;1.3643799
a;12818169110511;-9.091309;-3.7722473;1.427124
a;12818189252113;-9.07901;-3.7827454;1.4538727
a;12818209393715;-9.068451;-3.7778168;1.5277252
a;12818229535316;-9.101059;-3.8256683;1.5022583
a;12818249676918;-9.118256;-3.8571167;1.473465
a;12818269818519;-9.109863;-3.8713837;1.4406586
a;12818289960121;-9.082672;-3.8793945;1.427124
a;12818310101722;-9.081696;-3.8791656;1.35112
a;12818330243324;-9.092529;-3.862442;1.3470917
a;12818350384926;-9.088913;-3.8357239;1.3327026
a;12818370526527;-9.117218;-3.816864;1.3654785
a;12818390668129;-9.1145935;-3.7935028;1.3211517
a;12818410809730;-9.092911;-3.7575378;1.3414459
a;12818430951332;-9.140518;-3.7444763;1.368454
a;12818451092933;-9.14183;-3.7072754;1.4048462
a;12818471234535;-9.134796;-3.711441;1.3762207
a;12818491376136;-9.121597;-3.7232513;1.3665924
a;12818511517738;-9.1449585;-3.7365417;1.3977203
a;12818531659340;-9.145233;-3.7732391;1.4202728
a;12818551800941;-9.080643;-3.7900085;1.4340057
a;12818571942543;-9.051453;-3.7758484;1.4503326
a;12818592084144;-9.125504;-3.7825317;1.4520721
a;12818612225746;-9.117859;-3.8138428;1.4423065
a;12818632367347;-9.085388;-3.8211517;1.4568939
a;12818652508949;-9.087128;-3.8275757;1.3997192
a;12818672650551;-9.054901;-3.8406677;1.4059448
a;12818692792152;-9.050262;-3.8265991;1.4014435
a;12818712933754;-9.080933;-3.825714;1.4061737
a;12818733075355;-9.056656;-3.815033;1.4216766
a;12818753216957;-9.065475;-3.824829;1.4307556
a;12818773358558;-9.102402;-3.8422241;1.3930817
a;12818793500160;-9.078613;-3.7970734;1.4111023
a;12818813641761;-9.086929;-3.7825928;1.4123535
a;12818833783363;-9.172714;-3.7739105;1.4161072
a;12818853924965;-9.132919;-3.7611694;1.44133
a;12818874066566;-9.073593;-3.7828064;1.4483337
a;12818894208168;-9.081909;-3.8056335;1.4469757
a;12818914349769;-9.124252;-3.7898712;1.4176788
a;12818934491371;-9.080475;-3.8076782;1.3994141
a;12818954632972;-9.080292;-3.7924805;1.4439392
a;12818974774574;-9.08638;-3.7842255;1.4496765
a;12818994916176;-9.093582;-3.7907257;1.385498
a;12819015057777;-9.095459;-3.824173;1.3839722
a;12819035199379;-9.120346;-3.8427582;1.3769226
a;12819055340980;-9.105728;-3.8378296;1.4083405
a;12819075482582;-9.102905;-3.792694;1.4485016
a;12819095624183;-9.120346;-3.8173065;1.4222717
a;12819115765785;-9.099411;-3.8036194;1.4261627
a;12819135907386;-9.090973;-3.7926178;1.4590912
a;12819156048988;-9.089111;-3.7638397;1.4326782
a;12819176190590;-9.094101;-3.8264008;1.4187164
a;12819196332191;-9.097656;-3.8459167;1.4122467
a;12819216473793;-9.148453;-3.807953;1.4181213
a;12819236615394;-9.175217;-3.8292694;1.396164
a;12819256756996;-9.120148;-3.829712;1.4293671
a;12819276898597;-9.139053;-3.8242035;1.4432983
a;12819297040199;-9.06131;-3.8227386;1.4504089
a;12819317181801;-9.038284;-3.8011475;1.4500427
a;12819337323402;-9.087463;-3.7834015;1.4322662
a;12819357465004;-9.092178;-3.802597;1.4259338
a;12819377606605;-9.065369;-3.7932587;1.4359283
a;12819397748207;-9.057022;-3.8238373;1.3439178
a;12819417889808;-9.095139;-3.804062;1.3558502
a;12819438031410;-9.132996;-3.7787628;1.3616791
a;12819458173011;-9.094177;-3.7900848;1.4337006
a;12819478314613;-9.08194;-3.828003;1.4402161
a;12819498456215;-9.099045;-3.859146;1.4774475
a;12819518597816;-9.1250305;-3.8535461;1.4779205
a;12819538739418;-9.129715;-3.856186;1.5014038
a;12819558881019;-9.091522;-3.8559875;1.4594574
a;12819579022621;-9.085892;-3.8450012;1.423523
a;12819599164222;-9.085251;-3.8046875;1.4181671
a;12819619305824;-9.059662;-3.8171082;1.4355316
a;12819639447426;-9.087616;-3.8314972;1.3990021
a;12819659589027;-9.100433;-3.8447418;1.3981781
a;12819679730629;-9.070923;-3.8461304;1.4138947
a;12819699872230;-9.096909;-3.8361206;1.41008
a;12819720013832;-9.12529;-3.8000183;1.423111
a;12819740155433;-9.091034;-3.8046112;1.4023285
a;12819760297035;-9.062073;-3.7935333;1.4167175
a;12819780438636;-9.087769;-3.8035126;1.390274
a;12819800580238;-9.106537;-3.79599;1.3948059
a;12819820721840;-9.125229;-3.802353;1.4015961
a;12819840863441;-9.08168;-3.8148193;1.3810425
a;12819861005043;-9.113876;-3.784317;1.361618
a;12819881146644;-9.120605;-3.786789;1.3857422
a;12819901288246;-9.101395;-3.7828522;1.3778381
a;12819921429847;-9.073257;-3.7880402;1.4013824
a;12819941571449;-9.093491;-3.797638;1.3943939
a;12819961713051;-9.166855;-3.8340454;1.4100494
a;12819981854652;-9.127335;-3.8288422;1.4102631
a;12820001996254;-9.03067;-3.80719;1.3903046
a;12820022137855;-9.061432;-3.7954102;1.368927
a;12820042279457;-9.120911;-3.8111267;1.3890991
a;12820062421058;-9.094055;-3.8056335;1.4191132
a;12820082562660;-9.055054;-3.8358765;1.3815613
a;12820102704261;-9.108017;-3.8302612;1.3836365
a;12820122845863;-9.111465;-3.8361664;1.428421
a;12820142987465;-9.100098;-3.8428192;1.3927765
a;12820163129066;-9.061874;-3.8677673;1.3671265
a;12820183270668;-9.035019;-3.837387;1.3782043
a;12820203412269;-8.947556;-3.677887;1.3058319
a;12820223553871;-9.121109;-3.7640686;1.801712
a;12820243695472;-9.388519;-3.9726868;2.1567993
a;12820263837074;-9.672195;-3.960312;2.2789154
a;12820283978676;-9.914032;-3.9303284;2.6672668
a;12820304120277;-9.850555;-4.791168;3.0620728
a;12820324261879;-10.768707;-7.172394;3.0707855
a;12820344403480;-12.29451;-8.502945;3.9903717
a;12820364545082;-13.036652;-10.61879;3.5457306
a;12820384686683;-15.473328;-15.708054;3.416809
a;12820404828285;-19.480835;-19.594437;5.095047
a;12820424969886;-19.480835;-20.044662;5.5164185
a;12820445111488;-19.480835;-19.075089;4.965805
a;12820465253090;-16.916824;-16.683624;5.4433136
a;12820485394691;-10.77121;-10.757385;5.151581
a;12820505536293;-7.2685547;-4.758026;2.529419
a;12820525677894;-6.502228;-1.4522858;-0.1862793
a;12820545819496;-6.238083;1.3418884;-2.366928
a;12820565961097;-5.6636047;7.9048615;-6.6158295
a;12820586102699;-3.356186;16.898499;-11.253128
a;12820606244301;1.3738861;18.827148;-7.9894104
a;12820626385902;3.2707214;18.725784;-4.169586
a;12820646527504;2.9856567;14.8064575;-2.498108
a;12820666669105;2.4352722;10.181931;-1.2020874
a;12820686810707;0.8951721;1.3543243;2.0419464
a;12820706952308;-4.2304077;-17.988602;12.207886
a;12820727093910;-7.4893646;-20.150314;4.8892517
a;12820747235511;-3.53154;-20.150314;3.9369965
a;12820767377113;-1.809555;-20.1344;7.4026337
a;12820787518715;-1.186966;-10.316574;1.8703156
a;12820802624916;-1.9957428;-0.7137451;-1.4292908
a;12820822766517;-7.565277;6.8591766;-3.7954865
a;12820842908119;-5.5482025;18.033356;-8.493439
a;12820863049720;0.09951782;18.84909;-10.963226
a;12820883191322;0.5527191;18.76297;-6.8144684
a;12820903332924;-0.53474426;16.493347;-1.5761108
a;12820923474525;-2.0940857;9.395142;0.44258118
a;12820943616127;-4.73555;-12.786301;9.165436
a;12820963757728;-6.9158325;-20.150314;-5.6450195
a;12820983899330;1.185852;-20.150314;3.102005
a;12821004040931;1.4104614;-20.150314;8.889099
a;12821024182533;0.19210815;-13.190628;2.9362335
a;12821044324135;-2.2935333;-0.9438019;-2.5241547
a;12821064465736;-9.050079;8.929138;-8.819733
a;12821084607338;-11.527405;18.811035;-13.688156
a;12821104748939;1.1156158;18.84909;-13.501419
a;12821124890541;2.171692;18.796371;-7.3813934
a;12821145032142;-3.340683;14.900696;-1.4726868
a;12821165173744;-6.360016;4.651169;3.6687317
a;12821185315345;-5.02182;-16.773666;10.62735
a;12821205456947;0.6043854;-20.150314;-0.30918884
a;12821225598549;3.3014832;-20.150314;9.205093
a;12821245740150;2.647583;-19.891144;11.5242
a;12821265881752;-0.36160278;-8.900742;2.9694061
a;12821286023353;-3.73555;1.291626;-4.836334
a;12821306164955;-11.985031;12.988052;-11.33783
a;12821326306556;-6.7257843;18.84909;-14.373245
a;12821346448158;1.9775848;18.84909;-13.6228485
a;12821366589760;-1.189209;17.597366;-5.997452
a;12821386731361;-6.963211;10.740829;-1.0088959
a;12821406872963;-7.149124;-7.1703033;6.748413
a;12821427014564;-3.603897;-20.150314;2.2384033
a;12821447156166;0.20922852;-20.150314;3.403244
a;12821467297767;2.7007751;-20.150314;12.027771
a;12821487439369;1.5136566;-18.77536;9.101166
a;12821507580970;-2.1638641;-5.9901886;0.23854065
a;12821527722572;-7.3582764;3.4525757;-7.9672546
a;12821547864174;-14.580811;17.69368;-18.224274
a;12821568005775;-3.08638;18.84909;-17.210114
a;12821588147377;1.9826508;18.84909;-11.575012
a;12821608288978;-5.1477814;16.45134;-4.4902496
a;12821628430580;-9.125137;0.7632141;3.7369843
a;12821648572181;-7.355423;-19.498672;5.163086
a;12821668713783;6.095459;-20.150314;4.1191406
a;12821688855385;8.551575;-20.150314;15.130539
a;12821708996986;4.234482;-20.150314;10.828552
a;12821729138588;1.8374634;-10.814514;2.3392487
a;12821749280189;-0.51342773;-0.10072327;-5.598053
a;12821769421791;-4.936905;12.541092;-10.388718
a;12821789563392;-7.814804;18.84909;-11.51178
a;12821809704994;1.1969299;17.54747;-11.332291
a;12821829846595;1.5794983;15.089157;-6.4254913
a;12821849988197;-4.166107;11.436356;-5.217407
a;12821870129799;-8.23114;1.3603363;-1.8029633
a;12821890271400;-10.327332;-15.1406555;4.214096
a;12821910413002;-12.706696;-20.150314;-4.356827
a;12821930554603;-8.957703;-19.18486;-1.2895813
a;12821950696205;-9.669556;-15.158783;7.991211
a;12821970837806;-11.775177;-16.603104;10.587753
a;12821990979408;-12.835449;-17.097305;9.494095
a;12822011121010;-9.299271;-14.588318;7.537552
a;12822031262611;-5.6175537;-12.668808;5.369705
a;12822051404213;-3.6947327;-10.096939;3.844635
a;12822071545814;-2.9299927;-7.9095917;3.0260773
a;12822091687416;-2.8391418;-6.6039124;2.3622284
a;12822111829017;-3.2535706;-5.8193665;1.6850891
a;12822131970619;-3.7927094;-5.407486;1.4225311
a;12822152112220;-4.7999268;-6.0799255;1.80513
a;12822172253822;-6.904587;-8.374924;1.9015198
a;12822192395424;-9.43483;-8.250381;0.7930298
a;12822212537025;-11.825653;-6.966614;0.120025635
a;12822232678627;-13.213074;-6.7592163;-0.3605957
a;12822252820228;-13.813416;-7.4718323;-0.5564575
a;12822272961830;-13.766663;-8.025482;-0.1424408
a;12822293103431;-12.953339;-8.084381;0.10317993
a;12822313245033;-12.030777;-7.38208;0.18244934
a;12822333386635;-10.963379;-6.272812;0.4174347
a;12822353528236;-9.964111;-5.104477;0.45898438
a;12822373669838;-9.6831665;-4.163498;0.43099976
a;12822393811439;-10.286514;-3.8553162;-0.051071167
a;12822413953041;-10.931671;-3.91922;-0.22921753
a;12822434094642;-10.343857;-3.910019;0.18066406
a;12822454236244;-9.003586;-3.8998108;0.6894684
a;12822474377845;-8.04158;-3.2641144;0.5986786
a;12822494519447;-7.700165;-2.7064667;0.518692
a;12822514661049;-7.4940796;-2.5792236;0.38024902
a;12822534802650;-7.414917;-2.8230286;0.3634491
a;12822554944252;-7.812088;-3.301361;0.09938049
a;12822575085853;-8.628571;-3.5556335;-0.24894714
a;12822595227455;-9.421097;-3.9558563;-0.45089722
a;12822615369056;-10.026093;-3.82193;-0.87583923
a;12822635510658;-10.034775;-3.9092712;-0.8514557
a;12822655652260;-9.576813;-3.774582;-0.8603668
a;12822675793861;-9.290924;-3.1880646;-1.0780792
a;12822695935463;-9.237366;-2.5004578;-1.017868
a;12822716077064;-9.208603;-2.168869;-0.65997314
a;12822736218666;-9.196091;-2.2694855;-0.37101746
a;12822756360267;-9.355698;-2.5111542;-0.3152008
a;12822776501869;-9.936066;-3.0235748;0.06869507
a;12822796643470;-10.557739;-3.6474152;0.53230286
a;12822816785072;-10.501083;-3.7994232;0.8193207
a;12822836926674;-9.569153;-3.7496033;1.0535889
a;12822857068275;-8.90921;-3.7080536;1.0441742
a;12822877209877;-8.660873;-3.4604645;0.8938446
a;12822897351478;-8.702148;-3.2666168;0.6682739
a;12822917493080;-9.158524;-3.27771;0.44700623
a;12822937634681;-9.392563;-3.5349884;0.54000854
a;12822957776283;-9.180511;-3.8362885;0.60624695
a;12822977917885;-8.998947;-4.051346;0.74594116
a;12822998059486;-8.821335;-4.1012726;0.7288513
a;12823018201088;-8.5277405;-3.9533997;0.8263092
a;12823038342689;-8.2034;-3.8517914;0.8002167
a;12823058484291;-8.245499;-3.657959;0.5626831
a;12823078625892;-9.002121;-3.695221;0.2689209
a;12823098767494;-9.8333435;-3.937973;0.15458679
a;12823118909095;-9.932678;-4.0562134;0.2076416
a;12823139050697;-9.797302;-4.0600586;0.18588257
a;12823159192299;-9.621246;-4.1099396;0.15733337
a;12823179333900;-9.194809;-4.2587585;0.24342346
a;12823199475502;-8.644897;-4.4024963;0.4072876
a;12823219617103;-8.280762;-4.538666;0.41308594
a;12823239758705;-8.2957;-4.6301117;0.3769226
a;12823259900306;-8.637207;-4.5052795;0.53334045
a;12823280041908;-8.922852;-4.371582;0.65283203
a;12823300183510;-8.966934;-4.253891;0.73872375
a;12823320325111;-9.021164;-4.0787964;0.7769928
a;12823340466713;-9.314697;-3.930603;0.8796387
a;12823360608314;-9.455093;-3.828827;1.105835
a;12823380749916;-9.352509;-4.0366516;1.2617188
a;12823400891517;-9.273758;-4.284622;1.2349396
a;12823421033119;-9.227661;-4.3307343;1.2200012
a;12823441174720;-9.074493;-4.384842;0.96492004
a;12823461316322;-8.987686;-4.7358093;0.78448486
a;12823481457924;-8.965668;-4.8112335;0.8878937
a;12823501599525;-9.070465;-4.6103516;0.89967346
a;12823521741127;-9.070984;-4.4112396;0.86964417
a;12823541882728;-8.995758;-4.4300385;0.86486816
a;12823562024330;-9.0230255;-4.4404144;0.84091187
a;12823582165931;-8.94632;-4.3611298;0.85258484
a;12823602307533;-8.979416;-4.3332367;0.77301025
a;12823622449135;-9.1132965;-4.2025604;0.69647217
a;12823642590736;-9.108139;-4.1548004;0.72846985
a;12823662732338;-9.026749;-4.143799;0.7736511
a;12823682873939;-9.045563;-4.0841675;0.7332001
a;12823703015541;-9.149948;-4.024765;0.62438965
a;12823723157142;-9.159302;-4.0214844;0.652359
a;12823743298744;-9.077774;-4.0713043;0.67985535
a;12823763440345;-8.931442;-4.0707703;0.7893982
a;12823783581947;-8.977615;-4.0579987;0.7953491
a;12823803723549;-9.139114;-3.9907837;0.7550049
a;12823823865150;-9.094498;-3.9297638;0.7752991
a;12823844006752;-9.029861;-3.9487915;0.8090973
a;12823864148353;-9.128708;-3.954834;0.8441467
a;12823884289955;-9.146088;-3.9478302;0.8680725
a;12823904431556;-9.155243;-3.932495;0.89178467
a;12823924573158;-9.170746;-3.9502716;0.91371155
a;12823944714760;-9.099808;-3.967102;0.8672943
a;12823964856361;-9.018845;-3.9508972;0.86828613
a;12823984997963;-9.077133;-3.9662018;0.86447144
a;12824005139564;-9.110504;-3.9938812;0.8023987
a;12824025281166;-9.1085205;-4.009918;0.8333435
a;12824045422767;-9.1102295;-4.0272064;0.79319763
a;12824065564369;-9.09346;-4.035919;0.776474
a;12824085705970;-9.000397;-4.0578613;0.80371094
a;12824105847572;-9.014374;-4.059311;0.80285645
a;12824125989174;-9.067947;-3.9936676;0.77334595
a;12824146130775;-9.089096;-4.002533;0.8048248
a;12824166272377;-9.106918;-3.9814758;0.8179474
a;12824186413978;-9.102432;-3.9638824;0.7966461
a;12824206555580;-9.062088;-3.9675903;0.8270874
a;12824226697181;-9.052155;-3.9866638;0.79441833
a;12824246838783;-9.039612;-3.9634857;0.7965393
a;12824266980385;-9.051697;-3.9611206;0.84303284
a;12824287121986;-9.088715;-3.9478607;0.86032104
a;12824307263588;-9.071823;-3.8960419;0.8957825
a;12824327405189;-9.075821;-3.875473;0.8887787
a;12824347546791;-9.093506;-3.877716;0.85975647
a;12824367688392;-9.080597;-3.9300537;0.85842896
a;12824387829994;-9.089462;-3.9840088;0.8677521
a;12824407971595;-9.082214;-3.9990997;0.85913086
a;12824428113197;-9.047073;-3.9668427;0.8892975
a;12824448254799;-9.022537;-3.9767761;0.83192444
a;12824468396400;-9.058075;-3.9974976;0.85383606
a;12824488538002;-9.061447;-4.025635;0.86779785
a;12824508679603;-9.034073;-4.0420685;0.9148102
a;12824528821205;-9.081299;-4.0442505;0.90078735
a;12824548972663;-9.137833;-4.081314;0.86177063
a;12824569114265;-9.136017;-4.0894012;0.863327
a;12824589255867;-9.126953;-4.073929;0.89172363
a;12824609397468;-9.062592;-4.033951;0.86927795
a;12824629539070;-9.008331;-3.9831085;0.87057495
a;12824649680671;-9.045532;-4.0039215;0.8501282
a;12824669822273;-9.050705;-3.9586182;0.82943726
a;12824689963874;-9.000717;-3.9259033;0.8543396
a;12824710105476;-9.032379;-3.9400177;0.82310486
a;12824730247077;-9.072403;-4.012848;0.8577118
a;12824750388679;-9.078247;-4.0017395;0.8961487
a;12824770530281;-9.085541;-4.000305;0.9374695
a;12824790671882;-9.113235;-4.052902;0.9330292
a;12824810813484;-9.137482;-4.07843;0.95628357
a;12824830955085;-9.135101;-4.0986633;0.9274292
a;12824851096687;-9.129074;-4.1120453;0.9729309
a;12824871238288;-9.100189;-4.1056824;0.94999695
a;12824891379890;-9.09729;-4.058655;0.91741943
a;12824911521492;-9.060715;-4.0604706;0.9148865
a;12824931663093;-9.050995;-4.0502777;0.9203644
a;12824951804695;-9.087051;-4.032028;0.9159241
a;12824971946296;-9.139893;-4.0307007;0.9063873
a;12824992087898;-9.102295;-3.9767761;0.8353119
a;12825012229499;-9.051392;-3.9858093;0.8306122
a;12825032371101;-9.068253;-3.9776764;0.83917236
a;12825052512702;-9.010025;-3.9793549;0.93074036
a;12825072654304;-8.952881;-3.963379;0.93196106
a;12825092795906;-9.020203;-4.0085907;0.9136963
a;12825112937507;-9.073166;-4.084259;0.9133911
a;12825133079109;-9.109436;-4.1215515;0.9356384
a;12825153220710;-9.136887;-4.1004333;0.9903412
a;12825173362312;-9.03093;-4.052948;0.9146118
a;12825193503913;-8.972153;-4.043747;0.89398193
a;12825213645515;-9.029877;-4.04187;0.9374237
a;12825233787117;-9.030685;-4.0292664;0.95358276
a;12825253928718;-9.016937;-4.052292;0.88986206
a;12825274070320;-9.05455;-4.0742035;0.88438416
a;12825294211921;-9.086075;-4.049118;0.89331055
a;12825314353523;-9.05127;-4.0814667;0.9112549
a;12825334495124;-9.042648;-4.094589;0.9397583
a;12825354636726;-9.023117;-4.082779;0.88864136
a;12825374778327;-8.997116;-4.0844116;0.92030334
a;12825394919929;-9.031418;-4.068863;0.94854736
a;12825415061531;-9.035568;-4.0666656;0.98724365
a;12825435203132;-9.056976;-4.1481934;1.0392303
a;12825455344734;-9.063049;-4.1244354;0.9961395
a;12825475486335;-9.062515;-4.1441193;1.0308685
a;12825495627937;-9.042023;-4.159668;0.99160767
a;12825515769538;-9.067078;-4.1245575;0.960022
a;12825535911140;-9.052292;-4.1640015;0.9526367
a;12825556052742;-9.053253;-4.1362762;0.9059143
a;12825576194343;-9.056671;-4.029419;0.83522034
a;12825596335945;-9.065598;-3.9997406;0.80870056
a;12825616477546;-9.071365;-4.0025024;0.8305054
a;12825636619148;-9.04631;-4.0011444;0.9174957
a;12825656760749;-9.042709;-4.00354;0.9490509
a;12825676902351;-8.976456;-4.015671;0.90834045
a;12825697043952;-9.074188;-4.0612335;0.8830719
a;12825717185554;-9.143173;-4.081131;0.9239197
a;12825737327156;-9.078827;-4.0779114;0.972229
a;12825757468757;-9.041763;-4.0493317;0.89328
a;12825777610359;-9.071533;-4.0588226;0.7915344
a;12825797751960;-9.10257;-4.0676117;0.81591797
a;12825817893562;-9.07428;-4.005142;0.88287354
a;12825838035163;-9.012161;-4.015091;0.9010773
a;12825858176765;-9.024811;-4.0871124;0.8460083
a;12825878318367;-9.033295;-4.095688;0.8545227
a;12825898459968;-9.083374;-4.0838013;0.83810425
a;12825918601570;-9.084137;-4.051071;0.8424988
a;12825938743171;-9.033569;-4.0791626;0.8428345
a;12825958884773;-9.05217;-4.069092;0.8673096
a;12825979026374;-9.091919;-4.047943;0.8527374
a;12825999167976;-9.075211;-4.061386;0.82795715
a;12826019309577;-9.077927;-4.0584106;0.8365631
a;12826039451179;-9.052185;-4.051895;0.8458252
a;12826059592781;-9.047134;-4.0490265;0.85517883
a;12826079734382;-9.060333;-4.06131;0.7980499
a;12826099875984;-9.082443;-4.0729675;0.7646179
a;12826120017585;-9.051773;-4.044571;0.81404114
a;12826140159187;-9.05983;-4.0364227;0.76911926
a;12826160300788;-9.038071;-4.0377502;0.7629852
a;12826180442390;-9.072235;-4.0397186;0.76197815
a;12826200583992;-9.090363;-4.0607758;0.743042
a;12826220725593;-9.094681;-4.0393066;0.77516174
a;12826240867195;-9.100693;-4.0206757;0.7727814
a;12826261008796;-9.114685;-4.015793;0.79444885
a;12826281150398;-9.101486;-4.0062866;0.7899933
a;12826301291999;-9.065186;-4.0187836;0.77531433
a;12826321433601;-9.090729;-4.01915;0.7574463
a;12826341575202;-9.111145;-4.0406647;0.7631378
a;12826361716804;-9.103973;-4.0317535;0.7059479
a;12826381858406;-9.099945;-4.044937;0.69992065
a;12826402000007;-9.092285;-4.04216;0.6889496
a;12826422141609;-9.081039;-4.0312805;0.6979523
a;12826442283210;-9.086395;-4.039383;0.6581116
a;12826462424812;-9.077988;-4.0459595;0.6201019
a;12826482566413;-9.1119995;-4.0798187;0.628067
a;12826502708015;-9.017609;-4.0278625;0.6705322
a;12826522849617;-9.000046;-3.988083;0.69947815
a;12826542991218;-9.075958;-3.9921417;0.7144165
a;12826563132820;-9.081024;-4.02829;0.70214844
a;12826583274421;-9.0859375;-4.0525665;0.6979523
a;12826603416023;-9.120743;-4.0915375;0.69866943
a;12826623557624;-9.11235;-4.1032715;0.6858673
a;12826643699226;-9.053268;-4.082184;0.7049103
a;12826663840827;-9.061813;-4.0657043;0.67370605
a;12826683982429;-9.074051;-4.06456;0.67085266
a;12826704124031;-9.04744;-4.054947;0.64515686
a;12826724265632;-9.087509;-4.0491486;0.5966339
a;12826744407234;-9.099731;-4.055069;0.5619049
a;12826764548835;-9.037415;-4.0261993;0.5780792
a;12826784690437;-8.983719;-4.0112915;0.5867615
a;12826804832038;-8.986984;-4.0273438;0.5853729
a;12826824973640;-9.011734;-4.028351;0.58432007
a;12826845115242;-9.085068;-4.0532684;0.60975647
a;12826865256843;-9.144745;-4.09169;0.58543396
a;12826885398445;-9.102829;-4.077057;0.5832672
a;12826905540046;-9.102707;-4.054199;0.505249
a;12826925681648;-9.318558;-4.0595703;0.53730774
a;12826945823249;-9.348938;-3.941742;0.6049957
a;12826965964851;-9.023193;-3.840088;0.6088867
a;12826986106452;-8.901245;-3.8177032;0.59898376
a;12827006248054;-9.141937;-3.9354553;0.5529022
a;12827026389656;-9.429077;-3.9621277;0.48944092
a;12827046531257;-9.316055;-3.9386292;0.42544556
a;12827066672859;-9.043701;-4.045395;0.42370605
a;12827086814460;-8.896179;-4.189316;0.49163818
a;12827106956062;-8.871307;-4.171219;0.58651733
a;12827127097663;-8.936905;-4.157028;0.61376953
a;12827147239265;-8.974014;-4.203125;0.51641846
a;12827167380867;-9.011139;-4.270462;0.5118866
a;12827187522468;-9.067001;-4.3254547;0.4966278
a;12827207664070;-9.088074;-4.3640747;0.49847412
a;12827227805671;-9.079605;-4.406067;0.4492798
a;12827247947273;-9.150513;-4.3090057;0.42851257
a;12827268088874;-9.210098;-4.349579;0.4303589
a;12827288230476;-9.327835;-4.1725006;0.516037
a;12827308372077;-9.409576;-3.980835;0.59791565
a;12827328513679;-9.520355;-3.934433;0.6248627
a;12827348655281;-9.531006;-3.89357;0.6497345
a;12827368796882;-9.462021;-3.8641205;0.57925415
a;12827388938484;-9.49913;-3.8667297;0.5016022
a;12827409080085;-9.478836;-3.862091;0.48132324
a;12827429221687;-9.4231415;-3.8153534;0.46929932
a;12827449363288;-9.4496;-3.87706;0.4152069
a;12827469504890;-9.486679;-3.9281921;0.3746643
a;12827489646492;-9.438263;-3.9542084;0.43547058
a;12827509788093;-9.410538;-3.9625702;0.4558258
a;12827529929695;-9.38121;-3.9220886;0.48542786
a;12827550071296;-9.377472;-3.91922;0.561615
a;12827570212898;-9.362244;-3.9134064;0.5935669
a;12827590354499;-9.346695;-3.9645386;0.6485901
a;12827610496101;-9.325333;-3.9582977;0.70199585
a;12827630637702;-9.307999;-3.9337006;0.67951965
a;12827650779304;-9.253647;-3.8844452;0.71769714
a;12827670920906;-9.154892;-3.8661346;0.6941376
a;12827691062507;-9.019943;-3.8347168;0.7718506
a;12827711204109;-8.806808;-3.7980804;0.8063507
a;12827731345710;-8.744614;-3.8233032;0.89808655
a;12827751487312;-8.840378;-3.7969513;0.89894104
a;12827771628913;-8.726776;-3.7653656;0.9833679
a;12827791770515;-8.588104;-3.865509;1.0865784
a;12827811912117;-8.699661;-4.0026245;1.2102356
a;12827832053718;-8.90831;-4.0780945;1.3039551
a;12827852195320;-9.016129;-4.2438354;1.2942657
a;12827872336921;-9.251755;-4.370178;1.3940887
a;12827892478523;-9.679031;-4.4665375;1.6764374
a;12827912620124;-10.11377;-4.7651215;2.146759
a;12827932761726;-10.931763;-5.213974;1.9188995
a;12827952903327;-11.554108;-5.182007;2.189865
a;12827973044929;-11.376312;-5.378418;2.607788
a;12827993186531;-11.23526;-5.471649;3.487442
a;12828013328132;-10.873627;-5.4705963;3.1652832
a;12828033469734;-9.679825;-5.9950256;2.477417
a;12828053611335;-8.421936;-6.272064;2.5743256
a;12828073752937;-7.673401;-7.233551;3.1099548
a;12828093894538;-7.235962;-7.8641357;3.6517334
a;12828114036140;-6.864807;-7.8326874;3.5782166
a;12828134177742;-6.25296;-7.951294;3.1925507
a;12828154319343;-5.7338257;-8.576355;3.2973328
a;12828174460945;-5.1219025;-9.728363;3.7186127
a;12828194602546;-4.6492157;-10.013367;4.2540894
a;12828214744148;-4.200302;-9.622498;4.6311493
a;12828234885749;-3.5022888;-9.618256;4.8375854
a;12828255027351;-2.6989136;-9.722992;4.8533936
a;12828275168952;-1.7163086;-9.631912;4.905304
a;12828295310554;-0.8219147;-9.239441;5.109131
a;12828315452156;-0.19699097;-8.674133;5.484848
a;12828335593757;0.0718689;-8.781036;5.560501
a;12828355735359;0.21899414;-9.383926;5.656296
a;12828375876960;0.30259705;-9.307419;5.771805
a;12828396018562;0.42189026;-8.152283;5.3993225
a;12828416160163;0.9050751;-7.643219;4.9736633
a;12828436301765;1.520874;-7.655411;5.211853
a;12828456443367;1.0661469;-8.009567;5.713455
a;12828476584968;0.26441956;-8.372635;5.54776
a;12828496726570;0.30517578;-7.6877136;4.885193
a;12828516868171;0.81851196;-6.9177094;4.9091644
a;12828537009773;0.39453125;-7.019989;6.0379333
a;12828557151374;-1.1087799;-8.97728;6.5453033
a;12828577292976;-1.5931854;-9.322739;5.41597
a;12828597434577;-0.57048035;-7.10614;4.896347
a;12828617576179;0.24484253;-5.197998;5.3390656
a;12828637717781;0.23303223;-4.4371643;6.3223267
a;12828657859382;0.28219604;-4.1649475;6.7983093
a;12828678000984;0.1382904;-3.5492249;7.2155457
a;12828698142585;0.14196777;-4.125778;6.951004
a;12828718284187;0.60632324;-4.558304;6.907074
a;12828738425788;0.2506256;-4.0824127;7.890991
a;12828758567390;-0.3062439;-3.1263123;8.402039
a;12828778708992;0.19456482;-3.0111237;8.623611
a;12828798850593;0.8206177;-2.8746643;9.028671
a;12828818992195;0.54037476;-2.4809265;9.622467
a;12828839133796;-0.058517456;-2.646286;9.599915
a;12828859275398;0.32617188;-2.6325226;9.224701
a;12828879416999;0.81637573;-2.5933838;9.331604
a;12828899558601;0.9892731;-2.5117188;8.9339905
a;12828919700202;1.4004364;-1.9621124;9.166733
a;12828939841804;1.2015991;-1.3187714;9.530411
a;12828959983406;1.0050659;-1.6364594;9.553741
a;12828980125007;1.7839203;-1.9408722;9.3971405
a;12829000266609;1.1312561;-2.5348816;8.605499
a;12829020408210;-0.79122925;-3.2152557;10.565628
a;12829040549812;-0.97824097;-6.101303;13.93428
a;12829060691413;1.0900574;-3.1671753;10.884613
a;12829080833015;0.69299316;-2.5430145;9.12175
a;12829100974617;0.6214752;-0.9798126;8.153961
a;12829121116218;1.0000916;-1.9076843;8.479126
a;12829141257820;0.91633606;-4.819626;9.430908
a;12829161399421;1.1144714;-5.791519;11.024216
a;12829181541023;0.6639862;-3.7012177;10.85759
a;12829201682624;1.6012726;-5.028824;8.087967
a;12829221824226;1.0638275;-4.303833;6.998764
a;12829241965827;0.8127289;-6.1463013;7.4945374
a;12829262107429;0.69729614;-6.1303406;9.072769
a;12829282249031;1.0280457;-5.498764;9.303665
a;12829302390632;1.0408478;-4.7478027;9.034073
a;12829322532234;0.7214508;-4.5690002;8.715408
a;12829342673835;0.88365173;-6.4693604;8.080444
a;12829362815437;1.3156433;-6.9937286;8.146881
a;12829382957038;1.0986786;-6.034256;8.295456
a;12829403098640;0.9763031;-5.917755;8.141769
a;12829423240242;0.8635559;-5.9583893;7.8842926
a;12829443381843;0.8766327;-6.330414;7.593231
a;12829463523445;0.8278961;-6.6112823;7.839432
a;12829483665046;1.0710144;-6.5295715;8.013596
a;12829503806648;1.027832;-5.412384;8.299469
a;12829523948249;0.31385803;-3.3157806;9.209717
a;12829544089851;-0.19871521;-3.0990448;9.1766205
a;12829564231452;-0.19418335;-4.868088;6.5785675
a;12829584373054;0.48980713;-8.608215;2.7112427
a;12829604514656;1.4582367;-13.388046;1.449997
a;12829624656257;1.8027191;-12.474411;2.528122
a;12829644797859;1.3660431;-10.23938;3.9500427
a;12829664939460;0.8567352;-9.40744;4.097351
a;12829685081062;0.80000305;-9.446442;4.020401
a;12829705222663;0.826355;-9.708725;3.703537
a;12829725364265;0.9675598;-10.0542755;2.6907196
a;12829745505867;0.88900757;-10.601654;1.7818909
a;12829765647468;0.8652649;-10.918991;1.7426147
a;12829785789070;0.9990845;-9.977081;2.7190552
a;12829805930671;0.83699036;-9.6206665;2.7196655
a;12829826072273;0.68070984;-10.610184;2.0199432
a;12829846213874;0.7889862;-11.23262;1.5428314
a;12829866355476;0.9156189;-10.490524;1.6568909
a;12829886497077;0.84339905;-10.111282;1.6579742
a;12829906638679;0.739975;-10.491348;1.4569702
a;12829926780281;0.7313843;-10.662262;1.1442566
a;12829946921882;0.6705017;-10.521332;1.4473419
a;12829967063484;0.7517853;-9.50058;2.3511658
a;12829987205085;0.7402954;-9.4288025;2.4210205
a;12830007346687;0.76490784;-10.342728;1.5116119
a;12830027488288;0.7437744;-11.00383;0.60580444
a;12830047629890;0.7893982;-11.2061615;0.54981995
a;12830067771492;0.7183838;-10.61795;1.2207642
a;12830087913093;0.6187134;-9.77623;1.9277191
a;12830108054695;0.6517029;-9.786987;1.811264
a;12830128196296;0.72727966;-10.606094;1.1476593
a;12830148337898;0.7230377;-10.642212;0.98739624
a;12830168479499;0.6200409;-10.428467;1.196167
a;12830188621101;0.59085083;-9.889816;1.7141724
a;12830208762702;0.58140564;-9.852066;1.8529968
a;12830228904304;0.690567;-10.286118;1.4290771
a;12830249045906;0.6448822;-10.407928;1.1061401
a;12830269187507;0.527359;-10.22934;1.2388458
a;12830289329109;0.57167053;-10.046585;1.4736938
a;12830309470710;0.6261444;-10.119553;1.5018158
a;12830329612312;0.6536255;-10.423355;1.3078308
a;12830349753913;0.5733032;-10.707275;0.8868408
a;12830369895515;0.5457306;-10.831741;0.75205994
a;12830390037117;0.5677185;-10.588989;0.86961365
a;12830410178718;0.52809143;-10.409195;0.9809723
a;12830430320320;0.5235596;-10.276474;1.0843506
a;12830450461921;0.4685669;-10.197998;1.1159058
a;12830470603523;0.478302;-10.343658;1.0416107
a;12830490745124;0.6005249;-10.395065;1.0728455
a;12830510886726;0.6280823;-10.3159485;1.2480164
a;12830531028327;0.5325928;-10.286819;1.2716522
a;12830551169929;0.59065247;-10.299759;1.1911163
a;12830571311531;0.6038971;-10.3498535;1.1372375
a;12830591453132;0.5253296;-10.31636;1.3004608
a;12830611594734;0.51223755;-10.224747;1.3985443
a;12830631736335;0.49813843;-10.169617;1.291153
a;12830651877937;0.5164795;-10.254791;1.1381378
a;12830672019538;0.57232666;-10.450226;1.080368
a;12830692161140;0.6093445;-10.442688;1.145462
a;12830712302742;0.5474396;-10.355011;1.2712402
a;12830732444343;0.5582886;-10.279785;1.3614502
a;12830752585945;0.59399414;-10.250351;1.3897705
a;12830772727546;0.588089;-10.233261;1.3143768
a;12830792869148;0.58631897;-10.302017;1.3809052
a;12830813010749;0.5339966;-10.338211;1.3932343
a;12830833152351;0.53356934;-10.361572;1.326416
a;12830853293952;0.5164337;-10.352325;1.2236633
a;12830873435554;0.53948975;-10.301315;1.1543121
a;12830893577156;0.52201843;-10.283325;1.1368561
a;12830913718757;0.46391296;-10.220032;1.1716919
a;12830933860359;0.44636536;-10.2202;1.1653442
a;12830954001960;0.43048096;-10.307114;1.0752563
a;12830974143562;0.465271;-10.356644;1.1163483
a;12830994285163;0.48687744;-10.390991;1.2315216
a;12831014426765;0.5037842;-10.299561;1.3449249
a;12831034568367;0.5459595;-10.20723;1.3925018
a;12831054709968;0.53886414;-10.332657;1.3782196
a;12831074851570;0.53733826;-10.439682;1.3952637
a;12831094993171;0.49464417;-10.392441;1.3825378
a;12831115134773;0.4828186;-10.320755;1.3359985
a;12831135276374;0.536911;-10.369461;1.2512817
a;12831155417976;0.5337677;-10.407608;1.2195282
a;12831175559577;0.47633362;-10.422836;1.2795258
a;12831195701179;0.4867096;-10.327454;1.3774109
a;12831215842781;0.44340515;-10.295334;1.4411774
a;12831235984382;0.54330444;-10.275986;1.3692932
a;12831256125984;0.620224;-10.3484955;1.2718964
a;12831276267585;0.5206604;-10.380981;1.2664642
a;12831296409187;0.46546936;-10.384155;1.2397308
a;12831316550788;0.5525055;-10.278351;1.2420807
a;12831336692390;0.5404053;-10.201218;1.280899
a;12831356833992;0.49612427;-10.19281;1.2571564
a;12831376975593;0.47355652;-10.28157;1.2204285
a;12831397117195;0.46832275;-10.318085;1.2076721
a;12831417258796;0.50335693;-10.288605;1.315445
a;12831437400398;0.55519104;-10.30101;1.3473663
a;12831457541999;0.55934143;-10.298004;1.2806396
a;12831477683601;0.5407562;-10.374313;1.2661743
a;12831497825202;0.4923706;-10.400864;1.2970581
a;12831517966804;0.46125793;-10.358551;1.2840424
a;12831538108406;0.5390625;-10.292114;1.3093262
a;12831558250007;0.5742645;-10.211807;1.3945465
a;12831578391609;0.50460815;-10.231522;1.4303284
a;12831598533210;0.45988464;-10.319153;1.3332825
a;12831618674812;0.52923584;-10.305801;1.2753906
a;12831638816413;0.5272064;-10.241043;1.4324951
a;12831658958015;0.4797821;-10.280045;1.4183807
a;12831679099617;0.4927826;-10.307632;1.333725
a;12831699241218;0.5571747;-10.3576355;1.2776031
a;12831719382820;0.5298157;-10.327042;1.3826599
a;12831739524421;0.5299072;-10.313461;1.2829285
a;12831759666023;0.5550995;-10.488953;1.2601624
a;12831779807624;0.52197266;-10.276947;1.4456482
a;12831799949226;0.48527527;-10.372772;1.4877625
a;12831820090827;0.45700073;-10.136459;1.734787
a;12831840232429;0.45420837;-9.933685;1.8352661
a;12831860374031;0.52565;-10.185013;1.5961456
a;12831880515632;0.5559082;-10.437683;1.3962402
a;12831900657234;0.5331116;-10.309021;1.5195465
a;12831920798835;0.52134705;-10.213638;1.6183014
a;12831940940437;0.49456787;-10.21077;1.5871735
a;12831961082038;0.5740204;-10.251434;1.6524963
a;12831981223640;0.5830078;-10.388611;1.54422
a;12832001365242;0.6304321;-10.810532;1.3506775
a;12832021506843;0.60461426;-10.711044;1.4348145
a;12832041648445;0.5311432;-9.984695;1.8690186
a;12832061790046;0.4433899;-9.8654175;2.0698242
a;12832081931648;0.44973755;-10.065567;1.9681396
a;12832102073249;0.6177521;-10.461639;1.4277496
a;12832122214851;0.6351471;-10.579987;1.4449615
a;12832142356452;0.50775146;-9.9691925;2.0633698
a;12832162498054;0.38560486;-9.595886;2.5385895
a;12832182639656;0.4230194;-9.888641;2.531601
a;12832202781257;0.57406616;-10.2105255;2.280487
a;12832222922859;0.6551056;-10.234543;2.2250214
a;12832243064460;0.5543213;-10.192123;2.2553253
a;12832263206062;0.5192261;-10.186111;2.2124329
a;12832283347663;0.5756531;-10.188599;1.9859467
a;12832303489265;0.58499146;-10.459335;1.8566437
a;12832323630867;0.5353241;-10.5907135;1.7796173
a;12832343772468;0.6659241;-10.600006;2.0246277
a;12832363914070;0.6756897;-10.655197;2.2904358
a;12832384055671;0.55010986;-9.735794;3.069687
a;12832404197273;0.55088806;-9.824448;3.0795746
a;12832424338874;0.7620392;-10.829605;2.088028
a;12832444480476;0.8009796;-11.55864;1.5773468
a;12832464622077;0.8327179;-11.053787;2.368866
a;12832484763679;0.83180237;-9.713257;3.6965332
a;12832504905281;0.59103394;-8.865112;4.555832
a;12832525046882;0.45022583;-9.258087;4.255432
a;12832545188484;0.7782135;-10.917664;3.1890411
a;12832565330085;1.1814117;-11.846649;3.427475
a;12832585471687;1.512085;-8.84314;5.741028
a;12832605613288;0.78404236;-6.1207275;7.305542
a;12832625754890;0.12940979;-7.9769897;5.0217285
a;12832645896492;1.4811554;-10.3701935;4.0229645
a;12832666038093;2.0325165;-5.076996;7.2195435
a;12832686179695;-0.4800415;1.1716919;10.405334
a;12832706321296;-0.77619934;-1.0765686;9.995834
a;12832726462898;0.79704285;-3.2912598;9.090195
a;12832746604499;0.6929779;-2.6617126;9.23024
a;12832766746101;0.4188385;-1.5955505;9.666611
a;12832786887702;0.16966248;-1.1885529;9.958023
a;12832807029304;0.6437378;-1.9083099;9.7213745
a;12832827170906;0.70069885;-1.7785492;9.769196
a;12832847312507;0.5365753;-0.6735077;10.297958
a;12832867454109;0.22489929;0.0647583;10.488998
a;12832887595710;0.34855652;-1.6628265;9.28183
a;12832907737312;0.8091583;-1.43396;9.306625
a;12832927878913;0.40011597;-0.39105225;10.392273
a;12832948020515;0.71180725;-0.4437561;10.715408
a;12832968162117;0.70957947;-1.3682251;9.607651
a;12832988303718;0.48838806;-0.58251953;9.742584
a;12833008445320;0.18096924;-0.016525269;10.266327
a;12833028586921;0.46240234;-0.6439209;9.930664
a;12833048728523;0.48210144;-0.8708496;9.84314
a;12833068870124;0.16389465;-0.48028564;9.905884
a;12833089011726;0.042770386;0.20501709;9.965027
a;12833109153327;-0.34625244;-0.18623352;9.403976
a;12833129294929;0.15193176;-1.0987091;9.203827
a;12833149436531;0.25764465;-0.83499146;10.031174
a;12833169578132;0.18322754;0.25367737;11.015686
a;12833189719734;-0.41964722;0.9290619;11.838257
a;12833209861335;-0.8938904;-0.87153625;11.102646
a;12833230002937;-1.5595398;-4.677719;9.012436
a;12833250144538;0.75587463;-1.5345154;10.143402
a;12833270286140;-3.0809479;-0.4881134;9.811386
a;12833290427742;-3.4966583;-2.2993011;8.049347
a;12833310569343;-1.9526062;-1.418869;8.118011
a;12833330710945;-2.4549866;-2.234558;8.4262085
a;12833350852546;-3.099289;-1.5137634;8.214523
a;12833370994148;-3.5581818;-1.4524231;8.458725
a;12833391135749;-2.259262;-2.7221222;8.147583
a;12833411277351;-1.079895;-3.560852;7.607895
a;12833431418952;-1.0336456;-2.9830322;7.9316254
a;12833451560554;-1.3805237;-2.710373;8.287704
a;12833471702156;-0.3204193;-2.4475708;7.6993866
a;12833491843757;1.4787903;-3.9807587;6.603363
a;12833511985359;2.8175964;-5.1267548;6.063751
a;12833532126960;1.831955;-4.9457855;6.7940826
a;12833552268562;1.4235535;-4.0182495;7.5470123
a;12833572410163;2.124466;-4.024948;7.645584
a;12833592551765;2.6052094;-5.342911;6.9062653
a;12833612693367;2.3960724;-7.017868;6.4870605
a;12833632834968;2.1689453;-7.906067;6.942047
a;12833652976570;2.462494;-7.195053;7.4884033
a;12833673118171;2.0439453;-6.5582123;7.612137
a;12833693259773;0.9746399;-7.627243;7.530182
a;12833713401374;-0.01914978;-9.448257;7.245697
a;12833733542976;-0.07206726;-8.759323;7.169647
a;12833753684577;0.09828186;-6.025482;7.892105
a;12833773826179;-0.68614197;-5.3036804;8.860855
a;12833793967781;-1.8988342;-6.006439;8.495605
a;12833814109382;-2.4403687;-5.8322754;7.998886
a;12833834250984;-2.5525513;-4.6857605;7.8449554
a;12833854392585;-3.302765;-5.824692;8.103592
a;12833874534187;-4.132477;-7.1335754;7.673813
a;12833894675788;-4.590439;-6.4756165;7.013977
a;12833914817390;-4.9184875;-5.0189667;6.6242065
a;12833934958992;-5.4782257;-4.3475037;6.068466
a;12833955100593;-6.6829834;-5.5654297;6.189331
a;12833975242195;-7.8022766;-5.89415;5.851532
a;12833995383796;-9.101532;-5.3262787;5.2899323
a;12834015525398;-10.248764;-5.7581635;4.33992
a;12834035666999;-11.1171875;-6.012253;3.4693604
a;12834055808601;-11.801605;-5.9884796;2.6573334
a;12834075950202;-12.118652;-6.2458344;2.008484
a;12834096091804;-12.067642;-6.6524963;1.4733734
a;12834116233406;-11.787399;-6.950348;1.3796387
a;12834136375007;-11.155014;-6.833725;1.3821259
a;12834156516609;-10.481567;-6.3686523;1.3251953
a;12834176658210;-10.060593;-5.875061;1.2800751
a;12834196799812;-9.691391;-5.05101;1.4420929
a;12834216941413;-9.332413;-4.2622223;1.5482178
a;12834237083015;-9.018692;-3.9885101;1.4447327
a;12834257224617;-8.847717;-4.085022;1.4505005
a;12834277366218;-8.671417;-4.1941376;1.2819519
a;12834297507820;-8.337967;-4.2994995;1.2974701
a;12834317649421;-8.226303;-4.2137146;1.2288666
a;12834337791023;-8.259628;-4.1612854;1.0844421
a;12834357932624;-8.380508;-4.0907135;0.9152069
a;12834378074226;-8.510895;-4.038025;0.8292084
a;12834398215827;-8.605591;-4.123108;0.8162079
a;12834418357429;-8.815262;-4.176468;0.81321716
a;12834438499031;-9.029068;-4.2056885;0.7957306
a;12834458640632;-9.188171;-4.260269;0.7963257
a;12834478782234;-9.267975;-4.265869;0.7761688
a;12834498923835;-9.36409;-4.283264;0.7914276
a;12834519065437;-9.4197235;-4.2785034;0.8802643
a;12834539207038;-9.359375;-4.163803;1.1074371
a;12834559324055;-9.2464905;-4.009323;1.3500977
a;12834579465657;-9.200775;-3.9429321;1.5302429
a;12834599607258;-9.176086;-3.8500671;1.6546783
a;12834619748860;-9.104874;-3.8224487;1.7632141
a;12834639890461;-9.026581;-3.9506989;1.6643372
a;12834660032063;-8.977417;-4.0724945;1.4745178
a;12834680173664;-8.959534;-4.2070923;1.330307
a;12834700315266;-8.943726;-4.243576;1.1295624
a;12834720456867;-8.951492;-4.2148743;0.92619324
a;12834740598469;-8.972473;-4.18161;0.8470764
a;12834760740071;-9.018753;-4.146103;0.84799194
a;12834780881672;-9.059265;-4.1071167;0.8679199
a;12834801023274;-9.062775;-4.0672913;0.88375854
a;12834821164875;-9.038132;-4.0680084;0.9204254
a;12834841306477;-9.024994;-4.088791;0.9199066
a;12834861448078;-9.003067;-4.106964;0.93644714
a;12834881589680;-9.017654;-4.093979;0.9635925
a;12834901731282;-9.037949;-4.07724;1.0319977
a;12834921872883;-8.995056;-4.051361;1.1730042
a;12834942014485;-9.019821;-4.0070496;1.2161865
a;12834962156086;-9.06752;-3.9931335;1.2358704
a;12834982297688;-9.099197;-3.9756317;1.2602997
a;12835002439289;-9.108154;-3.965332;1.2424316
a;12835022580891;-9.1406555;-3.9862366;1.1933899
a;12835042722492;-9.099533;-3.984314;1.1126862
a;12835062864094;-9.065018;-3.9709778;1.1083984
a;12835083005696;-9.079468;-3.988327;1.0484924
a;12835103147297;-9.054169;-3.9932861;0.983551
a;12835123288899;-9.01564;-4.007477;1.0014496
a;12835143430500;-9.06012;-4.0531616;0.98324585
a;12835163572102;-9.097015;-4.05307;0.9966583
a;12835183713703;-9.016342;-4.0388794;1.0339966
a;12835203855305;-9.00824;-4.049118;1.0666046
a;12835223996907;-9.006729;-4.0654907;1.1100616
a;12835244138508;-9.003311;-4.0773926;1.1165314
a;12835264280110;-8.975204;-4.088257;1.1697693
a;12835284421711;-8.959579;-4.09079;1.1803894
a;12835304563313;-9.030777;-4.151764;1.1454926
a;12835324704914;-9.090759;-4.168396;1.1186523
a;12835344846516;-9.057922;-4.1822205;1.1148834
a;12835364988117;-8.972153;-4.170166;1.0831299
a;12835385129719;-8.975983;-4.1685944;1.0331726
a;12835405271321;-9.0099945;-4.1421814;0.9916229
a;12835425412922;-9.042572;-4.1429596;0.96647644
a;12835445554524;-9.010132;-4.1401215;0.96733093
a;12835465696125;-9.010864;-4.1258545;1.0056
a;12835485837727;-9.009628;-4.1183624;1.0422058
a;12835505979328;-9.013458;-4.0912933;1.0731354
a;12835526120930;-9.038849;-4.07901;1.1413879
a;12835546262532;-9.048172;-4.039032;1.1842651
a;12835566404133;-9.020782;-4.0417023;1.1950226
a;12835586545735;-9.062347;-4.0577545;1.2053986
a;12835606687336;-9.106522;-4.096939;1.1932983
a;12835626828938;-9.13176;-4.116577;1.1485748
a;12835646970539;-9.101837;-4.1081543;1.1740723
a;12835667112141;-9.027878;-4.106949;1.108429
a;12835687253742;-9.020493;-4.1331635;1.0179443
a;12835707395344;-9.04007;-4.1161346;0.9768677
a;12835727536946;-8.951233;-4.096588;0.9288025
a;12835747678547;-8.938858;-4.080078;0.94677734
a;12835767820149;-8.999039;-4.082535;0.9381714
a;12835787961750;-9.039597;-4.11615;0.97917175
a;12835808103352;-9.0156555;-4.0651093;1.0137482
a;12835828244953;-9.096603;-4.062027;0.9670105
a;12835848386555;-9.057358;-4.157379;0.9620514
a;12835868528157;-8.970261;-4.170273;1.0774841
a;12835888669758;-9.003799;-4.1184845;1.0853882
a;12835908811360;-9.020065;-4.1092834;1.0639343
a;12835928952961;-9.006363;-4.09787;1.1394653
a;12835949094563;-9.031967;-4.1550903;1.0531769
a;12835969236164;-9.036591;-4.1439056;1.0642242
a;12835989377766;-9.01651;-4.2194214;1.0789948
a;12836009519367;-9.051819;-4.2008667;1.0374298
a;12836029660969;-9.070206;-4.1723175;1.0214386
a;12836049802571;-9.051788;-4.186859;1.0054779
a;12836069944172;-9.032654;-4.1158752;1.0359955
a;12836090085774;-9.005737;-4.101959;0.9843445
a;12836110227375;-9.057358;-4.122772;0.9716644
a;12836130368977;-9.03685;-4.0866547;0.96398926
a;12836150510578;-9.0434265;-4.0625305;0.9675598
a;12836170652180;-9.05864;-4.049103;0.9736328
a;12836190793782;-9.049637;-4.046036;0.9741211
a;12836210935383;-9.033264;-4.0188446;1.0059052
a;12836231076985;-9.052444;-4.0425415;1.0044556
a;12836251218586;-9.036423;-4.0341034;1.008316
a;12836271360188;-9.024353;-4.0433655;0.9958954
a;12836291501789;-9.070511;-4.056717;1.0043182
a;12836311643391;-9.092239;-4.0540314;0.98239136
a;12836331784992;-9.091843;-4.05925;0.9463806
a;12836351926594;-9.045776;-4.042618;0.94358826
a;12836372068196;-9.028519;-4.055664;0.95596313
a;12836392209797;-9.105377;-4.0401917;0.9676361
a;12836412351399;-9.131531;-4.041687;0.9393158
a;12836432493000;-9.09082;-4.0174255;0.91197205
a;12836452634602;-9.059158;-4.024353;0.97106934
a;12836472776203;-9.080353;-4.0100403;0.9661255
a;12836492917805;-9.096832;-3.996933;0.93070984
a;12836513059407;-9.122253;-4.01532;0.90267944
a;12836533201008;-9.116333;-4.039459;0.8960266
a;12836553342610;-9.135864;-4.025238;0.9225464
a;12836573484211;-9.033783;-4.0038757;0.9616699
a;12836593625813;-9.040726;-3.965622;0.9498291
a;12836613767414;-9.126923;-3.990631;0.93395996
a;12836633909016;-9.066177;-3.9747162;0.9692688
a;12836654050617;-9.0121;-3.9996185;0.98735046
a;12836674192219;-9.079041;-4.050064;0.9465637
a;12836694333821;-9.11142;-4.136963;0.9629669
a;12836714475422;-9.121674;-4.1342316;0.9142761
a;12836734617024;-9.079178;-4.137558;0.9441681
a;12836754758625;-9.029663;-4.1163483;0.97984314
a;12836774900227;-8.995773;-4.1319733;0.9942932
a;12836795041828;-9.045258;-4.1372833;1.0606842
a;12836815183430;-9.029449;-4.1336517;1.029419
a;12836835325032;-9.006836;-4.135544;0.97665405
a;12836855466633;-9.055344;-4.1598663;0.94581604
a;12836875608235;-9.10022;-4.1514587;0.98846436
a;12836895749836;-9.085724;-4.1420135;0.9936218
a;12836915891438;-9.057632;-4.1075287;0.97621155
a;12836936033039;-8.993973;-4.0993347;0.9656372
a;12836956174641;-8.971161;-4.0976257;0.9597168
a;12836976316242;-9.027786;-4.092346;0.93193054
a;12836996457844;-9.080902;-4.104355;0.9609375
a;12837016599446;-9.019058;-4.086426;0.95036316
a;12837036741047;-8.958359;-4.09639;0.97450256
a;12837056882649;-8.985046;-4.10643;0.9989166
a;12837077024250;-9.037018;-4.113434;1.0136414
a;12837097165852;-9.052521;-4.1372986;1.0059509
a;12837117307453;-9.079361;-4.133545;0.98283386
a;12837137449055;-9.069595;-4.127884;0.9872284
a;12837157590657;-9.008881;-4.1111145;1.0318604
a;12837177732258;-9.058105;-4.100128;1.0227051
a;12837197873860;-9.092346;-4.0679474;1.0205383
a;12837218015461;-9.077942;-4.0483856;0.9821472
a;12837238157063;-8.995804;-4.027542;0.96572876
a;12837258298664;-8.9904175;-4.032013;1.0364532
a;12837278440266;-9.027069;-4.0411224;1.0829163
a;12837298581867;-9.042084;-4.089966;1.0933838
a;12837318723469;-9.034622;-4.168991;1.048111
a;12837338865071;-9.035263;-4.1675262;1.0667572
a;12837359006672;-9.042099;-4.1426544;1.0813751
a;12837379148274;-9.064743;-4.137024;1.1219025
a;12837399289875;-9.064392;-4.1512604;1.085846
a;12837419431477;-9.089661;-4.1477356;1.060791
a;12837439573078;-9.101471;-4.1750793;1.0592957
a;12837459714680;-9.145493;-4.1516266;1.1187897
a;12837479856282;-9.094086;-4.072342;1.0658112
a;12837499997883;-9.0720825;-4.0318146;0.96847534
a;12837520139485;-9.110275;-4.0380096;0.9600067
a;12837540281086;-9.185394;-4.02713;0.99017334
a;12837560422688;-9.219803;-3.9556274;0.9988098
a;12837580564289;-9.230728;-3.9200897;0.9597626
a;12837600705891;-9.210083;-3.89122;0.90859985
a;12837620847492;-9.248688;-3.8846283;0.91571045
a;12837640989094;-9.253006;-3.8282318;0.92108154
a;12837661130696;-9.2326355;-3.823288;0.9359741
a;12837681272297;-9.239197;-3.7936096;0.8585205
a;12837701413899;-9.292664;-3.7725372;0.9254303
a;12837721555500;-9.286011;-3.7631226;0.92025757
a;12837741697102;-9.327698;-3.7246094;0.96139526
a;12837761838703;-9.36525;-3.679718;0.9533081
a;12837781980305;-9.338852;-3.6578217;0.99443054
a;12837802121907;-9.320633;-3.6524048;0.9366913
a;12837822263508;-9.323883;-3.6105194;0.9521637
a;12837842405110;-9.356415;-3.598175;0.9881897
a;12837862546711;-9.374924;-3.574936;0.9744873
a;12837882688313;-9.416031;-3.532547;0.9720917
a;12837902829914;-9.441742;-3.4898376;1.0272369
a;12837922971516;-9.375717;-3.4550781;1.0248108
a;12837943113117;-9.309235;-3.4240417;1.0662994
a;12837963254719;-9.276306;-3.3976898;1.0255127
a;12837983396321;-9.284729;-3.3769684;1.0570374
a;12838003537922;-9.2438965;-3.324173;1.0595093
a;12838023679524;-9.234772;-3.332672;1.0524445
a;12838043821125;-9.315475;-3.33638;1.0440063
a;12838063962727;-9.253159;-3.264557;1.080307
a;12838084104328;-9.244675;-3.257843;1.0927429
a;12838104245930;-9.223053;-3.2283173;1.132782
a;12838119352131;-9.17247;-3.2475739;1.1545258
a;12838139493733;-9.113342;-3.2015228;1.1064911
a;12838159635334;-9.075333;-3.1486816;1.1298981
a;12838179776936;-9.182648;-3.1720123;1.1590881
a;12838199918537;-9.164352;-3.1705475;1.1770325
a;12838220060139;-9.0215;-3.1599731;1.2059784
a;12838240201740;-9.059341;-3.1209412;1.2185059
a;12838260343342;-9.149094;-3.0820313;1.2170258
a;12838280484944;-9.157883;-3.105072;1.242981
a;12838300626545;-9.171066;-3.0924683;1.2682343
a;12838320768147;-9.292221;-3.100647;1.2354431
a;12838340909748;-9.327728;-3.1047058;1.2239838
a;12838361051350;-9.276871;-3.1234894;1.2332153
a;12838381192951;-9.373322;-3.0838623;1.2378845
a;12838401334553;-9.413055;-3.0483093;1.3150177
a;12838421476155;-9.316208;-3.0028687;1.3244171
a;12838441617756;-9.315018;-3.0133514;1.2881317
a;12838461759358;-9.275848;-3.0152435;1.2222443
a;12838481900959;-9.157333;-2.9496613;1.2823334
a;12838502042561;-9.065155;-2.9612122;1.255127
a;12838522184162;-9.123962;-2.9736786;1.2324524
a;12838542325764;-9.059494;-2.9651794;1.2643127
a;12838562467365;-8.877945;-2.9390411;1.2884064
a;12838582608967;-8.867615;-2.9386444;1.3034363
a;12838602750569;-8.853729;-3.0231628;1.2172699
a;12838622892170;-8.748444;-3.1113129;1.185257
a;12838643033772;-8.793213;-3.1650238;1.2277374
a;12838663175373;-9.012604;-3.229828;1.1755981
a;12838683316975;-9.089615;-3.288269;1.1871033
a;12838703458576;-9.103897;-3.2775269;1.2204742
a;12838723600178;-9.058975;-3.2114258;1.2328491
a;12838743741780;-9.00885;-3.1749268;1.1551056
a;12838763883381;-8.9300995;-3.2786865;1.1143188
a;12838784024983;-8.915329;-3.3653107;1.0303955
a;12838804166584;-9.094299;-3.451233;1.0041504
a;12838824308186;-9.2387085;-3.5621185;0.94615173
a;12838844449787;-9.337616;-3.5629578;0.89016724
a;12838864591389;-9.222687;-3.6269836;0.8486786
a;12838884732990;-9.071533;-3.635147;0.8741455
a;12838904874592;-9.156982;-3.6983032;0.80758667
a;12838925016194;-9.394562;-3.755539;0.7609863
a;12838945157795;-9.589676;-3.7855682;0.8068085
a;12838965299397;-9.509354;-3.7439575;0.8000488
a;12838985440998;-9.376038;-3.7217865;0.791626
a;12839005582600;-9.4086;-3.7624207;0.7985382
a;12839025724201;-9.523407;-3.810318;0.7825012
a;12839045865803;-9.492981;-3.7953644;0.8535614
a;12839066007405;-9.354492;-3.767868;0.8127594
a;12839086149006;-9.285019;-3.7612305;0.76519775
a;12839106290608;-9.231705;-3.7994843;0.6628723
a;12839126432209;-9.186707;-3.797287;0.6689606
a;12839146573811;-9.177429;-3.7939758;0.62438965
a;12839166715412;-9.126892;-3.8162994;0.6361542
a;12839186857014;-9.086884;-3.8463898;0.6066437
a;12839206998615;-9.086624;-3.8947906;0.56929016
a;12839227140217;-9.092636;-3.9285583;0.5671387
a;12839247281819;-9.1979065;-3.9856873;0.5265045
a;12839267423420;-9.236969;-3.9486847;0.5093689
a;12839287565022;-9.29512;-3.9456177;0.53060913
a;12839307706623;-9.403717;-3.9877625;0.49082947
a;12839327848225;-9.567459;-4.059601;0.50650024
a;12839347989826;-9.697418;-4.061035;0.48173523
a;12839368131428;-9.679199;-4.075989;0.51091003
a;12839388273030;-9.55159;-4.049774;0.5658417
a;12839408414631;-9.305664;-4.040573;0.62905884
a;12839428556233;-9.203308;-4.076416;0.6481323
a;12839448697834;-9.404892;-4.104126;0.7180481
a;12839468839436;-9.621719;-4.079895;0.7498627
a;12839488981037;-9.503784;-4.092926;0.73039246
a;12839509122639;-9.361099;-4.0770264;0.76397705
a;12839529264240;-9.263351;-4.0917816;0.71881104
a;12839549405842;-9.192612;-4.088501;0.6620178
a;12839569547444;-9.119049;-4.0847626;0.59143066
a;12839589689045;-9.152054;-4.1810455;0.6180115
a;12839609830647;-9.138962;-4.121277;0.58851624
a;12839629972248;-8.992294;-4.019867;0.5607147
a;12839650113850;-8.910263;-4.0365143;0.5556793
a;12839670255451;-8.882324;-4.0483093;0.51297
a;12839690397053;-8.8519745;-4.08815;0.49446106
a;12839710538655;-8.770798;-4.1418304;0.52449036
a;12839730680256;-8.685318;-4.199707;0.54447937
a;12839750821858;-8.607117;-4.177307;0.5389252
a;12839770963459;-8.593506;-4.199478;0.5781555
a;12839791105061;-8.7361145;-4.2128754;0.65493774
a;12839811246662;-8.971603;-4.203842;0.7068634
a;12839831388264;-9.177399;-4.2068024;0.71110535
a;12839851529865;-9.308945;-4.2175293;0.71315
a;12839871671467;-9.232758;-4.1981506;0.65859985
a;12839891813069;-9.0763855;-4.2038727;0.69488525
a;12839911954670;-9.075409;-4.213852;0.7136841
a;12839932096272;-9.081177;-4.1840515;0.72631836
a;12839952237873;-9.121277;-4.1516113;0.7767029
a;12839972379475;-9.1489105;-4.106781;0.8332672
a;12839992521076;-9.1922;-4.08461;0.8533325
a;12840012662678;-9.245941;-4.0039215;0.8809204
a;12840032804280;-9.250336;-3.9859314;0.9578552
a;12840052945881;-9.259445;-3.9665222;0.95822144
a;12840073087483;-9.226532;-3.9206085;0.95921326
a;12840093229084;-9.1744995;-3.8032532;1.0470123
a;12840113370686;-9.168823;-3.5665283;1.1527863
a;12840133512287;-9.258957;-3.2099915;1.3794098
a;12840153653889;-9.23764;-2.932724;1.5428772
a;12840173795490;-9.16095;-2.9416504;1.5015106
a;12840193937092;-9.118408;-3.1390076;1.3362274
a;12840214078694;-9.238159;-3.3907928;1.0903473
a;12840234220295;-9.273621;-3.7057648;0.907135
a;12840254361897;-9.255722;-3.9566345;0.7640228
a;12840274503498;-9.158157;-3.9535217;0.85975647
a;12840294645100;-9.097855;-3.887207;0.90501404
a;12840314786701;-9.063721;-3.9221497;0.8174591
a;12840334928303;-9.035187;-3.9605713;0.75535583
a;12840355069905;-8.980484;-3.9367218;0.814209
a;12840375211506;-9.029129;-3.9089813;0.80223083
a;12840395353108;-9.091919;-3.9268646;0.76750183
a;12840415494709;-9.076355;-3.968628;0.7716522
a;12840435636311;-9.122223;-3.944336;0.81178284
a;12840455777912;-9.145355;-3.826126;0.90953064
a;12840475919514;-9.13295;-3.6608124;1.0410461
a;12840496061115;-9.214386;-3.4507446;1.1972961
a;12840516202717;-9.281067;-3.3223267;1.3703766
a;12840536344319;-9.307068;-3.2649536;1.4380798
a;12840556485920;-9.265961;-3.3899689;1.3868713
a;12840576627522;-9.169601;-3.4924622;1.1944122
a;12840596769123;-9.116531;-3.5430908;1.0812836
a;12840616910725;-9.123901;-3.598175;0.98677063
a;12840637052326;-9.163315;-3.6963806;0.966568
a;12840657193928;-9.190552;-3.7801971;0.94670105
a;12840677335530;-9.187668;-3.805359;0.93711853
a;12840697477131;-9.069168;-3.8555908;0.9842987
a;12840717618733;-9.069977;-3.890976;1.0078583
a;12840737760334;-9.0941925;-3.8529663;1.1043701
a;12840757901936;-9.134079;-3.8079987;1.1826477
a;12840778043537;-9.193634;-3.7364655;1.2250824
a;12840798185139;-9.193527;-3.7323303;1.2325745
a;12840818326740;-9.2668915;-3.693512;1.2761841
a;12840838468342;-9.25975;-3.6647186;1.2246399
a;12840858609944;-9.214523;-3.6639252;1.1889038
a;12840878751545;-9.169373;-3.6548615;1.2099457
a;12840898893147;-9.163239;-3.6390686;1.1712799
a;12840919034748;-9.130096;-3.6405182;1.0801086
a;12840939176350;-9.143051;-3.6598663;1.0514374
a;12840959317951;-9.177353;-3.686737;1.0266266
a;12840979459553;-9.188126;-3.661972;1.021347
a;12840999601155;-9.131973;-3.661789;1.1208649
a;12841019742756;-9.136444;-3.6619568;1.1723785
a;12841039884358;-9.170578;-3.6748657;1.217392
a;12841060025959;-9.181519;-3.7028656;1.279541
a;12841080167561;-9.187378;-3.6920013;1.2765045
a;12841100309162;-9.136017;-3.7477722;1.2267609
a;12841120450764;-9.104843;-3.7790833;1.1937103
a;12841140592365;-9.116104;-3.8036346;1.2106171
a;12841160733967;-9.108124;-3.814743;1.1286621
a;12841180875569;-9.097122;-3.7954712;1.0936584
a;12841201017170;-9.083069;-3.7909546;1.1260986
a;12841221158772;-9.094666;-3.779007;1.1156006
a;12841241300373;-9.125717;-3.7783508;1.0571136
a;12841261441975;-9.166931;-3.7733154;1.0838318
a;12841281583576;-9.151566;-3.7860413;1.0830078
a;12841301725178;-9.136673;-3.7700806;1.0953522
a;12841321866780;-9.144882;-3.7359467;1.0877838
a;12841342008381;-9.143341;-3.7130585;1.0627136
a;12841362149983;-9.190079;-3.752655;1.0561218
a;12841382291584;-9.186691;-3.7295685;1.0559692
a;12841402433186;-9.163513;-3.7183075;1.0351257
a;12841422574787;-9.202576;-3.7452087;1.0460815
a;12841442716389;-9.176041;-3.7393494;1.0631409
a;12841462857990;-9.170181;-3.744339;1.0665894
a;12841482999592;-9.172821;-3.7114716;1.0609741
a;12841503141194;-9.182251;-3.735855;1.025711
a;12841523282795;-9.183456;-3.760498;1.0196991
a;12841543424397;-9.1670685;-3.746811;1.0734711
a;12841563565998;-9.14621;-3.7059631;1.075592
a;12841583707600;-9.183411;-3.6720886;1.0779266
a;12841603849201;-9.171066;-3.7017365;1.1326752
a;12841623990803;-9.148407;-3.7353668;1.1019897
a;12841644132405;-9.160034;-3.7750397;1.0853271
a;12841664274006;-9.16011;-3.7911377;1.0775452
a;12841684415608;-9.135056;-3.8024902;1.1194
a;12841704557209;-9.1666565;-3.8096619;1.096756
a;12841724698811;-9.131378;-3.7939453;1.0802612
a;12841744840412;-9.112686;-3.7626495;1.0899506
a;12841764982014;-9.109024;-3.7399902;1.1349487
a;12841785123615;-9.118439;-3.7484894;1.0998993
a;12841805265217;-9.175308;-3.7885437;1.1562042
a;12841825406819;-9.180756;-3.7655945;1.1351318
a;12841845548420;-9.146637;-3.7634125;1.1190491
a;12841865690022;-9.123856;-3.7638092;1.1040802
a;12841885831623;-9.175888;-3.7448273;1.1036072
a;12841905973225;-9.16394;-3.7406006;1.1266632
a;12841926114826;-9.093079;-3.7365723;1.1196594
a;12841946256428;-9.15506;-3.7184143;1.1454468
a;12841966398030;-9.218872;-3.7346497;1.1022034
a;12841986539631;-9.184296;-3.7442017;1.0993347
a;12842006681233;-9.129608;-3.7328491;1.0747681
a;12842026822834;-9.15448;-3.7689667;1.0496063
a;12842046964436;-9.156769;-3.756134;1.0643005
a;12842067106037;-9.164627;-3.7122345;1.0931854
a;12842087247639;-9.174362;-3.7114105;1.1192474
a;12842107389240;-9.165237;-3.7049408;1.0952606
a;12842127530842;-9.190353;-3.7215424;1.0918884
a;12842147672444;-9.180511;-3.7146606;1.0883179
a;12842167814045;-9.103302;-3.7042542;1.0764923
a;12842187955647;-9.149048;-3.7140198;1.0560455
a;12842208097248;-9.242905;-3.7341309;1.0674133
a;12842228238850;-9.211426;-3.7168427;1.1251373
a;12842248380451;-9.170364;-3.7109528;1.1018219
a;12842268522053;-9.153641;-3.7265167;1.0514374
a;12842288663655;-9.177475;-3.7353973;1.0769348
a;12842308805256;-9.177139;-3.708603;1.043335
a;12842328946858;-9.161209;-3.7501068;1.0704498
a;12842349088459;-9.113358;-3.7383575;1.0579376
a;12842369230061;-9.127853;-3.7250366;1.1030579
a;12842389371662;-9.149094;-3.7344208;1.1242676
a;12842409513264;-9.156128;-3.7194672;1.0756989
a;12842429654865;-9.14563;-3.7313538;1.0760803
a;12842449796467;-9.153305;-3.732132;1.0602264
a;12842469938069;-9.174271;-3.7348022;1.0624237
a;12842490079670;-9.162323;-3.7201996;1.0636139
a;12842510221272;-9.169159;-3.7419739;1.0805206
a;12842530362873;-9.160141;-3.7073212;1.0651398
a;12842550504475;-9.146805;-3.7001648;1.0480042
a;12842570646076;-9.114716;-3.696869;1.05719
a;12842590787678;-9.133713;-3.6816711;1.0652924
a;12842610929280;-9.151886;-3.7087555;1.0289459
a;12842631070881;-9.176788;-3.6924286;1.0569
a;12842651212483;-9.155182;-3.6532593;1.0630035
a;12842671354084;-9.171463;-3.667099;1.0309601
a;12842691495686;-9.178467;-3.7001343;1.0319214
a;12842711637287;-9.174072;-3.6704865;1.03685
a;12842731778889;-9.150116;-3.6580048;1.1152802
a;12842751920490;-9.187225;-3.675293;1.0782471
a;12842772062092;-9.199387;-3.7051086;1.0844727
a;12842792203694;-9.149841;-3.715622;1.1161804
a;12842812345295;-9.151001;-3.746994;1.0515442
a;12842832486897;-9.179123;-3.7421417;1.0244598
a;12842852628498;-9.177032;-3.7411346;1.0290833
a;12842872770100;-9.14653;-3.7585907;1.0037842
a;12842892911701;-9.149475;-3.7524872;0.9862366
a;12842913053303;-9.12999;-3.7234955;1.0206604
a;12842933194905;-9.170395;-3.7451782;1.0248108
a;12842953336506;-9.2018585;-3.710144;1.0290375
a;12842973478108;-9.142914;-3.7053223;1.050293
a;12842993619709;-9.172699;-3.7057343;1.0278625
a;12843013761311;-9.204468;-3.696701;1.0507813
a;12843033902912;-9.201477;-3.698471;1.0368042
a;12843054044514;-9.183289;-3.7237701;1.0557709
a;12843074186115;-9.176224;-3.7238922;1.0271301
a;12843094327717;-9.174194;-3.7145233;1.0323486
a;12843114469319;-9.204727;-3.7131805;1.0446472
a;12843134610920;-9.188538;-3.7244415;1.0482941
a;12843154752522;-9.163666;-3.7413177;1.0359955
a;12843174894123;-9.162125;-3.74115;1.047226
a;12843195035725;-9.151199;-3.7617645;1.0303497
a;12843215177326;-9.148163;-3.7802887;1.0404205
a;12843235318928;-9.18338;-3.7779999;1.0829163
a;12843255460530;-9.175568;-3.7809906;1.0519714
a;12843275602131;-9.172333;-3.7858887;1.0612183
a;12843295743733;-9.162201;-3.7674713;1.0407715
a;12843315885334;-9.14978;-3.7315674;1.0439148
a;12843336026936;-9.12561;-3.731598;1.0064087
a;12843356168537;-9.143784;-3.7297516;0.9917755
a;12843376310139;-9.146545;-3.7335663;1.033493
a;12843396451740;-9.165863;-3.747116;0.9985962
a;12843416593342;-9.1753235;-3.7483368;0.9898224
a;12843436734944;-9.16246;-3.7543945;1.0194092
a;12843456876545;-9.152206;-3.7388153;1.003952
a;12843477018147;-9.145721;-3.7249146;0.99375916
a;12843497159748;-9.162033;-3.7192078;1.0098419
a;12843517301350;-9.193756;-3.7611847;1.0091553
a;12843537442951;-9.165436;-3.7263641;1.0200958
a;12843557584553;-9.145966;-3.7218018;1.0182648
a;12843577726155;-9.227478;-3.7111053;1.0177917
a;12843597867756;-9.161835;-3.7391357;1.022644
a;12843618009358;-9.1362915;-3.7355804;1.0070648
a;12843638150959;-9.176743;-3.7385254;0.9463806
a;12843658292561;-9.178101;-3.7110596;0.9725647
a;12843678434162;-9.19725;-3.7337036;0.9803314
a;12843698575764;-9.169449;-3.717636;0.9245148
a;12843718717365;-9.210327;-3.7385864;0.9904022
a;12843738858967;-9.174362;-3.7264862;1.0459595
a;12843759000569;-9.174469;-3.7325745;1.0356293
a;12843779142170;-9.183212;-3.737915;1.0349121
a;12843799283772;-9.157135;-3.75029;0.9941406
a;12843819425373;-9.18782;-3.724121;0.98609924
a;12843839566975;-9.206909;-3.7190857;1.0118866
a;12843859708576;-9.155457;-3.7161102;1.0384674
a;12843879850178;-9.150192;-3.7493439;1.0245667
a;12843899991780;-9.169418;-3.7584991;1.0036469
a;12843920133381;-9.170044;-3.790512;1.0107422
a;12843940274983;-9.167694;-3.7940063;0.98672485
a;12843960416584;-9.113724;-3.7911072;1.0288696
a;12843980558186;-9.098938;-3.7639008;1.0533752
a;12844000699787;-9.11705;-3.7607574;1.050293
a;12844020841389;-9.131348;-3.7898407;1.0629272
a;12844040982990;-9.18306;-3.811615;1.0404358
a;12844061124592;-9.18454;-3.8125;1.0284576
a;12844081266194;-9.148468;-3.7871857;1.0182953
a;12844101407795;-9.158112;-3.7628326;0.9964905
a;12844121549397;-9.159668;-3.736557;0.99780273
a;12844141690998;-9.163742;-3.7339478;1.0624542
a;12844161832600;-9.139633;-3.75383;1.0432892
a;12844181974201;-9.156006;-3.7650146;1.0167236
a;12844202115803;-9.18895;-3.740158;1.0110931
a;12844222257405;-9.170761;-3.718567;1.0184631
a;12844242399006;-9.141495;-3.7425995;1.0025787
a;12844262540608;-9.135101;-3.7519073;1.0021515
a;12844282682209;-9.147339;-3.753296;1.0131073
a;12844302823811;-9.151077;-3.7720032;0.9807129
a;12844322965412;-9.156662;-3.7419128;1.0272369
a;12844343107014;-9.186264;-3.7571716;0.9986267
a;12844363248615;-9.144852;-3.7518616;1.0061646
a;12844383390217;-9.145813;-3.7536469;0.99487305
a;12844403531819;-9.177994;-3.7585754;1.0331573
a;12844423673420;-9.131866;-3.7233124;1.0210571
a;12844443815022;-9.131348;-3.7120361;1.0713043
a;12844463956623;-9.202042;-3.7230988;1.0353241
a;12844484098225;-9.138367;-3.7736206;0.99183655
a;12844504239826;-9.131546;-3.7967834;0.9931946
a;12844524381428;-9.154404;-3.7907715;1.0284119
a;12844544544974;-9.166534;-3.7785645;1.0275879
a;12844564686575;-9.143997;-3.765335;1.0379028
a;12844584828177;-9.119995;-3.763382;1.0653076
a;12844604969778;-9.13031;-3.767929;1.0604248
a;12844625111380;-9.156097;-3.7424011;1.0755005
a;12844645252981;-9.174194;-3.781433;1.0412903
a;12844665394583;-9.125671;-3.8027954;1.0009003
a;12844685536184;-9.087982;-3.7952118;1.0157776
a;12844705677786;-9.097656;-3.7918396;1.0636444
a;12844725819388;-9.081665;-3.7965393;1.0766296
a;12844745960989;-9.085907;-3.832611;1.084671
a;12844766102591;-9.15715;-3.8538055;1.1593475
a;12844786244192;-9.2391205;-3.760086;1.5797119
a;12844806385794;-9.422943;-3.5550537;1.9334564
a;12844826527395;-9.721985;-4.4749146;1.7932434
a;12844846668997;-10.206711;-5.7302856;1.6308289
a;12844866810599;-10.580765;-6.6247864;1.8520203
a;12844886952200;-10.945587;-6.9572906;2.3786926
a;12844907093802;-11.097;-7.1408844;2.5491943
a;12844927235403;-10.930771;-8.335556;2.1955566
a;12844947377005;-10.843567;-9.221283;2.0787811
a;12844967518606;-10.7096405;-9.683853;2.3739624
a;12844987660208;-10.376175;-9.812164;2.845169
a;12845007801809;-9.761749;-9.885635;3.1813202
a;12845027943411;-8.695862;-9.547073;3.1265259
a;12845048085013;-7.4138184;-9.375946;3.1154785
a;12845068226614;-6.060837;-9.055893;2.9377747
a;12845088368216;-5.3090057;-9.608856;3.164627
a;12845108509817;-4.9366913;-9.361771;3.1854248
a;12845128651419;-4.301544;-7.7926025;3.1491241
a;12845148793020;-3.241745;-7.093338;3.1664886
a;12845168934622;-2.3415375;-7.9787292;3.166214
a;12845189076224;-1.8148193;-7.6898956;3.2345123
a;12845204182425;-1.8408813;-6.8141937;3.964676
a;12845224324026;-1.7282257;-5.717682;4.2764893
a;12845244465628;-1.1221619;-5.429138;4.3522186
a;12845264607229;-0.60450745;-6.0430603;4.413727
a;12845284748831;-0.60102844;-6.4025726;4.515213
a;12845304890433;-0.6299591;-5.9580383;4.827713
a;12845325032034;-0.41526794;-4.4667664;5.753311
a;12845345173636;-0.0844574;-3.8500824;6.471573
a;12845365315237;0.23493958;-4.7867126;6.632721
a;12845385456839;0.3591156;-5.177948;6.4980774
a;12845405598440;0.52830505;-5.0222473;6.548752
a;12845425740042;0.9867401;-5.0433044;6.671997
a;12845445881643;1.4359283;-5.136505;7.3082733
a;12845466023245;1.3323517;-5.3919983;7.7414703
a;12845486164847;1.1443176;-5.696945;7.7478333
a;12845506306448;1.283783;-5.432678;7.923752
a;12845526448050;1.2677765;-4.885727;8.276138
a;12845546589651;1.3080139;-5.088089;8.36731
a;12845566731253;1.3071289;-5.0864563;8.699219
a;12845586872854;1.138443;-5.250763;8.848358
a;12845607014456;1.2348785;-5.407303;8.63089
a;12845627156058;1.4358215;-5.396927;8.8389435
a;12845647297659;1.4062347;-5.5035706;9.126282
a;12845667439261;1.4205475;-5.792282;8.783463
a;12845687580862;1.7298737;-5.22554;8.50441
a;12845707722464;1.6464539;-4.8924255;8.839859
a;12845727864065;1.239975;-5.31221;8.774582
a;12845748005667;1.5234222;-5.7389984;8.706345
a;12845768147268;1.736084;-5.67218;8.664047
a;12845788288870;1.6970062;-5.2240906;8.76059
a;12845808430472;1.7140503;-5.2421875;8.976898
a;12845819142142;1.8847198;-5.399185;8.709671
a;12845829212942;1.8790894;-5.5234833;8.538422
a;12845839283743;1.9915619;-5.5394287;8.258133
a;12845849354544;2.2396698;-5.402359;8.15181
a;12845859425345;2.3774414;-5.3771057;8.077209
a;12845869496145;2.4990082;-5.460022;7.965149
a;12845879566946;2.5823822;-5.5467987;7.817566
a;12845889637747;2.5579987;-5.6384735;8.005112
a;12845899708548;2.4270782;-5.8101654;8.293701
a;12845909779349;2.3610687;-5.8551636;8.535263
a;12845919850149;2.3564758;-5.816986;8.673111
a;12845929920950;2.410904;-5.743347;8.778397
a;12845939991751;2.442627;-5.630768;8.814926
a;12845950062552;2.4074097;-5.6154175;8.446976
a;12845960133352;2.3731384;-5.672455;8.205368
a;12845970204153;2.3969727;-5.592865;8.044983
a;12845980274954;2.3740387;-5.382721;7.963257
a;12845990345755;2.3476715;-5.166794;8.034348
a;12846000416556;2.2979126;-5.073883;8.191986
a;12846010487356;2.2149048;-4.9927826;8.389282
a;12846020558157;2.1709747;-5.088913;8.463425
a;12846040058890;1.9537048;-5.076935;8.564926
a;12846060200491;1.9590912;-5.2294464;8.295563
a;12846080342093;1.8094788;-4.830887;8.424881
a;12846100483694;1.6839752;-4.9125977;8.606888
a;12846120625296;1.5700378;-5.048538;8.697266
a;12846140766897;1.579773;-5.128937;8.670761
a;12846160908499;1.6655121;-5.1288605;8.611252
a;12846181050101;1.6204529;-5.1653137;8.550522
a;12846201191702;1.4862366;-5.032364;8.561264
a;12846221333304;1.4907532;-5.2107697;8.783386
a;12846241474905;1.7121277;-5.1858215;8.776413
a;12846261616507;1.7887421;-4.867035;8.978195
a;12846281758108;1.702179;-4.9325104;8.944153
a;12846301899710;1.6582184;-5.100876;8.47905
a;12846322041311;1.8799896;-5.0868683;8.275116
a;12846342182913;1.9446259;-4.9584045;8.83461
a;12846362324515;2.0543213;-5.271393;8.67128
a;12846382466116;2.3218536;-5.6319885;8.30867
a;12846402607718;2.4025726;-5.8711243;8.23056
a;12846422749319;2.3565369;-5.9083557;8.211945
a;12846442890921;2.3586426;-5.7127533;8.251144
a;12846463032522;2.2740326;-5.499527;8.145828
a;12846483174124;2.2003632;-5.137863;8.244263
a;12846503315726;2.1008148;-5.1522064;8.209808
a;12846523457327;2.0726776;-5.380417;8.280792
a;12846543598929;2.0703583;-5.414978;8.45578
a;12846558705130;2.0269623;-5.320587;8.603928
a;12846578846731;1.9938049;-5.304123;8.480576
a;12846598988333;2.0064392;-5.493561;8.411392
a;12846619129934;2.0462494;-5.503357;8.375992
a;12846639271536;2.0708466;-5.487625;8.441177
a;12846659413138;2.054123;-5.508499;8.555283
a;12846679554739;2.0048065;-5.598984;8.435165
a;12846699696341;2.0728912;-5.464447;8.432205
a;12846719837942;2.1975708;-5.319565;8.525925
a;12846739979544;2.2014008;-5.4579773;8.376114
a;12846760121145;2.2317963;-5.4735413;8.341064
a;12846780262747;2.2574615;-5.481415;8.283707
a;12846800404349;2.2771606;-5.4490356;8.312134
a;12846820545950;2.1787567;-5.31308;8.359787
a;12846840687552;2.0994263;-5.2591095;8.349731
a;12846860829153;2.1343384;-5.15094;8.437042
a;12846880970755;2.0572357;-5.203232;8.351242
a;12846901112356;2.052063;-5.487137;8.251465
a;12846921253958;2.1124573;-5.488785;8.3013
a;12846941395559;2.1049652;-5.659256;8.367828
a;12846961537161;2.0137634;-5.8012695;8.271332
a;12846981678763;1.9997406;-5.5340424;8.2314
a;12847001820364;1.6918182;-5.5994415;8.542358
a;12847021961966;1.6717987;-5.979889;8.675537
a;12847042103567;2.1203918;-5.620224;8.666626
a;12847062245169;1.9880066;-5.008011;8.586914
a;12847082386770;2.065689;-4.857498;8.483002
a;12847102528372;2.2289581;-5.2514496;8.236481
a;12847122669974;2.2801971;-5.2710114;8.0520935
a;12847142811575;2.2624512;-5.1701202;7.915741
a;12847162953177;2.2168732;-5.4102325;7.7480164
a;12847183094778;2.1005402;-5.916046;7.7817383
a;12847203236380;1.9839935;-6.297287;7.9217834
a;12847223377981;1.9395142;-6.2299347;8.144821
a;12847243519583;1.8424072;-6.0586395;8.211136
a;12847263661184;1.9011078;-5.940567;8.240326
a;12847283802786;1.87117;-5.9006042;8.384171
a;12847303944388;1.9085693;-5.8927917;8.2005005
a;12847324085989;2.0765991;-5.8677826;8.055832
a;12847344227591;2.1067505;-5.6043243;8.340744
a;12847364369192;2.0006561;-5.6508484;8.426056
a;12847384510794;2.0675354;-5.7713165;8.479065
a;12847404652395;1.9567566;-5.822006;8.543015
a;12847424793997;1.9886322;-5.704605;8.320663
a;12847444935599;2.0052338;-5.558609;8.304947
a;12847465077200;2.100525;-5.619751;8.299515
a;12847485218802;2.0055695;-5.7870026;8.326645
a;12847505360403;2.0260773;-5.84317;8.21814
a;12847525502005;2.0455475;-5.841797;8.221558
a;12847545643606;2.0918732;-5.799011;8.095276
a;12847565785208;2.0473022;-5.8642883;8.131165
a;12847585926809;2.0454407;-5.764206;8.246063
a;12847606068411;2.0344086;-5.7140656;8.185226
a;12847626210013;2.0323486;-5.699341;8.160461
a;12847646351614;2.0928497;-5.67482;8.171722
a;12847666493216;2.066452;-5.6776276;8.21347
a;12847686634817;2.0222015;-5.7510376;8.145584
a;12847706776419;2.0844727;-5.7334747;8.139847
a;12847726918020;2.141861;-5.69046;8.223709
a;12847747059622;2.1050415;-5.7517242;8.221573
a;12847767201224;2.1127014;-5.8385925;8.22374
a;12847787342825;2.1115417;-5.8200684;8.245834
a;12847807484427;2.1847534;-5.7455597;8.209015
a;12847827626028;2.1393433;-5.72348;8.236282
a;12847847767630;2.1066437;-5.77977;8.193069
a;12847867909231;2.1448364;-5.7337036;8.185287
a;12847888050833;2.1089325;-5.7142334;8.216385
a;12847908192434;2.1281738;-5.751816;8.174713
a;12847928334036;2.1421814;-5.688553;8.1579895
a;12847948475638;2.1071014;-5.678665;8.13623
a;12847968617239;2.1356964;-5.74736;8.2173
a;12847988758841;2.1131592;-5.732712;8.205154
a;12848008900442;2.0829468;-5.7966003;8.234375
a;12848029042044;2.1306305;-5.726181;8.264343
a;12848049183645;2.1952515;-5.727524;8.2005005
a;12848069325247;2.1582184;-5.7057953;8.139954
a;12848089466849;2.1063385;-5.6960754;8.194702
a;12848109608450;2.1421509;-5.694168;8.203033
a;12848129750052;2.1681366;-5.754059;8.22168
a;12848149891653;2.1373901;-5.694977;8.22644
a;12848170033255;2.1141663;-5.668518;8.258301
a;12848190174856;2.1276093;-5.698807;8.239258
a;12848210316458;2.1298065;-5.737076;8.204849
a;12848230458059;2.145691;-5.718994;8.200958
a;12848250599661;2.1804047;-5.7382355;8.152435
a;12848270741263;2.1424713;-5.7035675;8.169434
a;12848290882864;2.1605225;-5.7025757;8.1406555
a;12848311024466;2.179718;-5.72258;8.166199
a;12848331166067;2.140976;-5.728531;8.1910095
a;12848351307669;2.163391;-5.732025;8.168106
a;12848371449270;2.1342163;-5.715027;8.189987
a;12848391590872;2.1314545;-5.736328;8.228165
a;12848411732474;2.171997;-5.735626;8.256165
a;12848431874075;2.164215;-5.7165985;8.23407
a;12848452015677;2.1407623;-5.7471924;8.237122
a;12848472157278;2.171814;-5.801071;8.196243
a;12848492298880;2.2015228;-5.7875366;8.195648
a;12848512440481;2.1922302;-5.7366943;8.224152
a;12848532582083;2.2088318;-5.703964;8.179886
a;12848552723684;2.1534271;-5.64682;8.214554
a;12848572865286;2.154831;-5.6462097;8.217957
a;12848593006888;2.1970215;-5.6826477;8.199234
a;12848613148489;2.2088318;-5.74765;8.133148
a;12848633290091;2.186798;-5.674988;8.217163
a;12848653431692;2.1164093;-5.689789;8.176971
a;12848673573294;2.149887;-5.675659;8.172241
a;12848693714895;2.205017;-5.694458;8.206497
a;12848713856497;2.210907;-5.7172546;8.2009735
a;12848733998099;2.2104797;-5.727066;8.191132
a;12848754139700;2.1772308;-5.727188;8.157074
a;12848774281302;2.2214813;-5.7346497;8.179565
a;12848794422903;2.1686249;-5.8482513;8.121475
a;12848814564505;2.2179108;-5.776764;8.241058
a;12848834706106;2.1815186;-5.5732574;8.272705
a;12848854847708;2.1634064;-5.623703;8.232498
a;12848874989309;2.1998444;-5.6071167;8.243256
a;12848895130911;2.1657867;-5.520279;8.249313
a;12848915272513;2.1840973;-5.4761047;8.3003845
a;12848935414114;2.1973724;-5.4704742;8.297363
a;12848955555716;2.1950989;-5.5223846;8.2651825
a;12848975697317;2.2014618;-5.568878;8.300613
a;12848995838919;2.2150726;-5.6047516;8.319412
a;12849015980520;2.1858673;-5.640747;8.2973175
a;12849036122122;2.1789246;-5.588318;8.311142
a;12849056263724;2.2149048;-5.5291595;8.249817
a;12849076405325;2.2091064;-5.563156;8.218796
a;12849096546927;2.1989899;-5.506241;8.255463
a;12849116688528;2.1881561;-5.5299225;8.2560425
a;12849136830130;2.2449493;-5.5230103;8.2960205
a;12849156971731;2.1851654;-5.54274;8.312241
a;12849177113333;2.1507874;-5.5450897;8.331924
a;12849197254934;2.2013092;-5.569504;8.261139
a;12849217396536;2.245636;-5.5558167;8.270981
a;12849237538138;2.2282867;-5.5401764;8.270462
a;12849257679739;2.218689;-5.5858;8.279938
a;12849277821341;2.1588745;-5.5729065;8.320175
a;12849297962942;2.149231;-5.5253296;8.389465
a;12849318104544;2.1615906;-5.47612;8.376358
a;12849338246145;2.211609;-5.483246;8.312332
a;12849358387747;2.1888123;-5.327957;8.373093
a;12849378529349;2.0897064;-5.4219513;8.335373
a;12849398670950;2.1881714;-5.508667;8.330109
a;12849418812552;2.170105;-5.4819336;8.316147
a;12849438954153;2.1860657;-5.4817963;8.272598
a;12849459095755;2.15773;-5.511368;8.318222
a;12849479237356;2.14299;-5.500641;8.335953
a;12849499378958;2.1574707;-5.542038;8.305923
a;12849519520559;2.224289;-5.5417175;8.297379
a;12849539662161;2.2328644;-5.5284424;8.318115
a;12849559803763;2.2199554;-5.48378;8.38797
a;12849579945364;2.161972;-5.474594;8.383057
a;12849600086966;2.213501;-5.497284;8.322693
a;12849620228567;2.189087;-5.5018005;8.307404
a;12849640370169;2.1735687;-5.501816;8.321854
a;12849660511770;2.1582794;-5.480133;8.32782
a;12849680653372;2.156128;-5.4871063;8.354034
a;12849700794974;2.1446533;-5.419739;8.380966
a;12849720936575;2.149414;-5.45607;8.334045
a;12849741078177;2.1696472;-5.454468;8.34552
a;12849761219778;2.1588135;-5.4868774;8.307297
a;12849781361380;2.1862335;-5.465027;8.31105
a;12849801502981;2.196457;-5.4925995;8.300369
a;12849821644583;2.208603;-5.508301;8.346008
a;12849841786184;2.1694489;-5.4973755;8.346329
a;12849861927786;2.1520386;-5.543228;8.311615
a;12849882069388;2.1695251;-5.4497986;8.355942
a;12849902210989;2.1804352;-5.4426727;8.310242
a;12849922352591;2.2582855;-5.425888;8.317871
a;12849942494192;2.21315;-5.5064697;8.371262
a;12849962635794;2.2422943;-5.558502;8.31427
a;12849982777395;2.2590637;-5.5231934;8.396088
a;12850002918997;2.2078552;-5.478821;8.382111
a;12850023060599;2.1795044;-5.4703827;8.335205
a;12850043202200;2.188858;-5.4548645;8.386963
a;12850063343802;2.1687164;-5.464554;8.332596
a;12850083485403;2.197342;-5.466446;8.316177
a;12850103627005;2.2227173;-5.421982;8.314316
a;12850123768606;2.2043457;-5.450638;8.292114
a;12850143910208;2.1948242;-5.414673;8.358719
a;12850164051809;2.19281;-5.4084167;8.3233795
a;12850184193411;2.2024536;-5.414566;8.310593
a;12850204335013;2.174591;-5.4654236;8.366333
a;12850224476614;2.1657257;-5.425247;8.43071
a;12850244618216;2.1585693;-5.3953094;8.386688
a;12850264759817;2.1980286;-5.3936615;8.355331
a;12850284901419;2.1774445;-5.457184;8.35759
a;12850305043020;2.1379852;-5.4821014;8.397522
a;12850325184622;2.158554;-5.4571686;8.336273
a;12850345326224;2.2005157;-5.4199524;8.296555
a;12850365467825;2.1713104;-5.490326;8.304413
a;12850385609427;2.1777039;-5.483032;8.371445
a;12850405751028;2.1203613;-5.490341;8.377731
a;12850425892630;2.1698303;-5.487793;8.382736
a;12850446034231;2.2141724;-5.41745;8.324905
a;12850466175833;2.1608124;-5.408386;8.33017
a;12850486317434;2.159027;-5.371216;8.369858
a;12850506459036;2.175949;-5.414383;8.4062195
a;12850526600638;2.188202;-5.528183;8.357712
a;12850546742239;2.1889038;-5.543106;8.36142
a;12850566883841;2.1495972;-5.2977448;8.409515
a;12850587025442;2.1065216;-5.445801;8.331863
a;12850607167044;2.2107086;-5.401413;8.429672
a;12850627308645;2.1439514;-5.358261;8.463486
a;12850647450247;2.139679;-5.3244934;8.426941
a;12850667591849;2.2116852;-5.3234253;8.428711
a;12850687733450;2.2167969;-5.3637238;8.3428955
a;12850707875052;2.203125;-5.4730377;8.288055
a;12850728016653;2.2495422;-5.42482;8.377029
a;12850748158255;2.1976929;-5.4359283;8.431046
a;12850768299856;2.254654;-5.446869;8.33696
a;12850788441458;2.245575;-5.5645447;8.305618
a;12850808583059;2.1950073;-5.4571533;8.354416
a;12850828724661;2.1398468;-5.571884;8.361435
a;12850848866263;2.195694;-5.4346466;8.3884735
a;12850869007864;2.120224;-5.423935;8.362106
a;12850889149466;2.1511383;-5.413452;8.323013
a;12850909291067;2.1323547;-5.373596;8.38002
a;12850929432669;2.0994415;-5.427765;8.390732
a;12850949574270;2.1707;-5.4207764;8.384048
a;12850969715872;2.1649323;-5.4293365;8.339203
a;12850989857474;2.1599274;-5.3929596;8.350281
a;12851009999075;2.1235504;-5.370743;8.376831
a;12851030140677;2.1202393;-5.392578;8.412369
a;12851050282278;2.1367645;-5.3649597;8.434723
a;12851070423880;2.170639;-5.4058533;8.391022
a;12851090565481;2.16214;-5.3627777;8.357971
a;12851110707083;2.1164856;-5.3811035;8.344116
a;12851130848684;2.1451263;-5.387085;8.344833
a;12851150990286;2.1575165;-5.3932037;8.276794
a;12851171131888;2.1851196;-5.3986053;8.338089
a;12851191273489;2.1835327;-5.452423;8.320267
a;12851211415091;2.164627;-5.4157867;8.323349
a;12851231556692;2.171875;-5.4124146;8.395569
a;12851251698294;2.1698914;-5.426346;8.4244995
a;12851271839895;2.1917877;-5.5375977;8.404709
a;12851291981497;2.210083;-5.467453;8.395264
a;12851312123099;2.211975;-5.4765167;8.366608
a;12851332264700;2.2425232;-5.4858246;8.382706
a;12851352406302;2.2420502;-5.489563;8.376236
a;12851372547903;2.215454;-5.524887;8.354462
a;12851392689505;2.1714325;-5.485733;8.378403
a;12851412831106;2.156784;-5.477997;8.378113
a;12851432972708;2.169571;-5.460312;8.375214
a;12851453114309;2.1672974;-5.4594116;8.348587
a;12851473255911;2.1758728;-5.4755554;8.35202
a;12851493397513;2.1578217;-5.4581757;8.341492
a;12851513539114;2.1645813;-5.479645;8.359955
a;12851533680716;2.1461487;-5.507538;8.368011
a;12851553822317;2.170517;-5.450119;8.382675
a;12851573963919;2.2008514;-5.40242;8.393784
a;12851594105520;2.191452;-5.4524536;8.388824
a;12851614247122;2.322281;-5.5594635;8.370758
a;12851634388724;2.3037872;-5.4395294;8.348633
a;12851654530325;2.2529297;-5.4246674;8.257263
a;12851674671927;2.3094177;-5.4146423;8.293335
a;12851694813528;2.2477417;-5.5065613;8.286621
a;12851714955130;2.2206268;-5.465515;8.318665
a;12851735096731;2.2347107;-5.4584656;8.2890625
a;12851755238333;2.2906494;-5.478882;8.310837
a;12851775379934;2.2422485;-5.482559;8.309647
a;12851795521536;2.225235;-5.4604797;8.281357
a;12851815663138;2.234024;-5.50795;8.308899
a;12851835804739;2.248413;-5.4677734;8.315369
a;12851855946341;2.24057;-5.4305725;8.380981
a;12851876087942;2.2291412;-5.4734344;8.3767395
a;12851896229544;2.2435303;-5.511032;8.378494
a;12851916371145;2.2573242;-5.5046387;8.374924
a;12851936512747;2.2705688;-5.4482574;8.307556
a;12851956654349;2.2605286;-5.4260406;8.338165
a;12851976795950;2.235489;-5.4079895;8.328812
a;12851996937552;2.231247;-5.419281;8.34729
a;12852017079153;2.2232056;-5.4426117;8.31134
a;12852037220755;2.2556305;-5.441696;8.352631
a;12852057362356;2.2045746;-5.475525;8.36731
a;12852077503958;2.232895;-5.4538727;8.365845
a;12852097645559;2.2369385;-5.4742126;8.324554
a;12852117787161;2.2479095;-5.461075;8.342117
a;12852137928763;2.3119202;-5.475876;8.34436
a;12852158070364;2.3143463;-5.5046387;8.267624
a;12852178211966;2.2958374;-5.500366;8.325546
a;12852198353567;2.2907562;-5.494278;8.349136
a;12852218495169;2.3186035;-5.5251007;8.300644
a;12852238636770;2.280243;-5.464325;8.314484
a;12852258778372;2.2767181;-5.4285736;8.320801
a;12852278919974;2.2680664;-5.387024;8.387497
a;12852299061575;2.2699585;-5.472824;8.355331
a;12852319203177;2.2844849;-5.4189453;8.379929
a;12852339344778;2.2587128;-5.383713;8.3411255
a;12852359486380;2.278717;-5.4109955;8.330902
a;12852379627981;2.3561554;-5.39769;8.349213
a;12852399769583;2.3378448;-5.381027;8.281525
a;12852419911184;2.3566437;-5.3858185;8.276184
a;12852440052786;2.3531494;-5.3809204;8.313599
a;12852460194388;2.3460846;-5.4376526;8.292725
a;12852480335989;2.3753357;-5.4588776;8.277252
a;12852500477591;2.3908997;-5.453659;8.317383
a;12852520619192;2.341858;-5.4643097;8.315414
a;12852540760794;2.3164978;-5.450165;8.305206
a;12852560902395;2.2721405;-5.4095306;8.358368
a;12852581043997;2.265747;-5.4596252;8.380493
a;12852601185599;2.2561798;-5.408142;8.395737
a;12852621327200;2.3074799;-5.3776093;8.358505
a;12852641468802;2.3193054;-5.4452972;8.314331
a;12852661610403;2.3127136;-5.399414;8.361618
a;12852681752005;2.2862701;-5.348007;8.335785
a;12852701893606;2.3032227;-5.402664;8.282761
a;12852722035208;2.3181;-5.3826904;8.320633
a;12852742176809;2.2245483;-5.428009;8.343094
a;12852762318411;2.2585297;-5.488693;8.30072
a;12852782460013;2.2612152;-5.4299927;8.262238
a;12852802601614;2.2906952;-5.503586;8.311127
a;12852822743216;2.3495483;-5.5309143;8.363922
a;12852842884817;2.3624725;-5.5056915;8.297668
a;12852863026419;2.4013367;-5.422638;8.332489
a;12852883168020;2.3804169;-5.4712677;8.272827
a;12852903309622;2.4451447;-5.4571686;8.277512
a;12852923451224;2.3467407;-5.5163116;8.2764435
a;12852943592825;2.3380432;-5.4871674;8.303375
a;12852963734427;2.3222046;-5.4804535;8.252045
a;12852983876028;2.3131714;-5.1791534;8.416397
a;12853004017630;2.243805;-5.2510986;8.24144
a;12853024159231;2.2861328;-5.1331024;8.284103
a;12853044300833;2.2031708;-5.4011536;8.261948
a;12853064442434;2.1799774;-5.4539948;8.29657
a;12853084584036;1.9319458;-5.4060364;8.90271
a;12853104725638;2.0370178;-6.083313;8.615311
a;12853124867239;2.4370117;-5.654297;8.522491
a;12853145008841;1.8171844;-5.074707;8.633789
a;12853165150442;1.6859131;-4.211426;9.557053
a;12853185292044;1.8030243;-4.4228363;9.104797
a;12853205433645;2.1276703;-4.336792;8.803436
a;12853225575247;1.9565735;-3.789093;9.118576
a;12853245716849;1.8022766;-3.5788422;9.3694
a;12853265858450;1.8835907;-3.7704773;9.207901
a;12853286000052;2.1259766;-4.2731934;8.464798
a;12853306141653;2.7970886;-3.8627014;7.7077026
a;12853326283255;2.9495087;-2.9015045;7.9097443
a;12853346424856;2.3132782;-3.7800446;8.399475
a;12853366566458;2.101471;-5.3500214;8.61467
a;12853386708059;2.6168365;-5.2194977;8.84227
a;12853406849661;2.7112274;-5.031555;8.625336
a;12853426991263;2.4356842;-4.7060547;8.440079
a;12853447132864;1.6036682;-4.5420227;8.556641
a;12853467274466;0.46757507;-5.5445404;8.58049
a;12853487416067;0.58413696;-5.407089;8.801346
a;12853507557669;0.417099;-4.8039093;9.754974
a;12853527699270;0.10784912;-4.4344635;10.841629
a;12853547840872;0.29429626;-3.4044037;10.915085
a;12853567982474;0.39331055;-2.6712494;10.450836
a;12853588124075;0.23139954;-2.0872955;10.134384
a;12853608265677;-0.0068359375;-1.4836121;10.165939
a;12853628407278;-0.19262695;-1.0487976;10.234314
a;12853648548880;-0.09046936;-0.8050232;10.139832
a;12853668690481;-0.001663208;-0.51605225;10.130539
a;12853688832083;-0.016464233;-0.2719574;10.182877
a;12853708973684;-0.28756714;-0.18574524;9.983597
a;12853729115286;-0.40490723;-0.10159302;9.906555
a;12853749256888;-0.39822388;-0.020095825;10.061203
a;12853769398489;-0.39875793;0.027755737;10.169235
a;12853789540091;-0.40719604;0.03755188;10.222626
a;12853809681692;-0.7366028;-0.26264954;9.240463
a;12853829823294;0.5216217;-0.5993347;9.847458
a;12853849964895;0.5129852;-0.5260925;10.042404
a;12853870106497;0.31344604;-0.6537018;10.06105
a;12853890248099;0.13031006;-0.5773468;9.898331
a;12853910389700;0.08036804;-0.46455383;9.77301
a;12853930531302;0.054367065;-0.50416565;9.782227
a;12853950672903;0.103393555;-0.5366211;9.909149
a;12853970814505;0.1113739;-0.5765686;9.946808
a;12853990956106;0.14958191;-0.57951355;9.961578
a;12854011097708;0.23246765;-0.5590668;9.9767
a;12854031239309;0.3509674;-0.6023407;9.959183
a;12854051380911;0.33345032;-0.6880951;10.011917
a;12854071522513;0.25935364;-0.58377075;9.918854
a;12854091664114;0.7040863;-0.5683136;10.1540985
a;12854111805716;0.6064911;-0.8244171;9.861038
a;12854131947317;0.42248535;-1.1650085;9.756012
a;12854152088919;0.48286438;-1.117691;9.957352
a;12854172230520;1.1331024;-0.76226807;10.26944
a;12854192372122;-0.067871094;-0.6875763;9.950867
a;12854212513724;-0.44026184;-0.5542908;10.183395
a;12854232655325;0.22215271;-0.32092285;10.210037
a;12854252796927;-0.019744873;-0.34674072;10.262421
a;12854278614798;0.38293457;-0.18840027;10.256287
a;12854288685599;0.48362732;-0.188797;10.097763
a;12854298756399;0.39257813;-0.41200256;9.999924
a;12854308827200;0.14344788;-0.58410645;9.803009
a;12854318898001;-0.16906738;-0.7171936;9.598618
a;12854328968802;-0.5517578;-0.91256714;9.490219
a;12854339039602;-0.5009308;-0.77731323;9.701935
a;12854349110403;0.07499695;-0.6497345;9.8485565
a;12854359181204;0.46583557;-0.5444336;9.945328
a;12854369252005;0.5836029;-0.50019836;9.879135
a;12854379322806;0.47506714;-0.45973206;9.718735
a;12854389393606;0.3688507;-0.3872528;9.759201
a;12854399464407;0.47001648;-0.2815857;9.84639
a;12854409535208;0.5726013;-0.25102234;9.930038
a;12854419606009;0.67581177;-0.3784485;9.99614
a;12854429676809;0.6283417;-0.43040466;9.974838
a;12854439747610;0.45976257;-0.48095703;9.938889
a;12854449818411;0.32221985;-0.52819824;9.717239
a;12854459889212;0.25053406;-0.54740906;9.614868
a;12854469960013;0.18054199;-0.5439911;9.628601
a;12854480030813;0.14906311;-0.43185425;9.661224
a;12854490101614;0.18592834;-0.35847473;9.731628
a;12854500172415;0.21273804;-0.29992676;9.8450775
a;12854510243216;0.2913971;-0.22717285;9.867218
a;12854520314017;0.29284668;-0.27723694;9.888718
a;12854530384817;0.26669312;-0.29161072;9.925781
a;12854540455618;0.2571869;-0.31044006;9.905289
a;12854550526419;0.21394348;-0.3869629;9.790604
a;12854560597220;0.25450134;-0.3526001;9.808456
a;12854570668020;0.32772827;-0.3076172;9.815338
a;12854580738821;0.3733368;-0.31967163;9.858429
a;12854590809622;0.4660797;-0.30444336;9.889221
a;12854600880423;0.5700531;-0.26319885;9.975784
a;12854610951224;0.8113251;-0.1947174;9.262222
a;12854621022024;0.6919403;-0.2415924;10.039703
a;12854631092825;1.0606079;-0.19668579;10.129822
a;12854641163626;0.4328308;-0.48254395;9.832474
a;12854651234427;0.57577515;-0.5119934;9.736435
a;12854661305227;0.45059204;-0.5378418;9.762665
a;12854671376028;0.3318634;-0.6783905;9.564407
a;12854681446829;0.43974304;-0.35401917;9.679153
a;12854691517630;0.96261597;-0.049072266;10.297791
a;12854701588431;1.7095184;0.14102173;10.505814
a;12854711659231;1.446167;-0.046585083;10.304047
a;12854721730032;-0.40948486;-0.35842896;9.733124
a;12854731800833;-0.68148804;-0.10972595;10.078903
a;12854741871634;-0.09358215;-0.015808105;10.311707
a;12854751942434;0.12104797;-0.190094;10.125015
a;12854762013235;0.06820679;-0.3348236;9.992722
a;12854772084036;0.13745117;-0.19841003;10.074112
a;12854782154837;0.26264954;-0.08929443;10.178329
a;12854792225638;0.4460907;-0.03375244;10.224319
a;12854802296438;0.6423187;0.032669067;10.229477
a;12854812367239;0.72117615;0.054153442;10.168076
a;12854822438040;0.71661377;0.017974854;10.052338
a;12854832508841;0.6493988;-0.05683899;9.966492
a;12854842579642;0.57662964;-0.17840576;9.806549
a;12854852650442;0.42422485;-0.24775696;9.667923
a;12854862721243;0.25445557;-0.30381775;9.514221
a;12854872792044;0.040893555;-0.41937256;9.542755
a;12854882862845;-0.014312744;-0.47013855;9.588181
a;12854892933645;0.44924927;-0.3236084;9.776459
a;12854903004446;0.8944092;-0.20562744;9.954498
a;12854913075247;0.983078;-0.23495483;10.006729
a;12854923146048;0.8241272;-0.40733337;9.84903
a;12854933216849;0.61131287;-0.45547485;9.845398
a;12854943287649;0.56547546;-0.50923157;9.880569
a;12854953358450;0.55807495;-0.66101074;9.848114
a;12854963429251;0.50878906;-0.6403198;9.829346
a;12854973500052;0.54267883;-0.6691284;9.833206
a;12854983570852;0.48098755;-0.6029968;9.816864
a;12854993641653;0.47265625;-0.5331116;9.817169
a;12855003712454;0.4779358;-0.43321228;9.835007
a;12855013783255;0.50790405;-0.39031982;9.861298
a;12855023854056;0.55259705;-0.365036;9.989899
a;12855033924856;0.54737854;-0.348114;10.040634
a;12855043995657;0.5476074;-0.35812378;9.9832
a;12855054066458;0.46025085;-0.33950806;9.898865
a;12855064137259;0.43347168;-0.34918213;9.854218
a;12855074208059;0.45399475;-0.32637024;9.87439
a;12855084278860;0.49734497;-0.28504944;9.929535
a;12855094349661;0.5239563;-0.30036926;9.961746
a;12855104420462;0.48576355;-0.29826355;9.95578
a;12855114491263;0.45684814;-0.36943054;10.007919
a;12855124562063;0.4322052;-0.42640686;9.981781
a;12855134632864;0.41722107;-0.4098816;9.89502
a;12855144703665;0.47947693;-0.40081787;9.898865
a;12855154774466;0.5165405;-0.4024048;9.902298
a;12855164845267;0.51686096;-0.43814087;9.877121
a;12855174916067;0.514328;-0.527298;9.930664
a;12855184986868;0.6932373;-0.48661804;9.972076
a;12855195057669;0.74053955;-0.49673462;9.938889
a;12855205128470;0.5963135;-0.44969177;9.930008
a;12855215199270;0.5362854;-0.4761963;9.976807
a;12855225270071;0.38423157;-0.56721497;9.886719
a;12855235340872;0.24923706;-0.5875702;9.8785095
a;12855245411673;0.25558472;-0.54248047;10.007019
a;12855255482474;0.32661438;-0.47705078;10.055115
a;12855265553274;0.4113922;-0.4657898;10.08255
a;12855275624075;0.54034424;-0.42080688;10.120819
a;12855285694876;0.6269226;-0.3396454;10.17453
a;12855295765677;0.7321625;-0.3070221;10.209351
a;12855305836477;0.6759033;-0.42382813;10.050812
a;12855315907278;0.620636;-0.5009918;9.9730835
a;12855325978079;0.516922;-0.41619873;9.940735
a;12855336048880;0.57003784;-0.40690613;9.78801
a;12855346119681;0.5208893;-0.412323;9.697296
a;12855356190481;1.48909;-0.24279785;10.050446
a;12855366261282;0.92323303;-0.7140503;9.920212
a;12855376332083;0.7328949;-0.7609558;10.180435
a;12855386402884;0.6432953;-0.979599;10.287872
a;12855405903616;0.40647888;-1.0402985;9.959381
a;12855426045218;0.61157227;-0.5168762;10.0420685
a;12855446186819;0.4793396;-0.40689087;9.828247
a;12855466328421;0.3350525;-0.5632019;9.860886
a;12855486470022;0.5717926;-0.46961975;9.930237
a;12855506611624;0.6430664;-0.41764832;9.96962
a;12855526753226;0.564209;-0.41461182;9.781952
a;12855546894827;0.67251587;-0.3840027;9.744919
a;12855567036429;0.594223;-0.45150757;9.934937
a;12855587178030;0.6084137;-0.49954224;9.969345
a;12855607319632;0.6333771;-0.51226807;9.891983
a;12855627461233;0.59432983;-0.5552063;9.737671
a;12855647602835;0.6132202;-0.561615;9.826904
a;12855667744436;0.6270752;-0.5708313;9.939224
a;12855687886038;0.62153625;-0.5415039;10.008484
a;12855708027640;0.57896423;-0.52941895;9.982834
a;12855728169241;0.5436859;-0.49639893;9.914352
a;12855748310843;0.5458374;-0.5272522;9.923523
a;12855768452444;0.5687866;-0.5467224;9.990402
a;12855788594046;0.60253906;-0.546402;10.008575
a;12855808735647;0.59336853;-0.53585815;9.942139
a;12855828877249;0.54393005;-0.53271484;9.904053
a;12855849018851;0.5986481;-0.46159363;9.902084
a;12855869160452;0.5515137;-0.50914;9.851135
a;12855889302054;0.6248932;-0.49635315;9.875412
a;12855909443655;0.6204834;-0.5082245;9.909897
a;12855929585257;0.6155243;-0.48654175;9.908035
a;12855949726858;0.5832367;-0.4990387;9.903381
a;12855969868460;0.61195374;-0.46803284;9.899704
a;12855990010061;0.6513977;-0.43821716;9.919525
a;12856010151663;0.63926697;-0.4046936;9.939865
a;12856030293265;0.52770996;-0.42427063;9.887772
a;12856050434866;0.51971436;-0.3733368;9.910278
a;12856070576468;0.2761078;-0.67033386;9.908768
a;12856090718069;0.31420898;-0.74061584;9.927841
a;12856110859671;0.40699768;-0.70251465;10.006256
a;12856131001272;0.5550232;-0.6219635;10.033997
a;12856151142874;0.6073303;-0.66929626;9.99881
a;12856171284476;0.5888977;-0.730896;9.996933
a;12856191426077;0.5866394;-0.78874207;9.999008
a;12856211567679;0.72450256;-0.73106384;10.078247
a;12856231709280;0.7583618;-0.73461914;9.972168
a;12856251850882;0.69221497;-0.80062866;9.912415
a;12856271992483;0.6908264;-0.86961365;10.0798645
a;12856292134085;0.6548004;-0.963974;10.120056
a;12856312275686;0.63571167;-1.026001;9.874176
a;12856332417288;0.7373352;-0.91856384;9.763641
a;12856352558890;0.74835205;-0.96183777;9.840851
a;12856372700491;0.6899414;-1.0432281;9.888428
a;12856392842093;0.7815399;-1.0739594;9.838135
a;12856412983694;0.7145233;-1.1623383;9.774231
a;12856433125296;0.8080597;-1.0481873;9.980484
a;12856453266897;0.83117676;-1.1961517;9.780014
a;12856473408499;0.8822174;-1.082016;9.963684
a;12856493550101;0.9045105;-1.1671295;9.904633
a;12856513691702;0.66104126;-1.2890167;9.89003
a;12856533833304;0.7067108;-1.3197174;9.878601
a;12856553974905;0.7401581;-1.2240143;9.917038
a;12856574116507;0.7756958;-1.188385;9.927628
