a;94921097769829;-1.3544617;1.0221558;9.727829
a;94921117911430;-1.5227051;1.0136108;9.971115
a;94921138053032;-1.606369;0.88108826;10.030777
a;94921158194633;-1.4316101;1.2761536;9.60881
a;94921178336235;-1.2697601;1.5614014;9.45845
a;94921198477837;-0.76252747;0.85917664;9.096893
a;94921218619438;-1.4306946;0.9006195;9.07341
a;94921238761040;-1.32547;0.8446045;9.246567
a;94921258902641;-1.4595184;1.325592;9.78952
a;94921279044243;-3.2741852;1.5919037;9.161209
a;94921299185844;-1.1607056;2.1092834;9.438004
a;94921319327446;-1.2080841;2.3366852;9.825439
a;94921339469048;-2.3466492;2.069931;9.80452
a;94921359610649;-1.77005;1.6615143;10.1358795
a;94921379752251;-1.8946533;1.614914;10.380615
a;94921399893852;-2.0487518;2.006195;10.3802185
a;94921420035454;-2.0228424;2.270523;10.432343
a;94921440177055;-2.1118011;2.262558;10.753815
a;94921460318657;-2.040985;2.1127472;10.966629
a;94921480460258;-1.766159;2.1785126;11.351654
a;94921500601860;-1.9551239;2.2504578;11.970612
a;94921520743462;-2.1696777;2.101059;12.244675
a;94921540885063;-1.8430328;1.6828766;11.724869
a;94921561026665;-1.5509186;0.32565308;11.588013
a;94921581168266;-1.6628113;-1.3919373;11.516098
a;94921601309868;-1.2327881;-3.707016;10.824371
a;94921621451469;0.677124;-6.53743;9.558197
a;94921641593071;1.8640747;-7.6756744;8.359894
a;94921661734673;2.6123962;-7.850815;7.652771
a;94921681876274;3.037094;-6.8042755;7.6271973
a;94921702017876;3.530777;-5.415909;7.3355103
a;94921722159477;3.453354;-3.9425812;6.1251526
a;94921742301079;3.3517303;-2.4092407;5.316559
a;94921762442680;3.1724854;-1.9683685;5.708969
a;94921782584282;2.827011;-1.0505981;6.9376984
a;94921802725883;2.7478943;8.392334E-4;7.6513367
a;94921822867485;2.8033752;0.21118164;8.044022
a;94921843009087;2.8066406;0.5305176;8.642029
a;94921863150688;2.3472595;1.0752411;9.209656
a;94921883292290;2.1644287;1.0105591;9.435883
a;94921903433891;2.4475708;-0.13008118;9.70076
a;94921923575493;2.5567474;-1.1261749;10.21051
a;94921943717094;2.4030914;-2.0116425;10.323669
a;94921963858696;2.0108643;-3.4447784;9.990021
a;94921984000298;2.1198425;-4.059387;9.9084015
a;94922004141899;2.609909;-3.3577423;10.316376
a;94922024283501;2.834671;-2.6356964;10.590591
a;94922044425102;2.8277435;-3.1109772;9.822525
a;94922064566704;2.5991821;-3.724228;9.285263
a;94922084708305;2.855606;-3.224884;9.119995
a;94922104849907;3.00589;-2.1777954;9.235687
a;94922124991508;2.8439636;-1.8681488;9.236343
a;94922145133110;2.7457886;-2.638794;8.950272
a;94922165274712;2.8057098;-2.7771149;9.014938
a;94922185416313;2.6296997;-2.4107819;9.302338
a;94922205557915;2.7846985;-1.6965637;9.259033
a;94922225699516;2.66185;-0.74650574;9.202316
a;94922245841118;2.3508148;-1.3612366;9.180008
a;94922265982719;2.2762756;-2.613327;9.512466
a;94922286124321;2.599823;-2.9386597;9.831024
a;94922306265923;2.7585602;-2.7603455;9.844482
a;94922326407524;2.2190857;-1.9970856;9.57132
a;94922346549126;1.171341;-2.9928894;9.838913
a;94922366690727;1.7496185;-2.4300842;10.352631
a;94922386832329;2.2398987;-2.011322;10.501114
a;94922406973930;2.001709;-3.3849792;9.127045
a;94922427115532;2.1498718;-4.0335236;8.494858
a;94922447257133;1.9837036;-3.0808563;8.697372
a;94922467398735;1.752533;-2.593933;8.784042
a;94922487540337;1.7159729;-2.3135529;8.836853
a;94922507681938;1.5839844;-2.30307;9.220261
a;94922527823540;1.6968842;-2.7947845;9.612183
a;94922547965141;2.1454773;-3.466629;9.478729
a;94922568106743;2.0973358;-3.5600128;9.049805
a;94922588248344;2.1305542;-3.592575;8.467178
a;94922608389946;2.2540588;-3.7358246;8.023071
a;94922628531548;2.5687408;-3.924469;8.038559
a;94922648673149;2.8652039;-4.0837097;8.07753
a;94922668814751;2.9043884;-4.340378;7.6046143
a;94922688956352;2.9298096;-4.6186523;6.8997498
a;94922709097954;2.8151703;-5.1542816;6.4849854
a;94922729239555;2.7424774;-5.0043793;6.0303497
a;94922749381157;2.7890472;-4.7190094;5.603409
a;94922769522758;2.661911;-4.3165283;5.419174
a;94922789664360;2.2138214;-4.712448;6.640976
a;94922809805962;2.19104;-4.831192;5.9976044
a;94922829947563;2.4931488;-4.768036;5.2602234
a;94922850089165;2.2622833;-6.0478516;5.3621826
a;94922870230766;1.7199554;-7.5872803;6.247162
a;94922890372368;1.1973267;-9.207275;6.0440216
a;94922910513969;2.1474457;-10.342865;6.086685
a;94922930655571;2.7378693;-14.408325;6.8877716
a;94922950797173;2.5227509;-18.627777;8.676819
a;94922970938774;2.9267883;-18.898376;8.000381
a;94922991080376;4.268524;-20.150314;6.17453
a;94923011221977;4.8746185;-19.67775;5.7702637
a;94923031363579;4.9013824;-18.092026;6.1714478
a;94923051505180;4.401886;-15.845108;5.7494507
a;94923071646782;3.7754517;-14.262436;3.8078156
a;94923091788383;3.3789978;-12.2677765;2.3915558
a;94923111929985;3.2438812;-9.0026245;1.0488129
a;94923132071587;3.2626038;-5.962616;0.40000916
a;94923152213188;2.9889984;-4.45607;0.74853516
a;94923172354790;2.3943634;-1.8133087;0.37013245
a;94923192496391;2.0532227;0.39186096;-0.9169769
a;94923212637993;1.5832825;4.28981;-2.441864
a;94923232779594;0.15182495;6.0651703;-3.0700989
a;94923252921196;-1.9142609;6.351288;-2.6030579
a;94923273062798;-3.3353577;6.0527496;-2.2389374
a;94923293204399;-4.200714;5.225998;-2.199051
a;94923313346001;-5.2249603;3.34552;-2.1100464
a;94923333487602;-6.002716;1.9618835;-2.0924835
a;94923353629204;-7.4264526;0.015579224;-2.0729218
a;94923373770805;-9.943558;-5.394577;-4.2799377
a;94923393912407;-11.224976;-15.713028;-7.643753
a;94923414054008;-10.073593;-19.965088;-8.47905
a;94923434195610;-10.352753;-20.150314;-10.756714
a;94923454337212;-8.018295;-20.150314;-12.59848
a;94923474478813;-5.823181;-20.150314;-11.187347
a;94923494620415;-4.0602264;-20.150314;-10.290222
a;94923514762016;-2.4756775;-20.150314;-9.199173
a;94923534903618;-1.2848816;-20.150314;-8.125671
a;94923555045219;-1.4203186;-20.150314;-7.958969
a;94923575186821;-3.110077;-20.150314;-7.6407623
a;94923595328423;-4.7206116;-19.197632;-6.694351
a;94923615470024;-5.713745;-14.777725;-5.0724792
a;94923635611626;-6.607849;-10.564606;-4.6217194
a;94923655753227;-7.0008087;-5.6569214;-4.9981384
a;94923675894829;-7.5080414;-1.1638336;-5.7316437
a;94923696036430;-8.115662;3.5168304;-5.881592
a;94923716178032;-7.383728;10.30835;-5.4052277
a;94923736319633;-5.7772675;13.762817;-2.0033112
a;94923756461235;-3.5738983;15.668518;-0.92489624
a;94923776602837;-3.0829163;15.509628;-1.3647003
a;94923796744438;-2.9440765;12.685425;-1.6371307
a;94923816886040;-4.3739014;8.955704;-2.128708
a;94923837027641;-5.9170685;5.8554535;-2.271347
a;94923857169243;-7.8884125;2.8269806;-2.3492126
a;94923877310844;-11.526993;-2.6647034;-4.6834564
a;94923897452446;-14.253983;-11.665237;-9.326843
a;94923917594048;-13.45137;-19.752914;-10.6983795
a;94923937735649;-10.97348;-20.150314;-13.244843
a;94923957877251;-10.71257;-20.150314;-15.721802
a;94923978018852;-6.741577;-20.150314;-14.411789
a;94923998160454;-3.7726898;-20.150314;-11.682098
a;94924018302055;-1.4164581;-20.150314;-9.250107
a;94924038443657;0.1351471;-20.150314;-8.112061
a;94924058585258;0.59584045;-20.150314;-6.843216
a;94924078726860;-0.40045166;-20.150314;-5.666687
a;94924098868462;-1.9681244;-17.429535;-4.8927765
a;94924119010063;-3.4440918;-11.878067;-4.4506226
a;94924139151665;-4.3159027;-7.1215973;-4.2946777
a;94924159293266;-4.992676;-3.482544;-4.037918
a;94924179434868;-4.3990173;-1.629715;-3.8588867
a;94924199576469;-3.695221;-1.0254211;-3.513382
a;94924219718071;-4.0392456;-0.25024414;-3.6456757
a;94924239859673;-4.7947235;2.1114044;-3.1499481
a;94924260001274;-4.238327;5.517441;-2.056778
a;94924280142876;-3.5068817;6.808899;-0.9530487
a;94924300284477;-3.1764832;6.939636;-0.69711304
a;94924320426079;-2.6858826;6.826828;-0.63690186
a;94924340567680;-2.2877045;6.1753235;-0.5063782
a;94924360709282;-2.6479034;4.9568634;-0.39894104
a;94924380850883;-3.6257477;3.9334106;-0.63772583
a;94924400992485;-5.3032684;1.8218994;-0.47042847
a;94924421134087;-8.02272;-1.7367249;-2.3406982
a;94924441275688;-12.15097;-10.240524;-4.94693
a;94924461417290;-14.356445;-19.592865;-7.9752655
a;94924481558891;-8.437775;-20.014297;-6.917206
a;94924501700493;-8.454727;-18.261902;-10.7229
a;94924521842094;-13.070831;-19.25534;-11.218521
a;94924541983696;-11.676605;-16.55307;-7.728119
a;94924562125298;-11.328659;-17.130112;-0.041168213
a;94924582266899;-10.761826;-18.018982;-0.48243713
a;94924602408501;-10.372528;-15.460754;-3.8109283
a;94924622550102;-9.738602;-13.120239;-4.876358
a;94924642691704;-8.565811;-12.753265;-4.1474457
a;94924662833305;-7.106842;-12.696426;-3.7653656
a;94924682974907;-5.9073944;-11.069687;-3.8185272
a;94924703116508;-5.2664948;-9.535568;-3.900055
a;94924723258110;-4.9713287;-8.048431;-3.6325378
a;94924743399712;-4.9591827;-6.8226013;-3.5934753
a;94924763541313;-5.1883087;-5.481247;-3.387741
a;94924783682915;-5.692108;-4.8856506;-3.2346344
a;94924803824516;-6.799286;-4.415436;-2.6638794
a;94924823966118;-8.032654;-4.071518;-2.2640686
a;94924844107719;-8.184708;-3.598236;-1.8935394
a;94924864249321;-8.2508545;-3.1228333;-1.6082153
a;94924884390923;-8.6627655;-2.8526306;-1.6065826
a;94924904532524;-8.999985;-2.7548523;-1.8512878
a;94924924674126;-9.1063385;-2.792572;-2.0140533
a;94924944815727;-9.517212;-2.5303955;-2.0191498
a;94924964957329;-10.042603;-2.5841217;-1.4002991
a;94924985098930;-10.468567;-3.00354;-0.70036316
a;94925005240532;-10.613831;-3.1571503;-0.7065735
a;94925025382133;-10.589676;-2.9507751;-0.89276123
a;94925045523735;-10.691223;-2.204071;-1.1903839
a;94925065665337;-10.7308655;-2.5302277;-0.88442993
a;94925085806938;-10.534348;-3.3471832;-0.4380951
a;94925105948540;-10.29892;-3.7881012;-0.23350525
a;94925126090141;-9.797913;-3.7261505;-0.07646179
a;94925146231743;-9.776794;-3.6003876;-0.20603943
a;94925166373344;-9.487762;-3.2588959;-0.41809082
a;94925186514946;-9.277588;-3.2795258;-0.57029724
a;94925206656548;-9.336716;-3.3806763;-1.0310364
a;94925226798149;-9.106277;-3.274765;-1.3627319
a;94925246939751;-8.9760895;-3.1300812;-1.5430756
a;94925267081352;-8.913925;-2.964203;-1.5953369
a;94925287222954;-9.008743;-3.0571594;-1.7024231
a;94925307364555;-9.224167;-3.1857147;-1.7532959
a;94925327506157;-9.299484;-3.1662445;-1.8496704
a;94925347647758;-9.239914;-2.9841003;-1.9085541
a;94925367789360;-9.183212;-2.797577;-1.9472198
a;94925387930962;-9.248978;-2.6954346;-2.0079193
a;94925408072563;-9.362259;-2.6656036;-2.0282593
a;94925428214165;-9.443619;-2.6474304;-1.8322144
a;94925448355766;-9.543213;-2.5774536;-1.695221
a;94925468497368;-9.493759;-2.567215;-1.6057434
a;94925488638969;-9.366608;-2.6283875;-1.6750641
a;94925508780571;-9.289352;-2.761673;-1.7350616
a;94925528922173;-9.3324585;-2.903305;-1.6490631
a;94925549063774;-9.32695;-2.93573;-1.4866333
a;94925569205376;-9.341919;-2.8912811;-1.4389648
a;94925589346977;-9.3641205;-2.8256073;-1.4537659
a;94925609488579;-9.440002;-2.7750854;-1.3780823
a;94925629630180;-9.493423;-2.6897125;-1.3147583
a;94925649771782;-9.466904;-2.5772247;-1.365799
a;94925669913383;-9.40242;-2.541031;-1.4235077
a;94925690054985;-9.476959;-2.579239;-1.4369202
a;94925710196587;-9.521378;-2.5750275;-1.4335175
a;94925730338188;-9.473587;-2.4397278;-1.4618378
a;94925750479790;-9.43483;-2.3128052;-1.5256348
a;94925770621391;-9.376877;-2.2260895;-1.5496063
a;94925790762993;-9.238968;-2.1797028;-1.4949341
a;94925810904594;-9.183823;-2.1447144;-1.4532166
a;94925831046196;-9.261856;-2.0940552;-1.5036011
a;94925851187798;-9.306854;-2.1377563;-1.5825653
a;94925871329399;-9.276886;-2.2163086;-1.6342621
a;94925891471001;-9.294296;-2.2172852;-1.6621704
a;94925911612602;-9.302017;-2.2021027;-1.6637421
a;94925931754204;-9.223373;-2.2334442;-1.544281
a;94925951895805;-9.238449;-2.2455597;-1.4624176
a;94925972037407;-9.328491;-2.2738647;-1.4055328
a;94925992179008;-9.390213;-2.245041;-1.4053345
a;94926012320610;-9.494476;-2.3227081;-1.5073853
a;94926032462212;-9.516144;-2.2972565;-1.4757843
a;94926052603813;-9.579041;-2.3600311;-1.5119324
a;94926072745415;-9.657486;-2.2868347;-1.5842285
a;94926092887016;-9.701752;-2.1853638;-1.6902466
a;94926113028618;-9.643539;-2.2016754;-1.6898193
a;94926133170219;-9.53244;-2.1941986;-1.6957855
a;94926153311821;-9.519455;-2.173996;-1.7102966
a;94926173453423;-9.559341;-2.1113434;-1.7548218
a;94926193595024;-9.510361;-2.0586853;-1.8217773
a;94926213736626;-9.489685;-1.9655304;-1.9153442
a;94926233878227;-9.492096;-1.8875275;-1.9411163
a;94926254019829;-9.431488;-1.7671967;-1.9505005
a;94926274161430;-9.308868;-1.680481;-1.9522247
a;94926294303032;-9.329819;-1.6663513;-1.9328918
a;94926314444633;-9.480576;-1.6125641;-1.8390808
a;94926334586235;-9.565811;-1.4406128;-1.8457947
a;94926354727837;-9.554077;-1.3117676;-1.8742676
a;94926374869438;-9.58252;-1.5475769;-1.775116
a;94926395011040;-9.687424;-1.8167267;-1.5964508
a;94926415152641;-9.704529;-1.8191681;-1.4694824
a;94926435294243;-9.594635;-1.7424622;-1.4634247
a;94926455435844;-9.423386;-1.6111298;-1.4337463
a;94926475577446;-9.338287;-1.523529;-1.437149
a;94926495719048;-9.303696;-1.4477997;-1.4361572
a;94926515860649;-9.492874;-1.368393;-1.423584
a;94926536002251;-9.575455;-1.3419647;-1.4365082
a;94926556143852;-9.581741;-1.4470825;-1.3802185
a;94926576285454;-9.614105;-1.6176147;-1.3772736
a;94926596427055;-9.698425;-1.6270447;-1.3707275
a;94926616568657;-9.832886;-1.5895691;-1.1957245
a;94926636710258;-10.061768;-1.5465546;-1.0287628
a;94926656851860;-10.093994;-1.9919586;-0.9949341
a;94926676993462;-10.075317;-2.3963776;-0.74772644
a;94926697135063;-10.053787;-2.6279602;-0.09358215
a;94926717276665;-10.331787;-2.181244;-0.17662048
a;94926737418266;-10.486694;-2.669632;-0.8016815
a;94926757559868;-10.851303;-4.2084503;-1.1190186
a;94926777701469;-11.023712;-6.65625;0.81799316
a;94926797843071;-11.1219635;-6.749008;1.4542694
a;94926817984673;-12.638824;-7.274048;0.8391876
a;94926838126274;-12.453918;-9.535004;0.7204132
a;94926858267876;-11.002548;-12.028656;1.7457275
a;94926878409477;-10.486954;-11.96431;2.5766296
a;94926898551079;-10.32019;-12.861038;2.3557281
a;94926918692680;-9.585754;-14.446716;2.5668945
a;94926938834282;-8.65065;-14.455673;2.3406982
a;94926958975883;-7.656891;-13.297699;1.5858002
a;94926979117485;-6.7645416;-12.796326;1.3953705
a;94926999259087;-5.9329834;-11.080994;1.7858887
a;94927019400688;-4.972412;-10.021164;1.0340424
a;94927039542290;-4.3293;-8.91748;0.40016174
a;94927059683891;-3.620987;-7.6664734;1.1497955
a;94927079825493;-3.6782684;-7.360016;1.2814789
a;94927099967094;-3.3093262;-6.969406;1.2868652
a;94927120108696;-3.4104156;-5.5763855;0.61402893
a;94927140250298;-3.929123;-5.4862213;0.022262573
a;94927160391899;-3.4498138;-3.5856018;0.59132385
a;94927180533501;-4.821213;-2.045761;4.294861
a;94927200675102;-6.921509;-3.2370148;6.531784
a;94927220816704;-7.7108307;-5.7038727;5.56427
a;94927240958305;-6.9676514;-3.7792206;5.261383
a;94927261099907;-6.5736237;-0.35011292;5.325714
a;94927281241508;-6.8510437;-0.6424408;5.5003815
a;94927301383110;-6.6318665;-3.4532013;6.1876984
a;94927321524712;-4.771866;-0.9980469;8.852737
a;94927341666313;-3.6668549;0.6954651;10.357117
a;94927361807915;-2.947113;1.1013336;10.127472
a;94927381949516;-1.8862305;-0.045425415;9.244904
a;94927402091118;-1.6770477;-2.5527344;9.075836
a;94927422232719;-1.2543945;-2.048523;9.577301
a;94927442374321;-1.4137878;-1.7566223;10.702393
a;94927462515923;-1.4476624;-2.3451996;10.955338
a;94927482657524;-0.5996704;-2.8060455;10.087051
a;94927502799126;-0.9795227;-5.705368;9.239151
a;94927522940727;-0.4290161;-3.1582642;11.10231
a;94927543082329;-0.46180725;-1.4243317;10.365738
a;94927563223930;-0.9055939;-3.5710907;8.882629
a;94927583365532;-1.0310364;-3.5911865;8.668716
a;94927603507133;-0.79649353;-2.5569153;8.989197
a;94927623648735;-0.745697;-2.5723114;8.723648
a;94927643790337;-0.7436218;-2.6783295;9.422302
a;94927663931938;0.06629944;0.13148499;11.224548
a;94927684073540;0.16482544;1.9006958;11.144974
a;94927704215141;-0.966156;-2.903366;6.9342346
a;94927724356743;-2.421173;-11.318069;3.2256927
a;94927744498344;-2.2274323;-11.078384;5.247055
a;94927764639946;-1.1810913;-7.6977386;8.336868
a;94927784781548;-1.2237701;-6.6563263;8.209442
a;94927804923149;-1.9345245;-8.180832;6.052841
a;94927825064751;-2.20076;-9.716187;4.41243
a;94927845206352;-1.8713074;-9.516495;4.513626
a;94927865347954;-1.8821869;-8.410339;5.533722
a;94927885489555;-1.8625793;-8.22934;4.9384003
a;94927905631157;-2.1521301;-9.719284;3.883789
a;94927925772758;-2.2725983;-10.330048;4.194626
a;94927945914360;-2.28125;-9.669891;4.9022827
a;94927966055962;-2.3514557;-8.953262;5.0444794
a;94927986197563;-2.0268402;-8.360443;4.365738
a;94928006339165;-2.0131073;-9.139664;3.0118408
a;94928026480766;-2.413437;-10.094849;2.7317505
a;94928046622368;-2.4688873;-10.070908;3.113678
a;94928066763969;-2.3707886;-9.436737;3.4623718
a;94928086905571;-2.1036377;-8.895645;3.3094635
a;94928107047173;-2.2521515;-9.759018;2.4075775
a;94928127188774;-2.7417755;-10.669159;1.801651
a;94928147330376;-2.562271;-10.508011;1.9927216
a;94928167471977;-2.4256287;-9.843765;2.5684357
a;94928187613579;-2.3032074;-9.415314;2.827896
a;94928207755180;-2.5407257;-9.911453;2.706955
a;94928227896782;-2.7595978;-10.1605835;2.3312988
a;94928248038383;-2.4238892;-9.968872;1.9617157
a;94928268179985;-2.3473969;-10.096741;1.853775
a;94928288321587;-2.5915375;-9.9674225;2.2524414
a;94928308463188;-2.6212006;-9.537949;2.4919891
a;94928328604790;-2.501175;-9.887756;1.9170227
a;94928348746391;-2.5716858;-10.127167;1.6828613
a;94928368887993;-2.6110687;-9.855667;1.6963196
a;94928389029594;-2.7078705;-9.81427;1.7950287
a;94928409171196;-2.5420532;-9.539001;1.8599396
a;94928429312798;-2.564804;-9.53624;1.7033691
a;94928449454399;-2.746292;-9.938934;1.5986023
a;94928469596001;-2.730606;-10.307999;1.5463257
a;94928489737602;-2.7404175;-10.442444;1.5879364
a;94928509879204;-2.7244568;-9.828552;2.0227203
a;94928530020805;-2.4865417;-9.160782;2.2439423
a;94928550162407;-2.6514435;-9.564423;1.872757
a;94928570304008;-2.729782;-9.766876;1.8018494
a;94928590445610;-2.7610626;-9.949844;1.7640076
a;94928610587212;-2.892807;-10.191254;1.7980194
a;94928630728813;-2.768036;-9.741089;2.048645
a;94928650870415;-2.657898;-9.736633;1.8835449
a;94928671012016;-2.6405792;-9.824036;1.6574097
a;94928691146182;-2.759552;-9.861145;1.671402
a;94928711287783;-2.8626251;-9.97197;1.8308716
a;94928731429385;-2.7474518;-9.8016815;1.8823547
a;94928751570987;-2.7042847;-9.6414795;1.9085083
a;94928771712588;-2.7769165;-9.834717;1.6186676
a;94928791854190;-2.7577972;-9.840073;1.5375519
a;94928811995791;-2.6210938;-9.781952;1.8310394
a;94928832137393;-2.6873474;-9.89682;1.8038635
a;94928852278994;-2.8580475;-10.193726;1.513382
a;94928872420596;-2.8421478;-9.695465;1.6790161
a;94928892562197;-2.5729065;-9.456406;1.8921204
a;94928912703799;-2.7507477;-10.006805;1.6942902
a;94928932845401;-2.8531494;-10.060165;1.5289764
a;94928952987002;-2.7682495;-9.965195;1.3714447
a;94928973128604;-2.7008514;-9.846191;1.3618927
a;94928993270205;-2.7525635;-9.813217;1.4414368
a;94929013411807;-2.7669067;-9.876221;1.4485779
a;94929033553408;-2.7746277;-10.054825;1.3876038
a;94929053695010;-2.796692;-10.21727;1.2232513
a;94929073836612;-2.8455353;-10.092255;1.3380585
a;94929093978213;-2.662033;-9.825378;1.2785034
a;94929114119815;-2.7548828;-10.1184845;1.0799255
a;94929134261416;-2.7839813;-10.345047;1.5563965
a;94929154403018;-2.5600739;-9.48735;2.4177856
a;94929174544619;-2.5414124;-9.117691;2.6569672
a;94929194686221;-2.6906586;-9.637772;2.3074646
a;94929214827822;-2.7105408;-9.391144;2.0179596
a;94929234969424;-2.742508;-9.601624;1.6519623
a;94929255111026;-2.7832031;-10.128464;1.292984
a;94929275252627;-2.8283691;-10.515152;1.324234
a;94929295394229;-2.6782227;-10.079285;1.7547455
a;94929315535830;-2.5310822;-9.897568;1.8826752
a;94929335677432;-2.5608826;-9.948044;1.7234802
a;94929355819033;-2.5864868;-9.655182;1.7362518
a;94929375960635;-2.6361084;-9.538376;1.7137756
a;94929396102237;-2.9060822;-9.850128;1.5705261
a;94929416243838;-2.7163696;-9.963043;1.8736877
a;94929436385440;-2.4832;-9.670898;2.080902
a;94929456527041;-2.6594543;-9.791748;1.6735992
a;94929476668643;-2.8770447;-10.686752;-0.19676208
a;94929496810244;-3.1230927;-12.4431305;-1.6184998
a;94929516951846;-2.5535278;-11.733994;1.2818298
a;94929537093447;-1.7981415;-8.819992;4.574539
a;94929557235049;-1.7875061;-7.7385864;5.6170654
a;94929577376651;-2.307663;-10.838547;3.3533173
a;94929597518252;-2.028778;-11.315323;2.7093506
a;94929617659854;-1.6089478;-7.8234863;4.421921
a;94929637801455;-1.4592133;-4.578064;6.2873535
a;94929657943057;-1.9028473;-4.9062805;6.968033
a;94929678084658;-2.3834229;-7.607895;6.3070984
a;94929698226260;-2.1611328;-9.689423;5.7465973
a;94929718367862;-0.92852783;-7.7550507;6.865387
a;94929738509463;-0.4537964;-4.924011;8.209213
a;94929758651065;-0.6051483;-3.721695;9.010117
a;94929778792666;-0.42626953;-4.4718933;9.239777
a;94929798934268;0.010421753;-2.709137;9.963791
a;94929819075869;0.19451904;-0.18154907;10.967514
a;94929839217471;-0.08860779;0.71269226;10.71843
a;94929859359072;-0.3837433;-0.25845337;10.104706
a;94929879500674;-0.109054565;-0.8856201;10.265213
a;94929899642276;0.047729492;-0.8775635;10.281036
a;94929919783877;0.0033874512;-0.306839;10.469879
a;94929939925479;-0.5133972;-0.67897034;9.974655
a;94929960067080;-0.90249634;-0.06422424;10.207672
a;94929980208682;-1.3861237;0.7025757;10.567856
a;94930000350283;-1.6173248;1.2374115;10.749359
a;94930020491885;-2.694992;1.6975555;11.22821
a;94930040633487;-3.4992065;0.69374084;10.958038
a;94930060775088;-4.900955;-0.94599915;9.329193
a;94930080916690;-6.743866;-1.8475037;6.917404
a;94930101058291;-6.53183;-0.90730286;3.663208
a;94930121199893;-7.060547;2.0810394;4.7515717
a;94930141341494;-6.018387;1.8770447;6.921341
a;94930161483096;-5.0255737;-2.2413788;4.6804657
a;94930181624697;-3.243515;-2.741272;4.0603333
a;94930201766299;-2.1826477;-2.4295197;3.619629
a;94930221907901;-2.7436218;-3.2817535;2.8674774
a;94930242049502;-2.3314972;-4.645981;3.8250122
a;94930262191104;-2.2332;-4.957321;4.501175
a;94930282332705;-2.4555664;-6.6965637;4.7901764
a;94930302474307;-2.5786896;-7.6026764;4.981888
a;94930322615908;-2.299652;-5.1551056;5.9300995
a;94930342757510;-2.526596;-4.991867;6.7714844
a;94930362899112;-4.2580414;-7.462799;6.409149
a;94930383040713;-6.739975;-10.13028;4.0585785
a;94930403182315;-7.3475494;-10.473602;3.5127716
a;94930423323916;-6.5614777;-9.3134;4.3111725
a;94930443465518;-6.912979;-9.014664;4.92511
a;94930463607119;-7.685089;-8.103058;3.6937256
a;94930483748721;-8.133423;-8.256912;2.3852844
a;94930503890322;-10.430176;-9.673294;-0.829834
a;94930524031924;-10.089355;-10.283432;-2.1017609
a;94930544173526;-9.044144;-9.668472;-2.2778625
a;94930564315127;-9.962021;-8.7456665;-2.0453186
a;94930584456729;-11.046509;-8.87059;-2.536438
a;94930604598330;-10.844147;-8.135376;-3.0151367
a;94930624739932;-10.838623;-6.84169;-2.6502533
a;94930644881533;-11.0321045;-5.9566956;-1.4172363
a;94930665023135;-10.961731;-5.522705;-1.1314392
a;94930685164737;-11.058929;-5.029648;-1.490036
a;94930705306338;-10.973907;-4.521042;-1.5836792
a;94930725447940;-10.82637;-3.9850464;-1.4285431
a;94930745589541;-10.604111;-3.3533478;-0.85523987
a;94930765731143;-10.148895;-3.0335388;-0.2638855
a;94930785872744;-9.687012;-2.8091125;-0.45751953
a;94930806014346;-9.693878;-2.8470001;-0.6396179
a;94930826155947;-9.635574;-2.9152222;-0.88645935
a;94930846297549;-9.3689575;-2.9073334;-1.012146
a;94930866439151;-9.2534485;-3.2315063;-0.8413696
a;94930886580752;-9.417389;-3.5091553;-0.72979736
a;94930906722354;-9.768494;-3.3636627;-1.0302429
a;94930926863955;-9.664963;-3.0055542;-1.1612854
a;94930947005557;-9.459213;-2.5968628;-0.99072266
a;94930967147158;-9.28653;-2.4193726;-0.60092163
a;94930987288760;-9.350662;-2.5752106;-0.34100342
a;94931007430362;-9.437805;-2.635971;-0.45350647
a;94931027571963;-9.388916;-2.5767517;-0.70014954
a;94931047713565;-9.490097;-2.5200806;-0.91490173
a;94931067855166;-9.585266;-2.6189423;-0.87527466
a;94931087996768;-9.622421;-2.4645996;-0.51789856
a;94931108138369;-9.286697;-2.3241882;-0.5310974
a;94931128279971;-9.251587;-2.3970184;-0.57925415
a;94931148421572;-9.41362;-2.5059967;-0.61502075
a;94931168563174;-9.533493;-2.6137543;-0.5817871
a;94931188704776;-9.516617;-2.669571;-0.46188354
a;94931208846377;-9.427567;-2.6619415;-0.53970337
a;94931228987979;-9.4357605;-2.4808655;-0.6220093
a;94931249129580;-9.424118;-2.6037598;-0.67388916
a;94931269271182;-9.422653;-2.9216003;-0.8039551
a;94931289412783;-9.364304;-3.1980286;-0.9002991
a;94931309554385;-9.427185;-3.2885437;-0.96784973
a;94931329695987;-9.470612;-3.206192;-1.0019379
a;94931349837588;-9.566757;-3.1161041;-1.0224152
a;94931369979190;-9.676819;-3.103592;-1.0675201
a;94931390120791;-9.650284;-3.0823822;-1.098114
a;94931410262393;-9.620026;-3.1489563;-1.0593567
a;94931430403994;-9.675354;-3.0834503;-1.0353088
a;94931450545596;-9.93837;-2.9444275;-1.0307465
a;94931470687197;-9.979874;-2.732254;-0.9927521
a;94931490828799;-9.788147;-2.706482;-0.9904938
a;94931510970401;-9.900696;-2.8575897;-0.76930237
a;94931531112002;-9.930878;-2.7823944;-0.60321045
a;94931551253604;-9.973465;-2.77034;-0.694046
a;94931571395205;-10.037018;-2.7717743;-0.82754517
a;94931591536807;-10.024551;-2.8330078;-0.94329834
a;94931611678408;-9.96022;-2.6878662;-0.78549194
a;94931631820010;-9.730835;-2.6512604;-0.6749878
a;94931651961612;-9.595215;-2.665924;-0.6999512
a;94931672103213;-9.569351;-2.494995;-0.49246216
a;94931692244815;-9.544235;-2.5720825;-0.6201477
a;94931712386416;-9.592285;-2.5685577;-0.86317444
a;94931732528018;-9.537704;-2.615738;-0.84529114
a;94931752669619;-9.429901;-2.6492004;-0.64707947
a;94931772811221;-9.197098;-2.813202;-0.3315735
a;94931792952822;-9.107178;-3.0640564;-0.26020813
a;94931813094424;-9.015488;-2.9833527;-0.16790771
a;94931833236026;-8.928543;-2.7092285;-0.04460144
a;94931853377627;-8.895782;-2.838272;-0.0077209473
a;94931873519229;-8.959793;-2.6493225;0.06404114
a;94931893660830;-8.82402;-2.7024689;0.061660767
a;94931913802432;-8.792831;-2.7214966;-0.13468933
a;94931933944033;-8.980087;-2.761856;-0.23097229
a;94931954085635;-8.932373;-2.8640442;-0.228302
a;94931974227237;-8.918716;-2.7925568;0.0499115
a;94931994368838;-8.993088;-2.7327576;0.3019867
a;94932014510440;-9.122894;-2.7638245;0.42996216
a;94932034652041;-9.082092;-2.8264313;0.5882721
a;94932054793643;-8.951782;-2.9356232;0.5640564
a;94932074935244;-8.830948;-3.1035004;0.35157776
a;94932095076846;-8.936691;-3.3313599;0.34152222
a;94932115218447;-9.030441;-3.8917084;0.5556946
a;94932135360049;-9.023117;-4.0682526;0.5708313
a;94932155501651;-9.018005;-3.9240723;0.391037
a;94932175643252;-9.02034;-3.8622742;0.29795837
a;94932195784854;-9.13797;-3.7254639;0.25445557
a;94932215926455;-9.095383;-3.4590302;0.1703949
a;94932236068057;-8.879425;-3.2420807;0.081832886
a;94932256209658;-8.714096;-2.9949799;-0.08375549
a;94932276351260;-8.569916;-2.8004456;-0.089263916
a;94932296492862;-8.418625;-2.676239;-0.11143494
a;94932316634463;-8.297012;-2.583435;-0.13394165
a;94932336776065;-8.126678;-2.4492493;-0.20709229
a;94932356917666;-7.9177856;-2.4553223;-0.1515503
a;94932377059268;-7.8627014;-2.5318604;-0.16589355
a;94932397200869;-8.2043915;-2.7048187;0.37454224
a;94932417342471;-9.184631;-3.1587372;0.6746979
a;94932437484072;-9.785431;-3.2602997;0.43510437
a;94932457625674;-9.95253;-2.9134521;0.16143799
a;94932477767276;-9.891678;-2.4860077;-0.2962494
a;94932497908877;-10.304443;-2.1964722;-0.71525574
a;94932518050479;-10.876114;-2.2275696;-1.2104797
a;94932538192080;-10.909958;-2.52034;-1.6557007
a;94932558333682;-10.807526;-2.7408447;-1.7388763
a;94932578475283;-10.714035;-2.753662;-1.6018219
a;94932598616885;-10.471741;-2.6728668;-1.3451538
a;94932618758487;-10.148514;-2.3356628;-1.1719513
a;94932638900088;-9.838745;-2.0504608;-0.97950745
a;94932659041690;-9.725342;-1.9932861;-0.8993988
a;94932679183291;-9.701599;-2.0990448;-0.74679565
a;94932699324893;-9.89827;-2.1283722;-0.75917053
a;94932719466494;-9.929733;-2.2037964;-0.815094
a;94932739608096;-9.996414;-2.2129974;-1.1208954
a;94932759749697;-9.93692;-2.1802063;-1.2450562
a;94932779891299;-9.922958;-2.0762787;-1.1663513
a;94932800032901;-9.832733;-2.0485992;-1.0739899
a;94932820174502;-9.745224;-1.9224243;-0.90397644
a;94932840316104;-9.680695;-1.7431488;-0.78507996
a;94932860457705;-9.612762;-1.6901093;-0.6763916
a;94932880599307;-9.52597;-1.7846222;-0.7341614
a;94932900740908;-9.493973;-1.8699799;-0.7623749
a;94932920882510;-9.472366;-1.899826;-0.70954895
a;94932941024112;-9.454086;-1.8947601;-0.70983887
a;94932961165713;-9.425339;-1.9752197;-0.58732605
a;94932981307315;-9.423218;-1.9740143;-0.5294342
a;94933001448916;-9.44136;-1.9373932;-0.541275
a;94933021590518;-9.513351;-1.9647827;-0.5757599
a;94933041732119;-9.5816345;-1.8749237;-0.47395325
a;94933061873721;-9.56897;-1.9510345;-0.22514343
a;94933082015322;-9.557571;-1.9007568;-0.27679443
a;94933102156924;-9.579834;-1.8657684;-0.5500641
a;94933122298526;-9.557922;-1.8513336;-0.5600128
a;94933142440127;-9.501053;-1.9912872;-0.52871704
a;94933162581729;-9.457397;-2.2334747;-0.5118866
a;94933182723330;-9.337479;-2.3603973;-0.5112457
a;94933202864932;-9.236771;-2.4140625;-0.47517395
a;94933223006533;-9.219345;-2.335373;-0.43452454
a;94933243148135;-9.314377;-2.2832642;-0.36413574
a;94933263289737;-9.366684;-2.2266235;-0.3563385
a;94933283431338;-9.537216;-2.07576;-0.36019897
a;94933303572940;-9.624832;-2.1589966;-0.43577576
a;94933323714541;-9.746094;-2.266037;-0.40242004
a;94933343856143;-9.823181;-2.2625885;-0.40315247
a;94933363997744;-9.804611;-2.29187;-0.5073242
a;94933384139346;-9.743118;-2.341751;-0.5679321
a;94933404280947;-9.707077;-2.3811646;-0.6070099
a;94933424422549;-9.648605;-2.338745;-0.534317
a;94933444564151;-9.52829;-2.2882233;-0.32032776
a;94933464705752;-9.526947;-2.1897278;-0.35479736
a;94933484847354;-9.518036;-1.9852448;-0.41362
a;94933504988955;-9.588669;-1.8908844;-0.5084686
a;94933525130557;-9.566605;-2.0040283;-0.52597046
a;94933545272158;-9.536819;-2.149292;-0.55766296
a;94933565413760;-9.488205;-2.1728363;-0.57743835
a;94933585555362;-9.43158;-2.2370758;-0.57141113
a;94933605696963;-9.455002;-2.2297363;-0.5051117
a;94933625838565;-9.54216;-2.2599487;-0.4915619
a;94933645980166;-9.57933;-2.3783264;-0.41723633
a;94933666121768;-9.63887;-2.4276428;-0.37483215
a;94933686263369;-9.705673;-2.3711395;-0.26734924
a;94933706404971;-9.774017;-2.2069702;-0.15213013
a;94933726546572;-9.752075;-2.1432037;-0.18547058
a;94933746688174;-9.718903;-2.2053833;-0.26109314
a;94933766829776;-9.627823;-2.0723724;-0.2702179
a;94933786971377;-9.667999;-2.0490417;-0.3298645
a;94933807112979;-9.601379;-2.0276947;-0.31489563
a;94933827254580;-9.553421;-1.9675903;-0.17536926
a;94933847396182;-9.551987;-1.9474945;-0.16642761
a;94933867537783;-9.58223;-2.0239868;-0.30619812
a;94933887679385;-9.564636;-2.0586853;-0.4249878
a;94933907820987;-9.482422;-2.1774902;-0.37393188
a;94933927962588;-9.560532;-2.5983734;-0.21376038
a;94933948104190;-9.548752;-2.8038483;-0.09613037
a;94933968245791;-9.575165;-2.8048859;-0.013336182
a;94933988387393;-9.852051;-3.1190643;0.11781311
a;94934008528994;-10.138031;-3.582077;0.024475098
a;94934028670596;-10.037964;-3.7066803;-0.171875
a;94934048812197;-9.870163;-3.581253;-0.29031372
a;94934068953799;-9.655716;-3.373886;-0.21466064
a;94934089095401;-9.519653;-3.4641876;0.1222229
a;94934109237002;-9.677551;-3.7203522;0.41215515
a;94934129378604;-9.538696;-3.7237701;0.19496155
a;94934149520205;-9.225342;-3.5482178;-0.07771301
a;94934169661807;-8.976471;-3.4560852;-0.12889099
a;94934189803408;-8.787003;-3.4305115;-0.1519165
a;94934209945010;-8.627182;-3.399994;-0.2534485
a;94934230086612;-8.617279;-3.5553741;-0.243927
a;94934250228213;-8.743057;-3.7344666;-0.21990967
a;94934270369815;-8.806442;-3.8026428;-0.23454285
a;94934290511416;-8.777451;-3.6669312;-0.30293274
a;94934310653018;-8.758942;-3.6163177;-0.27404785
a;94934330794619;-8.795822;-3.5681;0.016601563
a;94934350936221;-8.933502;-3.6645813;0.19735718
a;94934371077822;-9.09552;-3.678711;0.10310364
a;94934391219424;-9.138519;-3.8065796;0.0811615
a;94934411361026;-9.291412;-4.056259;0.45942688
a;94934431502627;-9.624207;-4.8197174;0.87301636
a;94934451644229;-10.266861;-6.4739227;0.62509155
a;94934471785830;-10.802643;-8.0563965;0.7191467
a;94934491927432;-10.976486;-8.453491;1.3005981
a;94934512069033;-10.749817;-7.279297;2.0572205
a;94934532210635;-10.605972;-6.827286;2.1876068
a;94934552352237;-10.456528;-7.893173;2.2381287
a;94934572493838;-10.004608;-7.713135;2.7382202
a;94934592635440;-9.4646;-7.6128235;4.017334
a;94934612777041;-9.358505;-6.5405426;4.656891
a;94934632918643;-9.361099;-6.56398;4.910309
a;94934653060244;-8.943222;-5.726288;5.1615753
a;94934673201846;-8.39209;-5.1742096;5.422943
a;94934693343447;-7.9880524;-4.7323;5.4617615
a;94934713485049;-7.9808044;-5.0256195;6.017227
a;94934733626651;-7.380539;-3.426056;5.2362976
a;94934753768252;-7.2227173;-3.8487854;5.245529
a;94934773909854;-6.5612335;-3.0436249;5.1072845
a;94934794051455;-6.0001373;-1.797821;5.647354
a;94934814193057;-5.698578;-1.2900543;5.86499
a;94934834334658;-5.292206;-1.3253021;5.941208
a;94934854476260;-5.1797943;-1.4672241;5.928833
a;94934874617862;-4.86705;-1.1375122;6.4491425
a;94934894759463;-4.905182;-1.3227386;6.9835052
a;94934914901065;-4.990921;-1.3014984;6.5247803
a;94934935042666;-4.455612;-0.8027344;6.241562
a;94934955184268;-3.9957733;-0.6585083;6.902237
a;94934975325869;-4.064728;-0.6040497;7.6743927
a;94934995467471;-4.04216;-0.32995605;7.8042755
a;94935015609072;-3.6154785;0.042755127;7.679123
a;94935035750674;-3.2814026;-0.12509155;7.591263
a;94935055892276;-3.1236115;-0.4232025;7.495041
a;94935076033877;-3.1907196;-0.4585266;7.735016
a;94935096175479;-3.2214966;-0.03694153;8.028122
a;94935116317080;-3.0195618;0.10423279;8.393845
a;94935136458682;-2.9316406;-0.10891724;8.551819
a;94935156600283;-3.088745;-0.69091797;8.774109
a;94935176741885;-3.4310913;-0.8160858;9.096771
