a;11337976336238;-2.8619232;3.475174;8.585815
a;11337996477840;-2.8542786;3.4920044;8.6458435
a;11338016619441;-3.0466156;3.5796661;8.7916565
a;11338036761043;-2.8896637;3.805664;8.772888
a;11338056902644;-2.7362213;3.82695;8.707001
a;11338077044246;-2.796173;3.4527588;8.544601
a;11338097185847;-2.8393555;3.3770752;8.465637
a;11338117327449;-2.89534;3.2747803;8.392792
a;11338137469051;-2.8978882;3.2740326;8.533051
a;11338157610652;-2.8532867;3.407608;8.79953
a;11338177752254;-2.7089233;3.169876;9.118774
a;11338197893855;-2.9719543;2.8395386;9.393524
a;11338218035457;-3.3628693;2.6973877;9.534531
a;11338238177058;-3.559372;2.56221;9.783966
a;11338258318660;-3.771225;2.2016602;10.530899
a;11338278460261;-4.09848;2.250412;11.271957
a;11338298601863;-4.1101227;2.851883;11.642288
a;11338318743465;-3.5497742;3.1316833;11.010178
a;11338338885066;-3.2450104;2.7796326;9.686859
a;11338359026668;-2.2352142;2.3959656;9.419037
a;11338379168269;-0.87713623;1.9913483;9.564133
a;11338399309871;0.25190735;0.9987335;9.003586
a;11338419451472;1.4948273;-0.41409302;7.8641663
a;11338439593074;2.9408875;-1.5852966;7.3837585
a;11338459734676;4.011841;-1.3306274;7.597534
a;11338479876277;4.4920807;-0.89508057;7.967865
a;11338500017879;4.869034;-1.2965546;8.037827
a;11338520159480;4.7424316;-0.85380554;8.467743
a;11338540301082;3.9914093;-1.1016388;7.7498474
a;11338560442683;2.64534;-2.4842682;7.349884
a;11338580584285;2.033432;-2.8810883;7.215805
a;11338600725886;1.9006042;-2.5993958;8.202545
a;11338620867488;1.8650208;-2.993042;8.927963
a;11338641009090;1.1477661;-3.7124786;9.105942
a;11338661150691;0.61354065;-4.890869;9.422638
a;11338681292293;0.42425537;-5.4022827;9.758652
a;11338701433894;0.19476318;-4.9981537;9.722977
a;11338721575496;0.25779724;-4.1967926;9.506378
a;11338741717097;0.23951721;-3.489212;9.73732
a;11338761858699;0.22419739;-2.9428253;10.264648
a;11338782000301;0.2930298;-2.4088287;10.4832
a;11338802141902;0.34269714;-2.8156128;10.111694
a;11338822283504;0.2761078;-3.0494232;9.960815
a;11338842425105;0.23698425;-3.3391266;10.236847
a;11338862566707;0.2425232;-3.4665527;10.252167
a;11338882708308;0.4537201;-3.2587738;10.225311
a;11338902849910;0.49641418;-3.2198029;9.895065
a;11338922991511;0.5232239;-3.261917;9.572281
a;11338943133113;0.49983215;-3.1772766;9.608704
a;11338963274715;0.41726685;-3.1129913;9.563522
a;11338983416316;0.45999146;-3.1813354;9.518051
a;11339003557918;0.41474915;-3.519989;9.460388
a;11339023699519;0.45098877;-3.467514;9.4249115
a;11339043841121;0.43910217;-2.9304352;9.392654
a;11339063982722;0.34268188;-3.0375366;9.431473
a;11339084124324;0.36026;-3.3494263;9.5186615
a;11339104265926;0.3307495;-3.0930786;9.563385
a;11339124407527;0.39431763;-2.852066;9.781342
a;11339144549129;0.5326538;-2.8872833;9.897125
a;11339164690730;0.30781555;-2.0846252;10.301514
a;11339184832332;0.26055908;-2.2382813;10.58577
a;11339204973933;-0.031585693;-2.662094;10.313858
a;11339225115535;-0.0655365;-2.7758636;9.794815
a;11339245257136;-0.21102905;-2.2820435;9.837173
a;11339265398738;-0.10914612;-2.0635834;10.330627
a;11339285540340;0.13822937;-3.2877197;9.9288025
a;11339305681941;0.25212097;-3.648178;9.743576
a;11339325823543;0.28500366;-3.4094543;9.395447
a;11339345965144;0.38504028;-3.1825714;9.050461
a;11339366106746;0.53186035;-2.8869781;8.927841
a;11339386248347;0.6108246;-2.8267212;9.084
a;11339406389949;0.63516235;-2.8974304;8.923126
a;11339426531551;0.68006897;-2.9879456;8.818619
a;11339446673152;0.7519531;-3.1069794;8.824554
a;11339466814754;0.72817993;-3.2758179;8.947006
a;11339486956355;0.63391113;-3.598404;9.19072
a;11339507097957;0.6909027;-4.254715;9.939468
a;11339527239558;0.18519592;-5.0566254;11.794083
a;11339547381160;-0.12860107;-6.280548;15.021408
a;11339567522761;-0.5328369;-9.714066;18.492905
a;11339587664363;-0.7855835;-14.610245;18.54956
a;11339607805965;4.272461E-4;-16.4747;15.465347
a;11339627947566;1.4451447;-18.032974;11.571152
a;11339648089168;1.5623779;-17.879318;7.3062134
a;11339668230769;1.239212;-13.059372;2.9904327
a;11339688372371;-0.29499817;-5.31514;-1.8808594
a;11339708513972;-1.820404;2.7464752;-4.6102448
a;11339728655574;-1.3779755;10.9266815;-4.5790405
a;11339748797176;-5.137039;17.840973;-2.42659
a;11339768938777;-4.192581;16.459747;-7.160385
a;11339789080379;-4.0085754;18.775513;-6.3881073
a;11339809221980;-5.6332245;18.84909;-1.3018036
a;11339829363582;-11.582733;18.84909;-3.3760376
a;11339849505183;-18.161804;15.189621;-4.813385
a;11339869646785;-17.99643;-2.6406097;-6.9062653
a;11339889788386;-16.378616;-20.126404;-18.418152
a;11339909929988;-3.5652466;-20.150314;-17.445404
a;11339930071590;-11.947235;-20.150314;-15.988113
a;11339950213191;-4.3203278;-20.150314;-17.696228
a;11339970354793;-1.0677795;-20.150314;-6.9101105
a;11339990496394;-2.1716766;-16.62294;-3.664566
a;11340010637996;-4.012619;-5.140259;-5.4791107
a;11340030779597;-12.731232;0.47384644;-12.140045
a;11340050921199;-19.048553;10.266495;-9.870041
a;11340071062801;-13.736069;17.840637;-4.6847687
a;11340091204402;-11.026016;18.84909;-7.671585
a;11340111346004;-9.805466;18.84909;-6.0100555
a;11340131487605;-12.190689;18.84909;-6.8180084
a;11340151629207;-9.837555;18.84909;10.790253
a;11340171770808;-14.5303955;18.84909;8.623184
a;11340191912410;-19.28804;4.5539246;-15.399399
a;11340212054011;-8.063797;-20.150314;-12.460373
a;11340232195613;-14.538376;-20.150314;-16.610886
a;11340252337215;-6.1839447;-20.150314;-19.326157
a;11340272478816;3.4661713;-20.150314;-14.406189
a;11340292620418;4.7550354;-20.150314;-4.1812286
a;11340312762019;1.2436066;-13.604858;-2.207611
a;11340332903621;-8.108276;-5.9943085;-3.0829163
a;11340353045222;-19.480835;7.7598267;-11.715134
a;11340373186824;-19.197403;18.84909;-9.06282
a;11340393328426;-12.653656;18.84909;-6.358078
a;11340413470027;-8.406952;18.84909;-10.001358
a;11340433611629;-6.570801;18.84909;-5.098053
a;11340453753230;-8.030457;18.84909;1.2550659
a;11340473894832;-14.754822;18.84909;-0.30203247
a;11340494036433;-19.480835;18.714783;-6.992798
a;11340514178035;-19.480835;11.015518;-11.553055
a;11340534319636;-19.480835;-1.2013702;-14.800964
a;11340554461238;-19.480835;-17.342072;-17.706665
a;11340574602840;-19.480835;-20.150314;-12.021271
a;11340594744441;-19.480835;-17.412155;-5.3727875
a;11340614886043;-19.480835;-7.2059174;-2.5475311
a;11340635027644;-19.480835;-17.663086;3.3100739
a;11340655169246;-19.094711;-14.549942;4.6002655
a;11340675310847;-16.414505;-12.307465;3.8652496
a;11340695452449;-10.935654;-13.931702;1.5714722
a;11340715594051;-6.2583923;-13.810364;0.6177063
a;11340735735652;-4.2985687;-9.195587;0.8577728
a;11340755877254;-3.276184;-6.9980164;0.022064209
a;11340776018855;-3.1764069;-7.1441345;-0.770813
a;11340796160457;-3.5539093;-5.6615753;-1.5772247
a;11340816302058;-4.842407;-4.6385956;-1.7297058
a;11340836443660;-6.599106;-3.6808167;-1.587326
a;11340856585261;-8.362579;-2.6037598;-1.537384
a;11340876726863;-10.011444;-2.1772614;-1.4979553
a;11340896868465;-10.443008;-2.4807892;-1.3569489
a;11340917010066;-10.778915;-3.1149902;-1.7220001
a;11340937151668;-11.048065;-3.833191;-2.1033936
a;11340957293269;-10.920975;-4.086075;-1.7572784
a;11340977434871;-10.704025;-3.7322845;-1.3316956
a;11340997576472;-11.061188;-3.496811;-1.2233887
a;11341017718074;-11.738098;-2.943451;-1.776413
a;11341037859676;-12.269836;-1.7907562;-2.335312
a;11341058001277;-12.526047;-2.2434082;-2.0328674
a;11341078142879;-12.642853;-2.1445007;-1.6019897
a;11341098284480;-12.70256;-1.7069855;-1.684433
a;11341118426082;-12.181503;-1.3108368;-2.0025787
a;11341138567683;-11.235519;-1.119873;-2.284851
a;11341158709285;-10.566208;-1.6961365;-2.1066742
a;11341178850886;-9.842148;-2.2539368;-1.6097717
a;11341198992488;-9.500229;-2.75029;-1.3037262
a;11341219134090;-9.532288;-3.0220947;-1.274231
a;11341239275691;-9.609467;-2.797409;-1.2804565
a;11341259417293;-9.876129;-2.7465515;-1.2820892
a;11341279558894;-10.177521;-3.2332153;-1.2357025
a;11341299700496;-10.386902;-3.7370605;-0.98973083
a;11341319842097;-10.313156;-4.0523376;-1.0597839
a;11341339983699;-9.935883;-4.039688;-1.1718597
a;11341360125301;-9.408447;-4.136322;-1.2495117
a;11341380266902;-8.9722595;-4.4314423;-1.1331329
a;11341400408504;-8.584244;-5.501129;-0.8627777
a;11341420550105;-8.056824;-7.0538177;-0.16070557
a;11341440691707;-7.8094025;-7.8282776;0.17849731
a;11341460833308;-7.462799;-7.6455994;0.5934143
a;11341480974910;-6.928726;-8.028412;0.98417664
a;11341501116511;-6.8205566;-7.980835;0.59965515
a;11341521258113;-6.6520996;-7.6606445;0.4281006
a;11341541399715;-6.0197906;-7.515732;0.5187683
a;11341561541316;-5.924057;-7.4913025;0.13809204
a;11341581682918;-5.715805;-6.7713776;-0.06600952
a;11341601824519;-5.5674744;-6.6493073;-0.47598267
a;11341621966121;-5.576416;-6.897995;-1.0688019
a;11341642107722;-5.4168243;-6.6792145;-1.2667236
a;11341662249324;-5.2782288;-6.2330627;-1.5653076
a;11341682390926;-5.079239;-6.0644684;-2.1232758
a;11341702532527;-5.1515503;-6.334381;-2.8714447
a;11341722674129;-5.275406;-5.874649;-2.7682495
a;11341742815730;-5.189682;-5.6393585;-2.625061
a;11341762957332;-5.52919;-5.532318;-2.491043
a;11341783098933;-6.0963593;-5.6585846;-2.0914001
a;11341803240535;-6.5694427;-6.149521;-1.7852936
a;11341823382136;-7.202133;-6.265915;-1.4874725
a;11341843523738;-7.5121;-5.6161957;-0.6951752
a;11341863665340;-7.3848877;-5.2204437;0.061904907
a;11341883806941;-8.130844;-5.433243;0.51364136
a;11341903948543;-8.774231;-5.3345184;0.8371582
a;11341924090144;-9.315689;-4.910202;1.0084229
a;11341944231746;-9.552887;-4.934128;1.7468262
a;11341964373347;-9.63002;-5.07045;2.353424
a;11341984514949;-9.798706;-5.3551025;2.6256866
a;11342004656551;-10.448227;-5.215988;2.313736
a;11342024798152;-10.939682;-5.279846;2.6568756
a;11342044939754;-11.095978;-4.4739685;3.5052185
a;11342065081355;-10.614288;-3.1632233;4.5552063
a;11342085222957;-10.392685;-3.4791107;5.7849426
a;11342105364558;-10.225342;-3.5396576;6.3917084
a;11342125506160;-10.458817;-3.52536;6.228897
a;11342145647761;-10.135971;-3.3832397;6.074005
a;11342165789363;-9.471817;-4.059387;5.813843
a;11342185930965;-8.726517;-4.6924133;5.9315643
a;11342206072566;-8.302719;-4.4812927;6.594925
a;11342226214168;-9.72435;-3.5428772;5.9067383
a;11342246355769;-10.524979;-2.2042084;6.0420685
a;11342266497371;-10.60434;-2.6575928;7.3620453
a;11342286638972;-10.672241;-5.7912445;5.7625427
a;11342306780574;-10.873566;-4.3649445;5.9049225
a;11342326922176;-10.499176;-3.1765594;6.3006897
a;11342347063777;-11.685364;-1.4454193;4.9806213
a;11342367205379;-12.27356;-2.886917;5.8125153
a;11342387346980;-12.337677;-4.3868256;6.441223
a;11342407488582;-12.276428;-4.406067;6.024811
a;11342427630183;-12.761429;-6.2586517;4.8875427
a;11342447771785;-12.99144;-7.3630066;4.461197
a;11342467913386;-12.858093;-7.5191956;3.5813599
a;11342488054988;-12.221985;-7.902588;3.3039093
a;11342508196590;-11.207153;-7.8836975;3.9282227
a;11342528338191;-10.239517;-7.177887;4.216873
a;11342548479793;-9.157883;-6.9801483;2.9929962
a;11342568621394;-8.446274;-7.5983887;2.9936829
a;11342588762996;-7.2961884;-7.9901886;3.3305054
a;11342608904597;-5.9670105;-7.7369537;3.4867249
a;11342629046199;-5.014908;-7.8325806;2.900238
a;11342649187801;-4.508499;-7.293045;2.1490326
a;11342669329402;-3.937912;-7.308365;1.9980927
a;11342689471004;-3.8325653;-8.6874695;1.6989136
a;11342709612605;-3.2743683;-7.763077;2.0674133
a;11342729754207;-2.666916;-7.2875824;2.129959
a;11342749895808;-2.466751;-7.5206146;2.2073517
a;11342770037410;-2.4923248;-8.164383;2.6501617
a;11342790179011;-2.2951355;-7.897934;3.0718079
a;11342810320613;-2.1355743;-7.457962;3.6173859
a;11342830462215;-2.204895;-7.286499;3.767746
a;11342850603816;-2.0417328;-7.093796;3.7298431
a;11342870745418;-1.938034;-7.2466583;3.563095
a;11342890887019;-1.8516846;-7.6438293;3.5854645
a;11342911028621;-1.6650848;-7.58963;3.5037537
a;11342931170222;-1.3614655;-7.570343;2.9836578
a;11342951311824;-1.1121826;-8.263824;2.7081451
a;11342971453426;-0.7455902;-8.877243;3.0933075
a;11342991595027;-0.37228394;-8.808884;3.8058624
a;11343011736629;0.024658203;-9.391769;3.4838562
a;11343031878230;-0.3293152;-9.95755;3.1198578
a;11343052019832;0.115753174;-9.278839;3.4576874
a;11343072161433;0.19091797;-9.860138;3.5290985
a;11343092303035;0.3516388;-9.946915;3.4673767
a;11343112444636;0.044692993;-9.590363;3.2698517
a;11343132586238;-0.028579712;-9.353668;3.803009
a;11343152727840;-0.11930847;-9.711868;4.0740967
a;11343172869441;0.0284729;-9.64296;4.1724854
a;11343193011043;0.24395752;-9.755981;4.1733246
a;11343213152644;-0.029785156;-9.820145;4.0676117
a;11343233294246;0.0647583;-9.619644;4.219223
a;11343253435847;-0.10961914;-9.844727;3.9866333
a;11343273577449;-0.17314148;-10.13855;3.9096832
a;11343293719051;-0.1839447;-10.311737;3.8719482
a;11343313860652;-0.15118408;-10.464233;3.7569275
a;11343334002254;-0.13639832;-10.292206;3.611847
a;11343354143855;-0.19364929;-9.867889;3.6415253
a;11343374285457;-0.15466309;-9.600815;3.711563
a;11343394427058;-0.18917847;-9.859695;3.7788239
a;11343414568660;-0.06123352;-9.946777;3.2324066
a;11343434710261;0.20471191;-10.098236;3.6306915
a;11343454851863;-0.07723999;-10.8629;4.2193604
a;11343474993465;-0.30885315;-11.696899;4.8878784
a;11343495135066;-0.15240479;-11.4534;4.847824
a;11343515276668;-0.012008667;-10.986771;4.6122894
a;11343535418269;0.3394165;-11.43544;4.6885376
a;11343555559871;0.50431824;-11.464508;4.397766
a;11343575701472;0.79599;-11.54628;4.1513214
a;11343595843074;0.9688873;-11.624542;4.0309296
a;11343615984676;0.98825073;-11.517349;4.4022675
a;11343636126277;1.1824646;-11.787445;3.7261505
a;11343656267879;1.760849;-11.855591;4.521515
a;11343676409480;1.9008179;-11.462204;5.122116
a;11343696551082;0.81199646;-11.471207;6.0484314
a;11343716692683;0.30345154;-11.049225;6.721878
a;11343736834285;0.028823853;-10.559189;6.7600403
a;11343756975886;-0.27049255;-9.100357;6.4226837
a;11343777117488;-0.11038208;-7.7102203;5.505127
a;11343797259090;-0.39007568;-7.1132507;5.266754
a;11343817400691;-0.9121704;-6.5816956;6.5677032
a;11343837542293;-1.1837006;-6.519806;7.9342346
a;11343857683894;-1.2851715;-6.8819885;8.714523
a;11343877825496;-1.1372833;-6.64563;8.439972
a;11343897967097;-0.90049744;-5.2762756;8.4600525
a;11343918108699;-1.1762543;-3.562317;8.74678
a;11343938250301;-1.589386;-3.1489563;9.141281
a;11343958391902;-1.8691254;-3.1773987;9.237991
a;11343978533504;-1.9863129;-3.2910004;9.074722
a;11343998675105;-1.9674988;-3.069687;8.771011
a;11344018816707;-2.1299744;-2.0567322;8.686905
a;11344038958308;-2.2338104;-0.95843506;8.434647
a;11344059099910;-2.078827;-0.7059784;8.576096
a;11344079241511;-2.2059326;-1.0981598;8.64827
a;11344099383113;-2.1708984;-1.3600159;8.423859
a;11344119524715;-2.122635;-0.8834686;8.40506
a;11344139666316;-2.0868378;-0.36473083;8.274857
a;11344159807918;-1.9864044;0.0069122314;8.119263
a;11344179949519;-1.8209839;0.6232605;8.157028
a;11344200091121;-1.8123474;0.63179016;8.328552
a;11344220232722;-1.979187;0.801651;8.510941
a;11344240374324;-2.1178284;1.1134033;8.441345
a;11344260515926;-1.9236145;1.4321289;8.240204
a;11344280657527;-2.6849976;1.4648895;7.8062286
a;11344300799129;-2.1822968;1.3315582;8.63118
a;11344320940730;-2.693924;1.3262329;8.600906
a;11344341082332;-2.8030396;1.0404205;8.463226
a;11344361223933;-2.714798;1.3586426;8.630341
a;11344381365535;-2.8647614;1.9158325;8.644028
a;11344401507136;-2.9411469;1.9927673;8.540939
a;11344421648738;-2.898941;1.7294464;8.644333
a;11344441790340;-2.8475494;1.5085297;8.982925
a;11344461931941;-2.8419647;1.5633545;9.005692
a;11344482073543;-2.8710938;1.6108093;8.827042
a;11344502215144;-2.9088898;1.7782135;8.727249
a;11344522356746;-2.9826965;1.8710938;8.767441
a;11344542498347;-3.031128;1.5752563;8.920456
a;11344562639949;-3.0365753;1.4394073;8.760208
a;11344582781551;-3.0114594;1.5469818;8.7155
a;11344602923152;-3.063675;1.8478394;8.96933
a;11344623064754;-2.984909;2.2072754;9.184189
a;11344643206355;-3.150406;2.1967163;8.997238
a;11344663347957;-3.272583;1.9362488;8.954071
a;11344683489558;-3.1515656;1.6651917;8.935562
a;11344703631160;-3.1285095;1.6018677;8.952499
a;11344723772761;-3.143692;1.6068115;9.043488
a;11344743914363;-3.1655426;1.7608185;9.094894
a;11344764055965;-3.0796509;1.9683685;9.142975
a;11344784197566;-3.1025696;2.022766;9.074738
a;11344804339168;-3.0118408;1.9601898;9.129379
