a;13241183034680;-0.46749878;-0.95739746;10.175751
a;13241203176282;-0.38745117;-1.1105804;10.090775
a;13241223317883;-0.2659912;-1.1252747;10.065964
a;13241243459485;-0.14208984;-1.0117798;10.124313
a;13241263601086;-0.27093506;-0.9868622;10.05835
a;13241283742688;-0.23754883;-0.93156433;9.973297
a;13241303884289;-0.2394867;-0.9200134;9.704605
a;13241324025891;-0.24464417;-0.9023895;9.702484
a;13241344167493;-0.28625488;-0.94873047;9.778793
a;13241364309094;-0.22538757;-0.94651794;9.716888
a;13241384450696;-0.1723938;-0.8993988;9.635544
a;13241404592297;-0.23017883;-0.9827118;9.630386
a;13241424733899;-0.19526672;-1.0513153;9.6010895
a;13241444875500;-0.36740112;-1.2814789;9.542984
a;13241465017102;-0.44285583;-1.1475677;9.392273
a;13241485158704;-0.9801636;-0.64793396;9.1154785
a;13241505300305;-2.855545;0.31788635;9.575226
a;13241525441907;-3.212265;0.9946594;8.627594
a;13241545583508;-1.084259;-0.9663086;7.694275
a;13241565725110;-1.5865784;-0.79499817;7.2126923
a;13241585866711;-2.5994873;-0.77523804;6.6425323
a;13241606008313;-2.6241302;-0.812088;6.1374664
a;13241626149914;-2.2107391;-0.7285614;5.988617
a;13241646291516;-2.3205566;-1.2207336;6.2032623
a;13241666433118;-3.178421;-3.3653107;6.6702576
a;13241686574719;-3.5557556;-4.8203125;6.502365
a;13241706716321;-3.3769379;-4.5576324;6.6567993
a;13241726857922;-3.1894836;-4.2290497;6.7253265
a;13241746999524;-3.4365845;-4.355301;6.5391235
a;13241767141125;-4.4170685;-5.792206;6.454254
a;13241787282727;-5.0429077;-7.206314;6.109131
a;13241807424329;-5.6776733;-7.320572;5.429474
a;13241827565930;-6.303467;-6.7641907;4.2134247
a;13241847707532;-6.4696655;-6.899002;3.3556976
a;13241867849133;-7.345627;-7.4528046;2.6319885
a;13241887990735;-8.293808;-7.638687;1.8125153
a;13241908132336;-9.100067;-7.688736;1.0462799
a;13241928273938;-9.574814;-7.993225;0.1179657
a;13241948415539;-10.099884;-8.43364;-0.19284058
a;13241968557141;-11.3402405;-8.341934;-0.60595703
a;13241988698743;-11.600372;-8.699341;-0.49960327
a;13242008840344;-11.750214;-8.956497;0.20333862
a;13242028981946;-11.659988;-8.704712;0.6507263
a;13242049123547;-11.276001;-7.8011475;0.7904663
a;13242069265149;-10.821884;-6.831314;0.921463
a;13242089406750;-10.482803;-5.9845123;1.0298157
a;13242109548352;-10.166794;-5.2385254;1.0670929
a;13242129689954;-9.968063;-4.55542;1.0549011
a;13242149831555;-10.02916;-4.0263824;0.9381714
a;13242169973157;-9.9518585;-3.7005615;0.6727905
a;13242190114758;-9.515839;-3.2521057;0.9667053
a;13242210256360;-8.967285;-2.5720367;1.6103516
a;13242230397961;-8.647858;-2.8327484;1.68927
a;13242250539563;-8.62413;-3.5430603;1.3160858
a;13242270681164;-8.554443;-4.0411224;1.0231018
a;13242290822766;-8.408447;-4.2733307;0.89720154
a;13242310964368;-8.425308;-4.129944;0.8586426
a;13242331105969;-8.582733;-3.8453827;0.7368927
a;13242351247571;-8.729294;-3.632782;0.6269226
a;13242371389172;-8.9796295;-3.2969666;0.7069397
a;13242391530774;-9.281967;-3.121872;0.9516144
a;13242411657030;-9.459869;-3.1103973;1.1318665
a;13242431798632;-9.505569;-3.1868896;1.0895844
a;13242451940234;-9.472687;-3.4343567;0.96788025
a;13242472081835;-9.413727;-3.6212158;0.9609375
a;13242492223437;-9.137436;-3.58284;1.0922852
a;13242512365038;-8.9526825;-3.6317596;1.0691528
a;13242532506640;-9.192139;-3.6807709;0.84103394
a;13242552648241;-9.470963;-3.7088623;0.6461029
a;13242572789843;-9.386139;-3.655182;0.66838074
a;13242592931444;-9.217773;-3.5756989;0.72306824
a;13242613073046;-9.232315;-3.4654083;0.74276733
a;13242633214648;-9.330444;-3.3546295;0.63993835
a;13242653356249;-9.420761;-3.2742767;0.670105
a;13242673497851;-9.366913;-3.1576996;0.73809814
a;13242693639452;-9.2647705;-3.0595093;0.8802185
a;13242713781054;-9.213257;-3.0099945;0.9532623
a;13242733922655;-9.265717;-3.0290985;0.9268646
a;13242754064257;-9.266876;-3.0291138;1.0074463
a;13242774205859;-9.265488;-2.9657593;1.1308594
a;13242794347460;-9.305771;-2.9978638;1.1528625
a;13242814489062;-9.429031;-3.2351532;0.9776306
a;13242834630663;-9.395493;-3.449997;0.82724
a;13242854772265;-9.259415;-3.592926;0.71624756
a;13242874913866;-9.149933;-3.6573029;0.68711853
a;13242895055468;-9.1910095;-3.6518097;0.65875244
a;13242915197069;-9.259918;-3.6444244;0.7298889
a;13242935338671;-9.25264;-3.6086426;0.8275757
a;13242955480273;-9.165207;-3.5575104;0.8376465
a;13242975621874;-9.155075;-3.4917755;0.93814087
a;13242995763476;-9.146057;-3.4947815;1.0101776
a;13243015905077;-9.198364;-3.5544891;1.0248871
a;13243036046679;-9.276016;-3.5963745;1.0140991
a;13243056188280;-9.311661;-3.5800323;1.000534
a;13243076329882;-9.2655945;-3.644165;0.93911743
a;13243096471484;-9.255783;-3.655838;0.961792
a;13243116613085;-9.27536;-3.6664276;0.98335266
a;13243136754687;-9.249268;-3.6434631;0.96832275
a;13243156896288;-9.216827;-3.6562195;0.9569092
a;13243177037890;-9.187927;-3.683548;0.9472809
a;13243197179491;-9.187744;-3.6964722;0.92601013
a;13243217321093;-9.188049;-3.7085114;0.8644562
a;13243237462694;-9.248245;-3.698227;0.8517914
a;13243257604296;-9.27742;-3.7178345;0.8911896
a;13243277745898;-9.214111;-3.6947327;0.9088898
a;13243297887499;-9.195084;-3.6417236;0.94337463
a;13243318029101;-9.23201;-3.5991821;0.8920746
a;13243338170702;-9.268814;-3.5419006;0.8955078
a;13243358312304;-9.276184;-3.5441895;0.90016174
a;13243378453905;-9.215164;-3.5563202;0.90411377
a;13243398595507;-9.203354;-3.5793;0.8555145
a;13243418737109;-9.2341;-3.5428314;0.838089
a;13243438878710;-9.2378845;-3.5238037;0.84432983
a;13243459020312;-9.186569;-3.5119934;0.83306885
a;13243479161913;-9.209549;-3.5443573;0.82263184
a;13243499303515;-9.28595;-3.579483;0.84742737
a;13243519445116;-9.204926;-3.5265656;0.8603821
a;13243539586718;-9.243164;-3.496994;0.9009857
a;13243559728319;-9.308517;-3.567337;0.8800354
a;13243579869921;-9.280472;-3.6214294;0.9099579
a;13243600011523;-9.223862;-3.6267548;0.9381714
a;13243620153124;-9.238052;-3.6617432;0.9480438
a;13243640294726;-9.207565;-3.6986542;0.90856934
a;13243660436327;-9.18718;-3.7214508;0.8989868
a;13243680577929;-9.177734;-3.688736;0.88908386
a;13243700719530;-9.171326;-3.6962738;0.917984
a;13243720861132;-9.16745;-3.688324;0.93904114
a;13243741002734;-9.197983;-3.6735687;0.92710876
a;13243761144335;-9.190994;-3.6561737;0.8864746
a;13243781285937;-9.168045;-3.6386871;0.8967743
a;13243801427538;-9.1857605;-3.6308746;0.8695526
a;13243821569140;-9.209198;-3.620453;0.9193573
a;13243841710741;-9.275299;-3.630371;0.9277191
a;13243861852343;-9.266327;-3.6361694;0.9508972
a;13243881993944;-9.183929;-3.6201172;0.94244385
a;13243902135546;-9.177475;-3.6601715;0.9194641
a;13243922277148;-9.2388;-3.6552582;0.9084015
a;13243942418749;-9.217499;-3.6638641;0.85983276
a;13243962560351;-9.223297;-3.6762238;0.9215851
a;13243982701952;-9.284653;-3.7094269;0.8915863
a;13244002843554;-9.217163;-3.6832733;0.8944855
a;13244022985155;-9.17804;-3.703003;0.97517395
a;13244043126757;-9.258774;-3.680252;1.0095062
a;13244063268359;-9.218613;-3.7049408;1.0002747
a;13244083409960;-9.143387;-3.6731415;0.96377563
a;13244103551562;-9.164337;-3.6613464;0.90489197
a;13244123693163;-9.203461;-3.672989;0.8939209
a;13244143834765;-9.199265;-3.6920013;0.8999634
a;13244163976366;-9.209686;-3.6362762;0.9024658
a;13244184117968;-9.182449;-3.6425934;0.88412476
a;13244204259569;-9.194489;-3.6665192;0.9128723
a;13244224401171;-9.213699;-3.6594849;0.8959198
a;13244244542773;-9.173065;-3.644989;0.9358673
a;13244264684374;-9.209045;-3.610611;0.91259766
a;13244284825976;-9.238922;-3.6488342;0.9417114
a;13244304967577;-9.191818;-3.6436462;0.9424591
a;13244325109179;-9.197144;-3.6415253;0.9686737
a;13244345250780;-9.210587;-3.6434326;0.97047424
a;13244365392382;-9.213928;-3.6784363;0.9494171
a;13244385533984;-9.207993;-3.6819;0.96118164
a;13244405675585;-9.194534;-3.6658936;0.9578705
a;13244425817187;-9.180405;-3.6490936;0.9483032
a;13244445958788;-9.176834;-3.6939392;0.9649658
a;13244466100390;-9.186401;-3.719635;0.96554565
a;13244486241991;-9.197235;-3.7329254;0.9799652
a;13244506383593;-9.193314;-3.7446594;0.9680786
a;13244526525194;-9.195129;-3.714096;0.96614075
a;13244546666796;-9.197296;-3.7153015;0.9345856
a;13244566808398;-9.191513;-3.7111664;0.9598541
a;13244586949999;-9.1723175;-3.6699066;0.97410583
a;13244607091601;-9.199112;-3.682785;0.9676819
a;13244627233202;-9.239304;-3.6485596;0.99897766
a;13244647374804;-9.22937;-3.6424408;0.9565735
a;13244667516405;-9.235138;-3.6749268;0.91049194
a;13244687658007;-9.233765;-3.6968842;0.91981506
a;13244707799609;-9.184601;-3.666565;0.9782715
a;13244727941210;-9.104965;-3.6454773;0.9785156
a;13244748082812;-9.155075;-3.640274;0.96273804
a;13244768224413;-9.246323;-3.6883698;0.93704224
a;13244788366015;-9.208008;-3.6806946;0.9498596
a;13244808507616;-9.201736;-3.6721344;0.921051
a;13244828649218;-9.257278;-3.690384;0.8652954
a;13244848790819;-9.22081;-3.6758118;0.8890228
a;13244868932421;-9.143784;-3.6188812;0.9174652
a;13244889074023;-9.139023;-3.5962372;0.9428406
a;13244909215624;-9.173996;-3.6087189;0.9639282
a;13244929357226;-9.210587;-3.5957642;0.98498535
a;13244949498827;-9.251999;-3.6147156;0.946579
a;13244969640429;-9.225433;-3.656372;0.96865845
a;13244989782030;-9.220337;-3.6761627;0.9229431
a;13245009923632;-9.219696;-3.6688538;0.9645691
a;13245030065234;-9.193237;-3.6444397;0.9855957
a;13245050206835;-9.171921;-3.6680145;0.963501
a;13245070348437;-9.134903;-3.6829681;0.92930603
a;13245090490038;-9.188599;-3.6980896;0.9450989
a;13245110631640;-9.23967;-3.70253;0.9532318
a;13245130773241;-9.200439;-3.7067566;0.9758148
a;13245150914843;-9.162735;-3.686081;0.99053955
a;13245171056444;-9.171112;-3.6850128;1.0037537
a;13245191198046;-9.236282;-3.6453705;0.9596405
a;13245211339648;-9.22998;-3.6681519;0.9660492
a;13245231481249;-9.183533;-3.6648407;0.96221924
a;13245251622851;-9.21489;-3.67099;0.9645996
a;13245271764452;-9.230179;-3.6644745;0.9568329
a;13245291906054;-9.229584;-3.607193;0.9532623
a;13245312047655;-9.190918;-3.6015015;0.9597168
a;13245332189257;-9.180969;-3.6093292;0.95932007
a;13245352330859;-9.166214;-3.6938019;0.93608093
a;13245372472460;-9.163147;-3.676117;0.8789978
a;13245392614062;-9.183121;-3.651535;0.98457336
a;13245412755663;-9.186447;-3.712967;0.96733093
a;13245432897265;-9.165878;-3.7201385;0.9377899
a;13245453038866;-9.124344;-3.6902008;0.97776794
a;13245473180468;-9.158569;-3.6674347;1.0072479
a;13245493322069;-9.096497;-3.668106;0.9712982
a;13245513463671;-9.06955;-3.5696564;0.8525543
a;13245533605273;-9.235626;-3.4958038;0.97488403
a;13245553746874;-9.330505;-3.6209564;1.0486908
a;13245573888476;-9.090363;-3.7784576;1.161789
a;13245594030077;-9.047195;-3.223053;1.3165741
a;13245614171679;-8.966919;-2.9705353;1.0223083
a;13245634313280;-8.77478;-2.9456787;0.88316345
a;13245654454882;-8.688156;-3.422104;0.93782043
a;13245674596484;-8.926743;-4.448044;1.0589294
a;13245694738085;-9.357986;-4.4143677;0.978714
a;13245714879687;-10.837753;-3.646164;2.4326324
a;13245735021288;-12.956711;-5.2326355;4.5455627
a;13245755162890;-13.004883;-8.550507;4.387558
a;13245775304491;-16.041199;-12.438782;4.3107758
a;13245795446093;-19.028015;-15.505295;7.977844
a;13245810552294;-19.480835;-19.783524;8.315735
a;13245830693896;-19.480835;-20.150314;4.310837
a;13245850835497;-19.480835;-19.820633;6.694931
a;13245870977099;-18.453522;-15.769531;6.4477844
a;13245891118700;-13.043671;-10.285233;2.873581
a;13245911260302;-10.450607;-4.252243;-0.75209045
a;13245931401903;-9.244156;0.8740082;-3.6888428
a;13245951543505;-8.689331;9.831085;-8.066467
a;13245971685107;-7.914917;18.84909;-15.124832
a;13245991826708;-0.6770935;18.84909;-17.920258
a;13246011968310;2.805191;18.84909;-9.607956
a;13246032109911;-1.8196259;18.831024;-3.278717
a;13246052251513;-3.0619507;15.926514;-3.8579712
a;13246072393114;-7.179535;6.329422;-5.595001
a;13246092534716;-14.242142;-14.440811;13.086929
a;13246112676318;-19.480835;-20.150314;6.0930634
a;13246132817919;-18.676117;-20.150314;7.988037
a;13246152959521;-11.955826;-20.150314;10.64241
a;13246173101122;-9.564346;-18.279633;5.040024
a;13246193242724;-9.318008;-5.216614;-0.03337097
a;13246213384325;-10.646576;4.3154144;-6.9649506
a;13246233525927;-11.196075;15.589172;-16.922836
a;13246253667528;-6.7810516;18.84909;-19.080124
a;13246273809130;-1.2938385;18.84909;-15.551544
a;13246293950732;-3.7830048;18.84909;-7.358307
a;13246314092333;-8.702637;16.832214;-6.7642975
a;13246334233935;-11.613892;-4.373871;7.9823914
a;13246354375536;-14.511673;-20.075333;5.1385803
a;13246374517138;-15.26651;-20.150314;-0.63531494
a;13246394658739;-7.1324615;-20.150314;12.20874
a;13246414800341;-7.4862823;-19.187073;4.8373566
a;13246434941943;-12.93692;-3.4681854;-4.4733276
a;13246455083544;-18.044586;9.480591;-11.508606
a;13246475225146;-12.224533;18.737686;-19.220413
a;13246495366747;-2.599884;18.84909;-19.326157
a;13246515508349;-5.7050934;18.84909;-15.20752
a;13246535649950;-7.3523407;18.068314;-7.5892334
a;13246555791552;-12.824051;2.6553955;0.37513733
a;13246575933153;-12.478683;-19.201874;11.381012
a;13246596074755;-12.386276;-20.150314;3.2153473
a;13246616216357;-3.9741669;-20.150314;19.607224
a;13246636357958;-3.048584;-20.111725;12.617737
a;13246656499560;-7.9309387;-8.730545;-0.31991577
a;13246676641161;-18.703903;5.318924;-11.452972
a;13246696782763;-14.034058;18.726456;-19.251175
a;13246716924364;-1.9204407;18.84909;-19.326157
a;13246737065966;-5.343628;18.84909;-14.804428
a;13246757207568;-7.839691;18.118439;-7.630493
a;13246777349169;-10.896988;6.8689117;-2.5388336
a;13246797490771;-11.2899475;-13.733078;5.7819824
a;13246817632372;-13.846542;-20.150314;-1.1010742
a;13246837773974;-3.4838562;-20.150314;13.354431
a;13246857915575;-2.437149;-20.150314;14.855469
a;13246878057177;-5.4582214;-16.300903;3.0274658
a;13246898198778;-14.32312;-0.12142944;-7.137253
a;13246918340380;-16.143356;15.397949;-15.097458
a;13246938481982;-3.895462;18.84909;-19.326157
a;13246958623583;-5.0373535;18.84909;-17.963638
a;13246978765185;-6.8511505;18.84909;-9.413956
a;13246998906786;-12.963333;14.696259;-10.154129
a;13247019048388;-14.470825;-0.9475708;-3.1339264
a;13247039189989;-13.849564;-18.237152;1.281784
a;13247059331591;-16.859146;-20.150314;-6.863983
a;13247079473193;-13.040878;-20.150314;3.1399841
a;13247099614794;-12.590668;-20.066986;8.005127
a;13247119756396;-11.838089;-15.1766205;7.306381
a;13247139897997;-9.426285;-9.829926;7.4928894
a;13247160039599;-8.7117;-8.152374;5.844101
a;13247180181200;-9.392944;-7.2595825;3.7551727
a;13247200322802;-10.641586;-6.528244;2.4696655
a;13247220464403;-12.582184;-6.4533997;0.47375488
a;13247240606005;-14.156677;-7.2003937;-1.8374176
a;13247260747607;-14.178299;-8.060638;-2.7711334
a;13247280889208;-12.683151;-8.182907;-1.9919739
a;13247301030810;-11.552139;-7.473648;-1.2750244
a;13247321172411;-11.085815;-5.4539185;-1.122467
a;13247341314013;-10.66861;-3.8924255;-0.43507385
a;13247361455614;-10.178436;-3.4559326;0.31530762
a;13247381597216;-10.00798;-3.26474;0.6546936
a;13247401738818;-9.957443;-2.8813934;0.98828125
a;13247421880419;-9.555893;-2.6603088;1.4788818
a;13247442022021;-8.917023;-2.8376465;1.8428345
a;13247462163622;-8.211105;-3.2154694;1.6768036
a;13247482305224;-7.566925;-3.5171814;1.4399872
a;13247502446825;-7.1539154;-3.6833649;1.3992157
a;13247522588427;-7.2051544;-3.8929443;1.4164734
a;13247542730028;-7.656601;-4.0079193;1.245224
a;13247562871630;-8.234268;-4.1161957;1.0861359
a;13247583013232;-8.774445;-4.277542;0.98475647
a;13247603154833;-9.303482;-4.3558655;0.93644714
a;13247623296435;-9.600006;-4.3801117;1.0035858
a;13247643438036;-9.820068;-4.3304443;1.013504
a;13247663579638;-10.032791;-4.257187;0.8756561
a;13247683721239;-10.133865;-4.154419;0.67030334
a;13247703862841;-10.066452;-4.005722;0.5606384
a;13247724004443;-9.923721;-3.8386078;0.513504
a;13247744146044;-9.8754425;-3.7167969;0.65940857
a;13247764287646;-9.677139;-3.6712341;0.74160767
a;13247784429247;-9.369797;-3.6449738;0.79956055
a;13247804570849;-9.06633;-3.630783;0.8411865
a;13247824712450;-8.913895;-3.6268158;0.81463623
a;13247844854052;-8.767609;-3.6842194;0.77905273
a;13247864995653;-8.688034;-3.7205658;0.8058624
a;13247885137255;-8.694183;-3.7559967;0.78414917
a;13247905278857;-8.709335;-3.8180695;0.77137756
a;13247925420458;-8.78949;-3.7659912;0.75634766
a;13247945562060;-8.878891;-3.8382416;0.6972656
a;13247965703661;-9.017853;-3.9423676;0.72206116
a;13247985845263;-9.121475;-3.9882202;0.69291687
a;13248005986864;-9.216766;-4.003784;0.7193451
a;13248026128466;-9.261993;-4.028366;0.71136475
a;13248046270068;-9.319275;-4.030594;0.8188019
a;13248066411669;-9.300034;-4.042206;0.8637085
a;13248086553271;-9.289993;-4.0114746;1.0333252
a;13248106694872;-9.277267;-3.9209137;1.0792542
a;13248126836474;-9.254181;-3.8769379;1.2442169
a;13248146978075;-9.267578;-3.8608246;1.3744202
a;13248167119677;-9.235153;-3.849411;1.4456482
a;13248187261278;-9.2057495;-3.922821;1.3226776
a;13248207402880;-9.1642;-3.9721222;1.1434937
a;13248227544482;-9.093369;-3.935089;1.0548706
a;13248247686083;-9.059723;-3.8952637;0.9667206
a;13248267827685;-9.09787;-3.8953094;0.8284302
a;13248287969286;-9.122498;-3.8777313;0.7897186
a;13248308110888;-9.009003;-3.8330383;0.7859497
a;13248328252489;-8.866074;-3.802353;0.7928772
a;13248348394091;-8.932251;-3.8922577;0.7241516
a;13248368535693;-9.00325;-3.8975372;0.6590576
a;13248388677294;-8.915176;-3.8687134;0.6592102
a;13248408818896;-8.9197235;-3.9028473;0.63230896
a;13248428960497;-9.099014;-3.9260101;0.6075287
a;13248449102099;-9.123169;-3.9408112;0.6641998
a;13248469243700;-9.115677;-3.91156;0.7698364
a;13248489385302;-9.1306305;-3.845642;0.9714203
a;13248509526903;-9.212158;-3.8174438;1.0674286
a;13248529668505;-9.284805;-3.6630096;1.2777863
a;13248549810107;-9.293533;-3.6135101;1.3771973
a;13248569951708;-9.252686;-3.7122498;1.3175354
a;13248590093310;-9.196213;-3.8203278;1.1990509
a;13248610234911;-9.1723175;-3.8720856;1.1243134
a;13248630376513;-9.157806;-3.8902893;0.99786377
a;13248650518114;-9.134079;-3.9038239;0.8933716
a;13248670659716;-9.12738;-3.9259186;0.8283844
a;13248690801318;-9.157425;-3.9402466;0.73924255
a;13248710942919;-9.144806;-3.9700012;0.73306274
a;13248731084521;-9.129837;-3.957199;0.75393677
a;13248751226122;-9.158249;-3.9374237;0.7547302
a;13248771367724;-9.119888;-3.9114532;0.6876221
a;13248791509325;-9.031967;-3.9251556;0.69696045
a;13248811650927;-9.065826;-3.947937;0.8277283
a;13248831792528;-9.025909;-3.9765625;0.899704
a;13248851934130;-8.923492;-3.9624329;1.0036621
a;13248872075732;-8.9383545;-4.0444183;1.194046
a;13248892217333;-9.33374;-4.2495728;1.274643
a;13248912358935;-9.526627;-4.101822;1.2929382
a;13248932500536;-9.244659;-3.704071;0.88690186
a;13248952642138;-9.742004;-3.376892;0.4384308
a;13248972783739;-10.088425;-3.6977234;0.45698547
a;13248992925341;-9.138123;-4.113861;0.852478
a;13249013066943;-8.254608;-4.264206;1.1320038
a;13249033208544;-8.241913;-4.3224487;1.173111
a;13249053350146;-8.709778;-4.088379;1.3116608
a;13249073491747;-8.845612;-3.7191925;1.41539
a;13249093633349;-8.850418;-3.718979;1.1217804
a;13249113774950;-9.475616;-3.8054962;0.8727875
a;13249133916552;-10.265503;-3.9130707;0.7883301
a;13249154058153;-10.279144;-4.077362;0.7672577
a;13249174199755;-9.620682;-4.1345673;0.7740021
a;13249194341357;-8.843063;-4.16774;0.895874
a;13249214482958;-8.48204;-4.259781;1.141037
a;13249234624560;-8.437027;-3.9977264;1.2433167
a;13249254766161;-8.553284;-3.54982;0.93196106
a;13249274907763;-9.027908;-3.2363129;0.49317932
a;13249295049364;-9.757828;-3.416809;0.2609253
a;13249315190966;-9.98111;-3.7964172;0.44725037
a;13249335332568;-9.117355;-4.118759;0.8399658
a;13249355474169;-8.219879;-4.37381;1.0809784
a;13249375615771;-8.01178;-4.423004;0.86476135
a;13249395757372;-8.288071;-4.0253296;0.8075104
a;13249415898974;-8.542313;-3.9354553;0.8002167
a;13249436040575;-9.045166;-3.7578735;0.84799194
a;13249456182177;-9.548965;-3.5580902;0.8710785
a;13249476323778;-9.810165;-3.4233093;0.93418884
a;13249496465380;-9.7438965;-3.6560516;0.830307
a;13249516606982;-9.455948;-3.979889;0.80210876
a;13249536748583;-9.066757;-4.108612;0.84176636
a;13249556890185;-8.706268;-4.183838;0.76205444
a;13249577031786;-8.74968;-4.068924;0.82836914
a;13249597173388;-8.986145;-3.8786469;1.1164246
a;13249617314989;-9.09108;-3.8022156;1.3930511
a;13249637456591;-9.183975;-3.7796478;1.4262695
a;13249657598193;-9.219543;-3.8845978;1.3723755
a;13249677739794;-9.268936;-4.0046234;1.1695557
a;13249697881396;-9.282181;-4.0645294;1.0033112
a;13249718022997;-9.2332;-4.0583344;0.8691559
a;13249738164599;-9.061142;-4.0484467;0.7185974
a;13249758306200;-8.983276;-4.083145;0.6987152
a;13249778447802;-8.973984;-4.031128;0.69699097
a;13249798589403;-9.024872;-3.9643402;0.75956726
a;13249818731005;-9.144608;-3.9472961;0.8311615
a;13249838872607;-9.1840515;-3.920395;0.9109192
a;13249859014208;-9.110245;-3.9151611;1.0101318
a;13249879155810;-9.120117;-3.947998;1.0375519
a;13249899297411;-9.149521;-3.9190369;1.0656586
a;13249919439013;-9.209015;-3.9094238;1.1116943
a;13249939580614;-9.263779;-3.907608;1.0458527
a;13249959722216;-9.294113;-3.9177704;1.0325928
a;13249979863818;-9.309906;-3.9194336;0.93304443
a;13250000005419;-9.243591;-3.8632507;0.93621826
a;13250020147021;-9.146744;-3.8022308;0.92570496
a;13250040288622;-9.114105;-3.7690735;0.9517975
a;13250060430224;-9.141464;-3.7595825;0.9161072
a;13250080571825;-9.13295;-3.7808228;0.8944702
a;13250100713427;-9.156815;-3.8168335;0.86950684
a;13250120855028;-9.144104;-3.824356;0.8464966
a;13250140996630;-9.075134;-3.805664;0.83343506
a;13250161138232;-9.056076;-3.831314;0.794754
a;13250181279833;-9.148209;-3.8409119;0.81222534
a;13250201421435;-9.173309;-3.8461456;0.807251
a;13250221563036;-9.222275;-3.8608246;0.82717896
a;13250241704638;-9.234543;-3.8310394;0.88287354
a;13250261846239;-9.143906;-3.7848206;0.90283203
a;13250281987841;-9.101608;-3.7621918;0.9583435
a;13250302129443;-9.159485;-3.7592468;0.9218292
a;13250322271044;-9.23938;-3.739563;0.9543152
a;13250342412646;-9.274658;-3.7359314;1.0262299
a;13250362554247;-9.213272;-3.7456055;0.97727966
a;13250382695849;-9.184479;-3.8160706;0.96417236
a;13250402837450;-9.138321;-3.770874;0.983551
a;13250422979052;-9.0876465;-3.71315;0.92559814
a;13250443120653;-9.0881195;-3.7786865;0.8878784
a;13250463262255;-9.156982;-3.7828827;0.8795929
a;13250483403857;-9.103928;-3.8194427;0.9152069
a;13250503545458;-9.054001;-3.821289;0.95410156
a;13250523687060;-9.102173;-3.822937;0.8859558
a;13250543828661;-9.147461;-3.838272;0.8752594
a;13250563970263;-9.123138;-3.8447876;0.9469757
a;13250584111864;-9.188004;-3.8324738;0.9586487
a;13250604253466;-9.119217;-3.8078613;0.986969
a;13250624395068;-9.020828;-3.786209;1.0147552
a;13250644536669;-8.985992;-3.7609863;1.0196838
a;13250664678271;-9.029572;-3.7635956;1.0116119
a;13250684819872;-9.080261;-3.8022308;1.0001984
a;13250704961474;-9.149399;-3.8163757;0.9892731
a;13250725103075;-9.200012;-3.8304138;0.93115234
a;13250745244677;-9.237213;-3.892395;0.93847656
a;13250765386278;-9.232956;-3.9029846;0.9757385
a;13250785527880;-9.153107;-3.8743896;1.0852356
a;13250805669482;-9.11879;-3.8474426;1.0713501
a;13250825811083;-9.207214;-3.8731537;1.0729065
a;13250845952685;-9.21347;-3.902649;1.0658417
a;13250866094286;-9.153107;-3.908844;1.0637054
a;13250886235888;-9.149673;-3.9272308;1.0357513
a;13250906377489;-9.152191;-3.9150848;1.0136414
a;13250926519091;-9.158066;-3.87854;0.95906067
a;13250946660693;-9.086441;-3.8543396;0.9417572
a;13250966802294;-9.148483;-3.8639374;0.90463257
a;13250986943896;-9.121201;-3.872589;0.90289307
a;13251007085497;-9.124344;-3.8402863;0.88217163
a;13251027227099;-9.1418;-3.8141174;0.8697052
a;13251047368700;-9.107712;-3.8079681;0.84191895
a;13251067510302;-9.064224;-3.799652;0.8431854
a;13251087651903;-9.092087;-3.7728271;0.87661743
a;13251107793505;-9.158173;-3.7701569;0.8746948
a;13251127935107;-9.180237;-3.7484894;0.9081421
a;13251148076708;-9.155182;-3.749176;0.8842926
a;13251168218310;-9.113342;-3.74115;0.9128418
a;13251188359911;-9.097687;-3.7687836;0.888443
a;13251208501513;-9.128189;-3.7851105;0.91329956
a;13251228643114;-9.170074;-3.809845;0.92492676
a;13251248784716;-9.138733;-3.8314362;0.94636536
a;13251268926318;-9.1653595;-3.8577118;0.9898071
a;13251289067919;-9.163406;-3.8484192;0.99064636
a;13251309209521;-9.169556;-3.8580322;0.94877625
a;13251329351122;-9.164764;-3.8716888;0.98420715
a;13251349492724;-9.152435;-3.8447418;0.9662018
a;13251369634325;-9.058243;-3.818344;0.97294617
a;13251389775927;-9.018723;-3.8024597;0.93019104
a;13251409917528;-9.121002;-3.8037567;0.88668823
a;13251430059130;-9.144028;-3.803238;0.9104309
a;13251450200732;-9.150131;-3.8081818;0.93222046
a;13251470342333;-9.166733;-3.848755;0.84121704
a;13251490483935;-9.185516;-3.866623;0.8891449
a;13251510625536;-9.1983185;-3.8451233;0.904068
a;13251530767138;-9.176895;-3.8445587;0.9494171
a;13251550908739;-9.096069;-3.8128815;1.0036926
a;13251571050341;-9.078247;-3.763031;1.0028076
a;13251591191943;-9.16658;-3.805313;1.0070343
a;13251611333544;-9.196579;-3.779892;0.9661255
a;13251631475146;-9.126663;-3.812149;0.9109802
a;13251651616747;-9.146591;-3.8200226;0.93499756
a;13251671758349;-9.165985;-3.8480988;0.8856659
a;13251691899950;-9.116928;-3.8411713;0.9437256
a;13251712041552;-9.148926;-3.858963;0.9429016
a;13251732183153;-9.177292;-3.8464203;0.9360962
a;13251752324755;-9.130417;-3.8702545;0.89938354
a;13251772466357;-9.164963;-3.8697815;0.94529724
a;13251792607958;-9.124756;-3.8281403;0.9577484
a;13251812749560;-9.114563;-3.8397064;0.9593353
a;13251832891161;-9.138977;-3.8178406;0.9520416
a;13251853032763;-9.135178;-3.8462677;0.9003296
a;13251873174364;-9.160233;-3.831833;0.9127197
a;13251893315966;-9.164963;-3.7809448;0.891037
a;13251913457568;-9.142014;-3.7695923;0.8488159
a;13251933599169;-9.143127;-3.7317505;0.8325043
a;13251953740771;-9.110992;-3.6974487;0.8082428
a;13251973882372;-9.133102;-3.6925812;0.7970123
a;13251994023974;-9.18309;-3.6749573;0.7665558
a;13252014165575;-9.182632;-3.673645;0.7419281
a;13252034307177;-9.1957245;-3.5950623;0.7228241
a;13252054448778;-9.172775;-3.5801544;0.64349365
a;13252074590380;-9.194687;-3.5956116;0.62171936
a;13252094731982;-9.250275;-3.4673615;0.6243439
a;13252114873583;-9.110275;-3.5099335;0.61546326
a;13252135015185;-9.045471;-3.499298;0.5732422
a;13252155156786;-9.166595;-3.4557495;0.6501312
a;13252175298388;-9.204941;-3.3213043;0.5942383
a;13252195439989;-9.002945;-3.2674408;0.5333252
a;13252215581591;-8.876007;-3.491623;0.47453308
a;13252235723193;-8.887405;-3.6044922;0.44018555
a;13252255864794;-8.905823;-3.5580902;0.39567566
a;13252276006396;-8.980011;-3.5288086;0.30174255
a;13252296147997;-8.952332;-3.5440674;0.23815918
a;13252316289599;-8.875046;-3.6072845;0.20161438
a;13252336431200;-8.97583;-3.7157745;0.17028809
a;13252356572802;-9.20517;-3.8130493;0.11605835
a;13252376714403;-9.309357;-3.7314453;0.06755066
a;13252396850585;-9.331268;-3.842453;-0.22187805
a;13252416992187;-9.650345;-4.09758;-0.5236969
a;13252437133788;-9.861801;-4.2311707;-0.5784607
a;13252457275390;-9.536026;-4.147278;-0.3932495
a;13252477416991;-9.264023;-4.1096497;-0.33799744
a;13252497558593;-9.432007;-4.226715;-0.5071869
a;13252517700194;-9.527939;-4.131424;-0.594162
a;13252537841796;-9.122803;-4.1526947;-0.5511627
a;13252557983398;-8.924835;-4.190979;-0.48143005
a;13252578124999;-9.272415;-4.27092;-0.41412354
a;13252598266601;-9.363892;-4.4289093;-0.35057068
a;13252618408202;-8.945084;-4.389694;-0.078826904
a;13252638549804;-8.86058;-4.4081573;0.12617493
a;13252658691405;-9.274414;-4.549103;0.26982117
a;13252678833007;-9.386551;-4.6838226;0.36264038
a;13252698974608;-8.981186;-4.641556;0.39424133
a;13252719116210;-8.665588;-4.6611633;0.15655518
a;13252739257812;-8.804642;-4.6586456;0.01739502
a;13252759399413;-9.084534;-4.5314636;-0.095062256
a;13252779541015;-9.076294;-4.307831;-0.0960083
a;13252799682616;-8.7912445;-4.107147;-0.004852295
a;13252819824218;-8.75914;-4.0921326;0.113082886
a;13252839965819;-9.041641;-4.3446198;-1.8310547E-4
a;13252860107421;-9.285706;-4.5269165;-0.14741516
a;13252880249023;-9.057526;-4.529953;-0.21644592
a;13252900390624;-8.77272;-4.4619446;-0.3907776
a;13252920532226;-8.784348;-4.4090576;-0.62745667
a;13252940673827;-8.803284;-4.149704;-0.5095062
a;13252960815429;-8.716843;-3.9086761;-0.26661682
a;13252975921630;-8.715118;-3.815277;-0.12080383
a;13252996063231;-8.698822;-3.8339996;-0.14785767
a;13253016204833;-8.782166;-4.0425262;-0.22767639
a;13253036346435;-9.002197;-4.2385254;-0.2237854
a;13253056488036;-9.206467;-4.3934174;-0.2863617
a;13253076629638;-9.505508;-4.3964386;-0.4489746
a;13253096771239;-9.505447;-4.4348145;-0.63209534
a;13253116912841;-9.285599;-4.459442;-0.7843628
a;13253137054442;-9.152039;-4.340805;-1.004242
a;13253157196044;-9.1214905;-4.1493835;-1.230545
a;13253177337646;-9.074921;-3.8947601;-1.1750793
a;13253197479247;-9.042465;-3.7489014;-1.1890259
a;13253217620849;-8.826248;-3.675064;-1.2256012
a;13253237762450;-8.462463;-3.59346;-1.1376648
a;13253257904052;-8.462402;-3.5785217;-0.9037018
a;13253278045653;-9.041931;-3.509491;-0.46195984
a;13253298187255;-9.448624;-3.3660889;-0.09172058
a;13253318328856;-9.25177;-3.502594;-0.011642456
a;13253338470458;-9.155838;-3.762329;-0.4034729
a;13253358612060;-9.253433;-3.7164764;-0.6838074
a;13253378753661;-9.003769;-3.7744446;-0.89549255
a;13253398895263;-8.942749;-3.8673706;-1.0059052
a;13253419036864;-9.005936;-3.8704834;-1.0647125
a;13253439178466;-9.015381;-3.7613373;-1.0843353
a;13253459320067;-9.020538;-3.754181;-1.1096954
a;13253479461669;-9.034607;-3.8295746;-1.1669159
a;13253499603271;-9.004837;-3.8309174;-1.123169
a;13253519744872;-8.853668;-3.7811737;-1.001358
a;13253539886474;-8.747528;-3.6855164;-0.86753845
a;13253560028075;-8.74765;-3.6078339;-0.75161743
a;13253580169677;-8.783218;-3.668991;-0.71665955
a;13253600311278;-8.867355;-3.7432556;-0.5396118
a;13253620452880;-8.967209;-3.8082886;-0.3866577
a;13253640594481;-8.959534;-3.862442;-0.26527405
a;13253660736083;-8.7929535;-3.9875488;-0.36616516
a;13253680877685;-8.721634;-3.9974518;-0.2158966
a;13253701019286;-8.67897;-4.022934;-0.1308899
a;13253721160888;-8.6492;-4.218811;-0.19992065
a;13253741302489;-8.627167;-4.2130585;-0.23112488
a;13253761444091;-8.464172;-4.0770874;-0.009735107
a;13253781585692;-8.343353;-4.5016174;-0.13331604
a;13253801727294;-8.457428;-4.976181;-0.3986969
a;13253821868896;-8.446503;-5.012451;-0.50827026
a;13253842010497;-8.3893585;-5.152237;-0.37738037
a;13253862152099;-8.180878;-5.4151764;-0.21458435
a;13253882293700;-7.998947;-5.792511;-0.32211304
a;13253902435302;-8.229706;-6.2679596;-0.5971832
a;13253922576903;-8.594543;-6.127075;-0.8105316
a;13253942718505;-8.331009;-5.9980164;-0.804718
a;13253962860106;-8.019638;-6.368103;-0.25422668
a;13253983001708;-8.323029;-6.5948944;-0.0024871826
a;13254003143310;-8.535355;-6.5473785;-0.052444458
a;13254023284911;-8.225021;-6.382309;0.11740112
a;13254043426513;-7.934067;-6.0915833;0.58117676
a;13254063568114;-7.99646;-6.474701;0.33946228
a;13254083709716;-8.506027;-6.5447845;0.00579834
a;13254103851317;-8.818436;-6.07399;0.31100464
a;13254123992919;-8.470978;-5.7437897;0.45809937
a;13254144134521;-8.248444;-5.856003;0.12347412
a;13254164276122;-8.473663;-5.5834045;-0.20426941
a;13254184417724;-8.852295;-5.5881653;-0.14619446
a;13254204559325;-9.894211;-5.471634;0.0143585205
a;13254224700927;-10.49025;-5.0899963;-0.085510254
a;13254244842528;-10.067017;-4.9219666;0.11590576
a;13254264984130;-9.974609;-5.242401;0.7199249
a;13254285125731;-10.237701;-5.9508057;-0.090164185
a;13254305267333;-9.382492;-4.6385345;-0.6754608
a;13254325408935;-8.866501;-2.4577637;1.049469
a;13254345550536;-9.578369;-2.6604767;1.3987274
a;13254365692138;-9.802017;-4.1877136;0.21292114
a;13254385833739;-9.300262;-2.8749847;1.6147461
a;13254405975341;-8.773148;-1.552185;3.2309265
a;13254426116942;-9.180664;-1.8243561;2.9064026
a;13254446258544;-9.896606;-1.603363;2.7904205
a;13254466400146;-9.184143;-1.7065582;3.5833435
a;13254486541747;-9.214981;-1.7371063;3.7814178
a;13254506683349;-9.73143;-1.5635376;3.897049
a;13254526824950;-9.596954;-0.60424805;3.652176
a;13254546966552;-9.514999;-1.0434265;4.3554535
a;13254567108153;-9.572144;-2.0074158;5.4308624
a;13254587249755;-9.873291;-1.5684662;5.2390747
a;13254607391356;-9.686035;-1.6154175;4.8440247
a;13254627532958;-8.952835;-2.0332336;6.842224
a;13254647674560;-8.770569;-0.68821716;6.9483337
a;13254667816161;-10.06131;-1.261795;5.137619
a;13254687957763;-10.159134;-2.5101318;2.1259766
a;13254708099364;-10.474808;-1.7318573;4.1450195
a;13254728240966;-11.309891;-2.1589508;5.464203
a;13254748382567;-11.464981;-3.3342438;4.2736664
a;13254768524169;-11.404785;-4.653778;5.265106
a;13254788665771;-11.207291;-4.1621857;6.295639
a;13254808807372;-10.897888;-5.202484;4.9808807
a;13254828948974;-10.286377;-5.662842;4.8590393
a;13254849090575;-9.746063;-5.440506;4.651718
a;13254869232177;-9.578506;-6.4272003;4.398163
a;13254889373778;-9.511414;-6.960373;5.1235046
a;13254909515380;-8.8945465;-6.779312;4.8379364
a;13254929656981;-7.774292;-6.614441;4.4390564
a;13254949798583;-7.2645264;-7.032547;5.065399
a;13254969940185;-6.658783;-6.735321;6.1365204
a;13254990081786;-6.0161896;-6.2432404;6.1213074
a;13255010223388;-5.3028564;-5.927185;5.751816
a;13255030364989;-4.629944;-5.8767853;5.2901764
a;13255050506591;-4.094208;-5.716736;5.502411
a;13255070648192;-3.818695;-5.173172;5.335541
a;13255090789794;-3.5027924;-5.0696106;4.8462677
a;13255110931396;-3.1078339;-4.398102;4.376999
a;13255131072997;-3.149643;-4.6335297;4.3247375
a;13255151214599;-3.4341888;-4.605591;5.0621643
a;13255171356200;-3.800644;-4.9605103;5.359848
a;13255191497802;-3.972519;-4.90831;5.50148
a;13255211639403;-4.2643127;-4.5954285;5.275467
a;13255231781005;-4.7219543;-4.8885193;5.348114
a;13255251922606;-5.3125916;-4.7431946;5.6470337
a;13255272064208;-5.8018646;-5.165329;5.871582
a;13255292205810;-6.0793915;-4.9788666;6.102051
a;13255312347411;-6.0584717;-4.803604;5.732376
a;13255332489013;-6.866043;-5.0276947;6.2060547
a;13255352630614;-7.397003;-5.391327;6.2701874
a;13255372772216;-7.4078064;-4.8777466;5.538666
a;13255392913817;-7.2405243;-4.25325;5.179016
a;13255413055419;-7.532715;-4.2910767;5.2949066
a;13255433197021;-8.056335;-5.15094;5.990631
a;13255453338622;-7.822693;-5.036392;5.9904785
a;13255473480224;-7.6430817;-4.445999;5.5476074
a;13255493621825;-7.6403046;-4.119858;5.0518494
a;13255513763427;-7.7455597;-4.599579;5.272049
a;13255533905028;-7.852829;-4.791031;5.7870483
a;13255554046630;-7.8685303;-4.5242615;5.5444183
a;13255574188231;-7.569977;-4.1089935;4.9702454
a;13255594329833;-7.4599;-4.163208;4.597885
a;13255614471435;-7.409836;-4.3986053;4.726303
a;13255634613036;-7.538269;-4.2131805;4.872818
a;13255654754638;-7.483139;-4.0900116;4.649826
a;13255674896239;-7.1665497;-3.925583;4.437958
a;13255695037841;-7.2737427;-3.904358;4.3321533
a;13255715179442;-7.5047455;-4.2094116;4.578491
a;13255735321044;-7.503845;-3.991043;4.72789
a;13255755462646;-7.4645996;-3.891327;4.657776
a;13255775604247;-7.614609;-4.1027374;4.600998
a;13255795745849;-7.7167816;-4.2647552;4.7012024
a;13255815887450;-7.7807007;-3.9906006;4.696686
a;13255836029052;-7.645584;-3.7994995;4.6677856
a;13255856170653;-7.685791;-3.9819946;4.5840454
a;13255876312255;-7.756485;-3.9629517;4.593796
a;13255896453856;-7.865036;-3.9709473;4.740158
a;13255916595458;-7.758606;-3.8639374;4.735489
a;13255936737060;-7.7204895;-3.7743225;4.574478
a;13255956878661;-7.768173;-3.6328888;4.459488
a;13255977020263;-7.920807;-3.7073364;4.570938
a;13255997161864;-8.173218;-3.6477966;4.666641
a;13256017303466;-8.205688;-3.5825958;4.389694
a;13256037445067;-8.186676;-3.465271;3.990799
a;13256057586669;-8.391983;-3.5088196;4.2243958
a;13256077728271;-8.449829;-3.5076904;4.317505
a;13256097869872;-8.413574;-3.5008698;4.1442566
a;13256118011474;-8.411682;-3.7050323;3.9504395
a;13256138153075;-8.599655;-3.7309875;4.0191345
a;13256158294677;-8.70433;-3.7221527;3.9388428
a;13256178436278;-8.625259;-3.353363;4.108246
a;13256198577880;-8.640671;-3.1719513;4.285248
a;13256218719481;-8.282532;-3.0964508;4.2276917
a;13256238861083;-8.237564;-3.154663;4.296982
a;13256259002685;-8.57547;-3.715866;4.6573486
a;13256279144286;-8.724625;-3.6167908;4.4331207
a;13256299285888;-8.76973;-3.3149414;4.195389
a;13256319427489;-8.447525;-3.182953;4.288971
a;13256339569091;-7.8867188;-3.096527;4.3237762
a;13256359710692;-7.57901;-2.8307495;3.9701385
a;13256379852294;-7.272156;-2.6756897;3.8019714
a;13256399993896;-7.540741;-2.7234344;3.7086792
a;13256420135497;-7.6615143;-2.7146301;3.8407745
a;13256440277099;-8.152924;-2.807373;3.292221
a;13256460418700;-8.522156;-3.1758575;3.0900116
a;13256480560302;-8.618027;-2.9477081;3.2817993
a;13256500701903;-8.748093;-2.6192322;3.2620544
a;13256520843505;-8.9897;-2.719452;3.1911926
a;13256540985106;-9.147537;-2.7513275;2.8602753
a;13256561126708;-9.333954;-2.343933;1.9352264
a;13256581268310;-10.2638855;-3.3952942;1.8846283
a;13256601409911;-10.097275;-4.3207245;1.0703888
a;13256621551513;-9.968369;-2.9129791;1.5829468
a;13256641693114;-9.59053;-2.5190887;1.7795868
a;13256661834716;-9.61882;-3.1504517;1.2252197
a;13256681976317;-9.967239;-3.194397;1.0904236
a;13256702117919;-10.177658;-2.9885101;1.2970581
a;13256722259521;-10.167236;-3.336319;1.3065491
a;13256742401122;-10.180695;-3.1626282;1.3180542
a;13256762542724;-10.342514;-3.1692047;1.3566895
a;13256782684325;-10.598022;-3.1616058;1.4329071
a;13256802825927;-10.665253;-3.0706635;0.7208557
a;13256822967528;-9.8423;-3.2181854;0.40948486
a;13256843109130;-9.354538;-2.5215454;1.253067
a;13256863250731;-9.20372;-2.1326294;1.5897217
a;13256883392333;-9.417831;-2.2042084;1.4200287
a;13256903533935;-9.440918;-2.1466217;1.1665497
a;13256923675536;-9.0490265;-1.9132233;1.1851196
a;13256943817138;-9.036438;-1.6855469;1.3317871
a;13256963958739;-9.22139;-1.873352;1.318634
a;13256984100341;-9.503708;-1.8831024;1.4998474
a;13257004241942;-9.089767;-1.9662018;2.2558136
a;13257024383544;-8.969238;-2.483551;2.7808075
a;13257044525146;-9.213455;-2.83844;2.6965332
a;13257064666747;-9.335999;-3.1250916;2.4633484
a;13257084808349;-9.268173;-3.3118896;2.2496643
a;13257104949950;-9.276596;-3.519455;1.8997345
a;13257125091552;-9.393234;-3.3301392;1.6734467
a;13257145233153;-9.448578;-2.8408356;1.4625092
a;13257165374755;-9.386902;-2.6855774;1.0392456
a;13257185516356;-9.21402;-2.6812744;0.72532654
a;13257205657958;-9.243744;-2.5336456;0.67277527
a;13257225799560;-9.266876;-2.465149;0.5457916
a;13257245941161;-9.192474;-2.378189;0.5334625
a;13257266082763;-9.243317;-2.3331757;0.68634033
a;13257286224364;-9.407471;-2.5997772;0.80366516
a;13257306365966;-9.551254;-2.9863434;0.53704834
a;13257326507567;-9.657913;-2.8383179;0.64860535
a;13257346649169;-9.609009;-2.4527283;1.029892
a;13257366790771;-9.2478485;-2.2952728;1.4503326
a;13257386932372;-9.2335205;-1.8082428;2.100006
a;13257407073974;-9.33197;-1.7723999;2.4280853
a;13257427215575;-9.274155;-2.0108032;2.541336
a;13257447357177;-9.212021;-1.8993988;2.5864716
a;13257467498778;-9.152634;-1.88974;2.5709534
a;13257487640380;-9.049881;-1.9936218;2.223175
a;13257507781981;-9.105484;-2.1168823;2.0559387
a;13257527923583;-9.119873;-2.177826;2.0050507
a;13257548065185;-9.216888;-2.2963104;1.9920197
a;13257568206786;-9.331146;-2.354599;1.8278809
a;13257588348388;-9.318588;-2.5476227;1.8466492
a;13257608489989;-9.044113;-2.2343292;2.3329773
a;13257628631591;-9.056168;-2.302414;2.6684418
a;13257648773192;-9.473206;-2.5338135;2.5072021
a;13257668914794;-9.586487;-2.3844604;2.5694885
a;13257689056396;-9.568558;-2.034851;2.6751099
a;13257709197997;-9.646088;-1.9532623;2.3180847
a;13257729339599;-9.866653;-2.2545319;2.0573883
a;13257749481200;-9.901657;-2.2124023;2.0667114
a;13257769622802;-9.839157;-2.2519836;1.8561554
a;13257789764403;-9.746857;-2.3574982;1.7294312
a;13257809906005;-9.658569;-2.3684692;1.6990509
a;13257830047606;-9.530487;-2.3348846;1.6908875
a;13257850189208;-9.407547;-2.0688019;1.8434906
a;13257870330810;-9.429855;-2.0449677;1.8626404
a;13257890472411;-9.513123;-2.1134186;1.8660431
a;13257910614013;-9.5486145;-2.055191;2.019165
a;13257930755614;-9.489151;-2.0167847;2.2740326
a;13257950897216;-9.4189;-2.0269165;2.4081573
a;13257971038817;-9.459335;-1.8824768;2.552063
a;13257991180419;-9.427673;-1.9361572;2.551422
a;13258011322021;-9.393768;-2.0749664;2.517746
a;13258031463622;-9.361343;-2.1190796;2.3934631
a;13258051605224;-9.369598;-2.224289;2.3049011
a;13258071746825;-9.356491;-2.1800385;2.2058105
a;13258091888427;-9.340897;-2.138031;2.103714
a;13258112030028;-9.329422;-2.1286469;2.0832062
a;13258132171630;-9.331284;-2.1176758;2.0552368
a;13258152313231;-9.33403;-2.1164246;2.0846863
a;13258172454833;-9.359879;-2.124878;2.0207977
a;13258192596435;-9.381973;-2.1501312;1.863739
a;13258212738036;-9.389755;-2.2165833;1.7492065
a;13258232879638;-9.335861;-2.176239;1.9187012
a;13258253021239;-9.365448;-2.0565338;2.0144958
a;13258273162841;-9.382156;-2.0162354;2.058609
a;13258293304442;-9.415237;-1.9778748;2.098938
a;13258313446044;-9.498352;-1.974472;2.072876
a;13258333587646;-9.451843;-2.0019379;2.0414124
a;13258353729247;-9.410248;-2.1031494;2.065506
a;13258373870849;-9.374756;-2.1181335;2.168579
a;13258394012450;-9.370544;-2.0549316;2.198288
a;13258414154052;-9.360611;-2.108963;2.1987762
a;13258434295653;-9.411209;-2.110672;2.1637573
a;13258454437255;-9.429352;-2.1524353;2.175232
a;13258474578856;-9.377533;-2.1720123;2.1933289
a;13258494720458;-9.391876;-2.1863708;2.1697235
a;13258514862060;-9.375839;-2.1594086;2.1842346
a;13258535003661;-9.383255;-2.1248627;2.1539307
a;13258555145263;-9.39769;-2.1391754;2.0298004
a;13258575286864;-9.401901;-2.150055;1.9955597
a;13258595428466;-9.362732;-2.0936432;2.0434723
a;13258615570067;-9.489059;-2.1823425;2.0351868
a;13258635711669;-9.389389;-2.1533508;2.088745
a;13258655853271;-9.436661;-2.1034698;2.0154266
a;13258675994872;-9.373322;-2.135254;2.1119995
a;13258696136474;-9.478378;-2.129837;2.0772858
a;13258716278075;-9.407944;-2.1700745;2.0860138
a;13258736419677;-9.417694;-2.1617126;2.0726624
a;13258756561278;-9.423035;-2.210556;2.072174
a;13258776702880;-9.470825;-2.220047;1.9901276
a;13258796844481;-9.430603;-2.219223;2.0553894
a;13258816986083;-9.40184;-2.2146912;2.128067
a;13258837127685;-9.395142;-2.167099;2.0743103
a;13258857269286;-9.385712;-2.1862335;2.0355682
a;13258877410888;-9.3849945;-2.14917;2.0535126
a;13258897552489;-9.403351;-2.1839294;2.0645142
a;13258917694091;-9.445709;-2.2011719;1.986969
a;13258937835692;-9.46463;-2.1910706;1.9290009
a;13258957977294;-9.443665;-2.2397614;1.9803467
a;13258978118896;-9.42836;-2.2354736;2.0025482
a;13258998260497;-9.421448;-2.1981506;2.015915
a;13259018402099;-9.462036;-2.18779;1.9425049
a;13259038543700;-9.422073;-2.1583405;2.0218964
a;13259058685302;-9.393921;-2.1469269;2.0366516
a;13259078826903;-9.454132;-2.14563;2.0699463
a;13259098968505;-9.45607;-2.0429535;2.2515717
a;13259119110106;-9.452118;-1.7610321;2.170517
a;13259139251708;-9.252411;-1.5528717;2.222702
a;13259159393310;-9.38765;-1.6846008;1.9577942
a;13259179534911;-9.503647;-2.718338;1.3787537
a;13259199676513;-9.522888;-2.4788513;1.4944458
a;13259219818114;-9.480103;-1.9318542;1.9007568
a;13259239959716;-9.3965;-2.1485443;1.8544769
a;13259260101317;-9.497818;-2.4232635;1.722229
a;13259280242919;-9.435532;-2.7740479;1.5917053
a;13259300384521;-9.450592;-2.4633026;1.8799286
a;13259320526122;-9.359222;-2.342865;1.9423218
a;13259340667724;-9.369339;-2.574051;1.7779083
a;13259360809325;-9.392242;-2.5226898;1.9229584
a;13259380950927;-9.342178;-2.4355316;1.9599304
a;13259401092528;-9.353577;-2.3824615;1.9399261
a;13259421234130;-9.453842;-2.203415;1.9445801
a;13259441375731;-9.438797;-2.1674805;1.8980865
a;13259461517333;-9.477158;-2.2073212;1.8555756
a;13259481658935;-9.488083;-2.2084045;1.8530426
a;13259501800536;-9.472763;-2.123932;1.8349152
a;13259521942138;-9.469543;-2.105484;1.8063354
a;13259542083739;-9.483292;-2.1095428;1.7996063
a;13259562225341;-9.511612;-2.1263428;1.8027039
a;13259582366942;-9.425064;-2.1375885;1.7935791
a;13259602508544;-9.431488;-2.1263123;1.8782349
a;13259622650146;-9.452744;-2.1556091;1.9007568
a;13259642791747;-9.464096;-2.167328;1.8595428
a;13259662933349;-9.448624;-2.223343;1.8160248
a;13259683074950;-9.452042;-2.294342;1.8007507
a;13259703216552;-9.435776;-2.2816467;1.7863159
a;13259723358153;-9.4361725;-2.2611542;1.7873535
a;13259743499755;-9.4318695;-2.2688293;1.8108368
a;13259763641356;-9.422653;-2.271408;1.796402
a;13259783782958;-9.410156;-2.2716675;1.8249664
a;13259803924560;-9.464737;-2.1969147;1.8436737
a;13259824066161;-9.458511;-2.2177887;1.8157196
a;13259844207763;-9.4583435;-2.2311554;1.8885956
a;13259864349364;-9.480408;-2.1188507;1.8757477
a;13259884490966;-9.438278;-2.1276245;1.9103699
a;13259904632567;-9.428268;-1.9800568;1.9832611
a;13259924774169;-9.450546;-2.0292816;2.014557
a;13259944915771;-9.521027;-2.3058167;1.8601227
a;13259965057372;-9.446548;-2.2907104;1.6613464
a;13259985198974;-9.40657;-2.2432098;1.7667694
a;13260005340575;-9.376785;-2.2904205;1.749588
a;13260025482177;-9.407455;-2.4175262;1.529602
a;13260045623778;-9.430313;-2.3824158;1.6811218
a;13260065765380;-9.457092;-2.3547516;1.6708527
a;13260085906981;-9.460175;-2.3660889;1.648529
a;13260106048583;-9.42807;-2.3248901;1.6825714
a;13260126190185;-9.397491;-2.3819733;1.7440338
a;13260146331786;-9.414932;-2.309082;1.7452393
a;13260166473388;-9.424973;-2.2511292;1.7957916
a;13260186614989;-9.4543;-2.2065125;1.8672943
a;13260206756591;-9.488068;-2.1976166;1.8173218
a;13260226898192;-9.455597;-2.1976318;1.8525085
a;13260247039794;-9.497803;-2.2625732;1.7843018
a;13260267181396;-9.470352;-2.2458954;1.7421265
a;13260287322997;-9.475479;-2.2209015;1.7885132
a;13260307464599;-9.457657;-2.172882;1.7420502
a;13260327606200;-9.47612;-2.2816772;1.6684875
a;13260347747802;-9.435043;-2.3045197;1.7079468
a;13260367889403;-9.46611;-2.320572;1.6493378
a;13260388031005;-9.454803;-2.282257;1.7086945
a;13260408172606;-9.447525;-2.236679;1.7713928
a;13260428314208;-9.431244;-2.269806;1.7239227
a;13260448455810;-9.458527;-2.3309631;1.7912903
a;13260468597411;-9.458954;-2.2662354;1.8328552
a;13260488739013;-9.405502;-2.2883759;1.788559
a;13260508880614;-9.446014;-2.1705627;1.7218475
a;13260529022216;-9.430054;-2.2609558;1.7657776
a;13260549163817;-9.503632;-2.2414398;1.7736969
a;13260569305419;-9.4673;-2.2835999;1.6976013
a;13260589447021;-9.5009;-2.312912;1.6409454
a;13260609588622;-9.450638;-2.2596893;1.7032318
a;13260629730224;-9.459137;-2.2519379;1.6988983
a;13260649871825;-9.438217;-2.2650604;1.7381287
a;13260670013427;-9.444992;-2.3399353;1.6891632
a;13260690155028;-9.463455;-2.3048096;1.7012787
a;13260710296630;-9.446945;-2.3322449;1.7293091
a;13260730438231;-9.436844;-2.3234406;1.7602997
a;13260750579833;-9.444687;-2.3238678;1.7333374
a;13260770721435;-9.452393;-2.3390808;1.7338562
a;13260790863036;-9.408295;-2.2851868;1.7959747
a;13260811004638;-9.413925;-2.244156;1.7830505
a;13260831146239;-9.441986;-2.2907715;1.7590332
a;13260851287841;-9.448532;-2.2943268;1.7918549
a;13260871429442;-9.482208;-2.293518;1.7520294
a;13260891571044;-9.476074;-2.2991333;1.7438202
a;13260911712646;-9.446518;-2.2282715;1.7789459
a;13260931854247;-9.428268;-2.2126617;1.7723236
a;13260951995849;-9.420853;-2.1706085;1.8572083
a;13260972137450;-9.462204;-2.225235;1.7959595
a;13260992279052;-9.475571;-2.237793;1.7866821
a;13261012420653;-9.508896;-2.2397308;1.7261963
a;13261032562255;-9.457092;-2.2807312;1.8209839
a;13261052703856;-9.458481;-2.2319336;1.8220825
a;13261072845458;-9.4888;-2.282135;1.8850403
a;13261092987060;-9.4939575;-2.332306;1.8086548
a;13261113128661;-9.572922;-2.4253082;1.8881836
a;13261133270263;-9.646301;-2.5184631;1.8645477
a;13261153411864;-9.674606;-2.5735931;1.7882233
a;13261173553466;-9.722534;-2.7203674;1.9771271
a;13261193695067;-9.947311;-2.871521;2.480896
a;13261213836669;-10.184723;-3.3809357;2.8558044
a;13261233978271;-10.472473;-3.7799377;2.738556
a;13261254119872;-10.80896;-3.8068848;2.5697632
a;13261274261474;-11.123291;-3.9894104;2.908722
a;13261294403075;-11.494949;-3.9295197;3.8241882
a;13261314544677;-11.815414;-4.4927826;3.6859741
a;13261334686278;-11.660141;-4.0859528;4.429489
a;13261354827880;-11.010559;-3.2444153;4.8187256
a;13261374969481;-10.772934;-3.4299927;5.547409
a;13261395111083;-10.292648;-3.7556305;5.807358
a;13261415252685;-9.564224;-2.8425446;6.4720764
a;13261435394286;-8.453644;-2.365387;7.422882
a;13261455535888;-7.730011;-2.3835907;8.36647
a;13261475677489;-6.9585266;-2.2096863;7.983185
a;13261495819091;-5.9051056;-2.0744934;8.100723
a;13261515960692;-5.2065887;-1.6801453;9.135147
a;13261536102294;-4.901291;-1.5830994;8.929764
a;13261556243896;-4.1950836;-2.2216187;9.159622
a;13261576385497;-3.810196;-1.4084778;9.415192
a;13261596527099;-3.199173;-1.9106598;9.476242
a;13261616668700;-2.7436676;-2.2447052;9.1866
a;13261636810302;-1.9246368;-2.2177582;7.9019012
a;13261656951903;-1.3686981;-1.6962433;8.679916
a;13261677093505;-1.4987793;-1.8592377;8.780075
a;13261697235106;-0.96487427;-2.1341248;8.094864
a;13261717376708;-0.2807312;-2.2811584;7.7318115
a;13261737518310;0.16989136;-1.8122406;7.425583
a;13261757659911;0.28982544;-1.812851;7.702072
a;13261777801513;0.44900513;-2.0661316;8.288834
a;13261797943114;0.6405792;-1.7335052;8.008942
a;13261818084716;0.95129395;-2.076416;7.733795
a;13261838226317;1.2407684;-2.5852966;8.175415
a;13261858367919;1.2774811;-2.2196198;8.165955
a;13261878509521;1.1946259;-1.8881378;7.9714355
a;13261898651122;1.4735718;-1.6889648;8.106537
a;13261918792724;1.7168274;-1.7300415;7.8481293
a;13261938934325;1.6806183;-3.1964264;7.7920227
a;13261959075927;2.237152;-3.10849;7.3009186
a;13261979217528;2.1665192;-2.3470306;7.6028748
a;13261999359130;2.0696106;-2.724472;8.696518
a;13262019500731;1.9284973;-3.3958282;8.757523
a;13262039642333;1.790741;-4.451309;8.039581
a;13262059783935;2.1798706;-4.4947205;8.151306
a;13262079925536;2.413681;-2.9613495;9.063065
a;13262100067138;2.625183;-2.0847626;10.187805
a;13262120208739;2.7401733;-2.5558472;9.939987
a;13262140350341;3.0257416;-3.286972;9.439133
a;13262160491942;3.3213959;-2.6049957;9.243713
a;13262180633544;3.168991;-2.141159;9.090317
a;13262200775146;3.0877533;-2.442688;9.325211
a;13262220916747;3.2046967;-3.0446167;9.542114
a;13262241058349;3.173935;-3.2063446;9.492065
a;13262261199950;3.2893066;-2.8523407;9.150604
a;13262281341552;3.2475433;-2.5473938;9.196671
a;13262301483153;3.194458;-2.7063293;9.226181
a;13262321624755;3.3638916;-2.5893707;9.121857
a;13262341766356;3.2961884;-2.4007874;8.954437
a;13262361907958;3.1867828;-2.575531;9.000839
a;13262382049560;3.3517609;-2.7704773;9.325211
a;13262402191161;3.329132;-2.782608;9.221497
a;13262422340699;3.2398682;-2.5522156;8.944382
a;13262442482300;3.334198;-2.2061615;8.944077
a;13262462623902;3.4407501;-2.1411285;8.913818
a;13262482765503;3.4142761;-2.4660645;8.872559
a;13262502907105;3.46521;-2.5549927;9.016525
a;13262523048707;3.4772644;-2.3523407;9.161255
a;13262543190308;3.3981476;-2.2468872;9.084869
a;13262563331910;3.1805725;-2.3086853;8.993866
a;13262583473511;2.9452515;-2.3740387;8.886566
a;13262603615113;2.8485413;-2.6062012;9.15918
a;13262623756714;2.8389435;-2.7984467;9.559769
a;13262643898316;3.0033417;-2.6507874;9.841797
a;13262664039917;3.2016296;-2.7456207;9.729782
a;13262684181519;3.4078522;-2.9369965;9.498383
a;13262704323121;3.0727692;-2.7215424;9.185242
a;13262724464722;2.7411957;-2.6958618;8.86174
a;13262744606324;2.6630707;-2.138855;9.357117
a;13262764747925;2.8327637;-2.0024567;9.997696
a;13262784889527;2.85997;-2.0814667;9.979538
a;13262805031128;2.955658;-2.1853027;9.450195
a;13262825172730;3.141922;-2.4702606;9.056137
a;13262845314332;3.5693817;-2.4605865;8.8958435
a;13262865455933;4.023758;-2.642273;8.652527
a;13262885597535;4.2199097;-2.6870117;8.005356
a;13262905739136;3.9758453;-2.5988922;7.389511
a;13262925880738;3.7402344;-3.3321838;7.3634186
a;13262946022339;3.8111572;-3.6967163;7.627716
a;13262966163941;4.036606;-3.356903;8.254028
a;13262986305542;3.9580383;-3.7733612;8.444092
a;13263006447144;3.5339966;-4.7298584;8.259628
a;13263026588746;3.2776337;-4.599869;8.816666
a;13263046730347;3.0065308;-3.682129;8.915756
a;13263066871949;2.7684631;-3.6992645;8.957275
a;13263087013550;2.6604004;-4.2531586;9.215485
a;13263107155152;2.4289246;-4.3239746;9.712418
a;13263127296753;2.2901306;-3.756424;10.023239
a;13263147438355;2.0964355;-3.3405762;9.883331
a;13263167579957;1.9083862;-2.8201447;9.847061
a;13263187721558;1.7184601;-2.211914;10.353851
a;13263207863160;1.5342407;-2.1674652;10.545868
a;13263228004761;1.4484711;-2.1154022;10.214844
a;13263248146363;1.5273743;-1.3776245;10.027527
a;13263268287964;1.4660187;-0.80648804;9.969208
a;13263288429566;1.2080536;-1.2983856;10.088928
a;13263308571167;1.3773193;-1.7344055;10.182526
a;13263328712769;1.4911957;-1.2558746;9.910797
a;13263348854371;1.5379333;-0.74928284;9.710831
a;13263368995972;1.6154785;-0.6225128;9.853668
a;13263389137574;1.648941;-1.0509644;9.903244
a;13263409279175;1.6735077;-1.05719;9.726395
a;13263429420777;1.5608826;0.002319336;9.30426
a;13263449562378;2.199768;-0.17124939;9.913864
a;13263469703980;2.1856995;-0.33422852;9.985199
a;13263489845582;1.3393402;-1.1510315;9.69574
a;13263509987183;1.4595337;-0.7764435;9.673172
a;13263530128785;1.7950897;-0.37600708;9.593384
a;13263550270386;1.9464874;-0.24069214;9.5299835
a;13263570411988;1.825531;-0.4615326;9.543945
a;13263590553589;1.8090363;-0.6318817;9.6684265
a;13263610695191;1.8513031;-0.52075195;9.722153
a;13263630836792;1.8130798;-0.4734497;9.702118
a;13263650978394;1.8594818;-0.50064087;9.780746
a;13263671119996;1.681076;-0.60588074;9.682205
a;13263691261597;1.6702423;-0.667984;9.680298
a;13263711403199;1.7885742;-0.7916107;9.677368
