a;69339486654978;3.0238342;-0.48851013;8.706818
a;69339506796579;3.062561;-0.3876953;8.801895
a;69339526938181;3.3862;0.06744385;8.546921
a;69339547079782;3.3233948;-1.2948608;8.756912
a;69339567221384;3.49115;-0.94548035;9.230515
a;69339587362985;3.784668;-0.8447571;9.1045685
a;69339607504587;3.116684;-0.4398651;9.085953
a;69339627646189;3.1608124;-0.38500977;9.134201
a;69339647787790;3.3916626;0.0066833496;9.229767
a;69339667929392;3.113037;-0.09162903;9.128677
a;69339688070993;3.06102;-0.5185394;8.898361
a;69339708212595;3.0426636;-0.54678345;8.796234
a;69339728354196;2.836441;-0.42263794;8.773087
a;69339748495798;2.803131;-0.2836914;8.847763
a;69339768637399;2.8288574;-0.5605316;8.66127
a;69339788779001;2.9498138;-0.73843384;8.434967
a;69339808920603;2.9296875;-0.7361145;8.402313
a;69339829062204;3.168396;-0.7913666;8.370178
a;69339849203806;3.1672974;-0.61447144;8.202942
a;69339869345407;3.0161133;-0.4991455;7.800644
a;69339889487009;2.9940033;-0.26976013;7.224472
a;69339909628610;3.2584686;0.25352478;5.622284
a;69339929770212;3.1998444;0.28948975;3.8983002
a;69339949911814;2.8800201;0.1204834;1.8464966
a;69339970053415;2.919754;-0.21536255;0.126297
a;69339990195017;4.2704315;-1.5560455;0.6024933
a;69340010336618;7.311142;-2.997055;2.3598328
a;69340030478220;9.378113;-4.3414154;4.9888763
a;69340050619821;8.494843;-7.0954742;7.337219
a;69340070761423;9.986862;-12.262802;8.752655
a;69340090903024;15.982193;-19.971329;-4.003479
a;69340111044626;13.382523;-20.031967;-10.159988
a;69340131186228;3.5086365;-20.031967;-3.3202362
a;69340151327829;1.4687958;-20.031967;-7.2123566
a;69340171469431;1.4927673;-19.85878;-13.798737
a;69340191611032;1.2098083;-11.731934;-14.993378
a;69340211752634;1.8058472;-1.5794525;-12.060791
a;69340231894235;2.9190826;9.641281;-7.4423523
a;69340252035837;4.2190857;18.520035;-9.87207
a;69340272177439;6.079178;18.967438;-10.566986
a;69340292319040;2.442688;18.967438;-2.884491
a;69340312460642;2.7744293;18.967438;4.7352295
a;69340332602243;5.9174347;15.194305;8.819962
a;69340352743845;10.203186;8.97023;8.9487
a;69340372885446;18.997711;-13.894791;1.3835449
a;69340393027048;13.681015;-20.031967;-12.460999
a;69340413168649;-2.9786377;-20.031967;-3.006134
a;69340433310251;-4.5939026;-20.031967;-8.002243
a;69340453451853;3.0643616;-16.171387;-13.58844
a;69340473593454;12.048645;5.161499;-12.071869
a;69340493735056;12.152039;18.967438;-10.563309
a;69340513876657;-1.1119385;18.967438;-4.881256
a;69340534018259;-1.1840057;18.967438;0.29995728
a;69340554159860;6.2798157;18.106995;2.8708038
a;69340574301462;9.899643;10.246933;3.88031
a;69340594443064;14.998184;-6.913666;7.037369
a;69340614584665;18.697906;-20.011414;-14.780731
a;69340634726267;11.172287;-20.031967;-14.534683
a;69340654867868;-4.401642;-20.031967;-2.6459503
a;69340675009470;-2.7449188;-20.031967;-6.503433
a;69340695151071;3.6654205;-8.80307;-6.4970093
a;69340715292673;12.958923;9.29068;-3.7021942
a;69340735434274;11.368271;18.967438;-4.27652
a;69340755575876;-4.140869;18.967438;-3.3777618
a;69340775717478;-0.99624634;18.967438;1.3306732
a;69340795859079;2.1345367;16.41069;5.419052
a;69340816000681;2.6546936;4.75119;7.563965
a;69340836142282;13.622299;-13.594681;-5.5358276
a;69340856283884;15.975128;-20.031967;-19.270065
a;69340876425485;5.264328;-20.031967;-6.485214
a;69340896567087;-3.54039;-20.031967;-3.1291351
a;69340916708689;0.5618286;-19.441757;-7.753189
a;69340936850290;4.058182;-7.835129;-5.9717865
a;69340956991892;12.560242;12.93837;-6.733856
a;69340977133493;10.343506;18.967438;-7.1642
a;69340997275095;-1.5332642;18.967438;-5.1884613
a;69341017416696;0.96759033;18.967438;5.1795044
a;69341037558298;3.9057007;11.941956;7.4948883
a;69341057699899;7.8044434;-2.2720337;3.1925964
a;69341077841501;17.1344;-15.972305;-14.313461
a;69341097983103;7.811981;-20.031967;-15.293121
a;69341118126914;3.138794;-20.031967;-0.10118103
a;69341138268516;-3.5167847;-20.031967;-4.0289154
a;69341158410117;-0.4594574;-15.456696;-4.414322
a;69341178551719;3.7351532;-0.51039124;-2.689911
a;69341198693320;13.041779;15.638916;-3.1351166
a;69341218834922;4.9486237;18.967438;-5.117386
a;69341238976524;-0.68270874;18.967438;-1.1403351
a;69341259118125;1.5669098;17.533218;4.633438
a;69341279259727;7.10083;4.4038544;6.8372498
a;69341299401328;16.372543;-12.747055;-7.94722
a;69341319542930;11.885254;-20.031967;-19.114319
a;69341339684531;2.6320496;-20.031967;-4.8931274
a;69341359826133;1.2513123;-20.031967;-1.2728882
a;69341379967734;-4.061035;-19.913101;-3.7658234
a;69341400109336;-2.455307;-12.48143;-1.9402771
a;69341420250938;2.7368622;-0.32463074;0.3910675
a;69341440392539;9.0585785;14.344254;-0.6761322
a;69341460534141;3.4125824;18.967438;-2.016388
a;69341480675742;-0.55085754;18.967438;-0.5166168
a;69341500817344;0.5325165;15.764603;2.6825867
a;69341520958945;5.7510376;4.116989;2.953186
a;69341541100547;11.237732;-8.35788;-2.1297607
a;69341561242149;13.312408;-19.253159;-13.593979
a;69341581383750;8.935074;-20.031967;-13.134796
a;69341601525352;4.9954376;-20.031967;-3.0155945
a;69341621666953;-1.1475677;-20.031967;-4.0556946
a;69341641808555;-1.4055634;-19.404846;-5.2647552
a;69341661950156;-0.4394226;-13.505646;-3.5931244
a;69341682091758;1.1526184;-6.5639496;-0.3690033
a;69341702233359;2.0348053;0.24108887;0.74775696
a;69341722374961;1.7387238;8.243011;-0.22355652
a;69341742516563;-0.018447876;8.294357;1.3700562
a;69341762658164;-0.5769501;4.348068;0.7038574
a;69341782799766;-0.47543335;2.3850098;0.8979492
a;69341802941367;-0.53341675;1.7256775;2.4286652
a;69341823082969;0.10180664;0.31340027;2.8104706
a;69341843224570;1.6316376;-3.803772;2.2059784
a;69341863366172;3.0379944;-7.4563293;2.2097473
a;69341883507774;5.2490845;-8.686249;4.0596466
a;69341903649375;5.9319305;-9.958939;6.0778656
a;69341923790977;6.3079834;-13.431198;2.1904144
a;69341943932578;8.087448;-10.29953;-0.4490204
a;69341964074180;8.155609;-6.472107;2.5279236
a;69341984215781;7.6469116;-4.7618713;6.1751556
a;69342004357383;9.933762;-5.659912;4.8598633
a;69342024498984;11.486465;-5.3607635;2.8325958
a;69342044640586;9.829086;-3.1954803;1.3617706
a;69342064782188;8.721649;-1.0212402;0.6416931
a;69342084923789;10.356247;0.02128601;0.16345215
a;69342105065391;12.776276;-0.61213684;0.22877502
a;69342125206992;14.258423;-1.9006042;0.12728882
a;69342145348594;14.891983;-3.062973;0.1496582
a;69342165490195;15.720261;-4.031082;-0.03475952
a;69342185631797;15.7465515;-4.5783386;-0.40960693
a;69342205773399;14.96051;-4.7176666;-0.50457764
a;69342225915000;13.868134;-4.6215515;-0.3090973
a;69342246056602;12.712723;-3.86557;-0.7133026
a;69342266198203;11.435654;-2.82695;-0.70695496
a;69342286339805;10.380478;-2.7881165;-0.21310425
a;69342306481406;9.691635;-3.361969;0.56936646
a;69342326623008;10.3237915;-3.3329163;0.95077515
a;69342346764609;10.836029;-2.9470062;0.77523804
a;69342366906211;10.213989;-2.7536926;0.4089203
a;69342387047813;9.546875;-2.639038;0.5193329
a;69342407189414;9.712173;-2.2743378;0.17880249
a;69342427331016;10.070755;-2.3969116;-0.058883667
a;69342447472617;9.853882;-2.8085327;0.011047363
a;69342467614219;9.718567;-3.1913605;0.30880737
a;69342487755820;9.972626;-3.4892426;0.41645813
a;69342507897422;9.820404;-3.6086578;0.3056183
a;69342528039024;9.423248;-3.67659;0.3116455
a;69342548180625;9.570221;-3.579834;0.53601074
a;69342568322227;10.105621;-3.0710754;0.55610657
a;69342588463828;10.3966675;-2.5443573;0.23608398
a;69342608605430;10.302185;-2.1562805;0.2501526
a;69342628747031;10.357086;-2.0254364;1.0312958
a;69342648888633;10.719482;-1.6292877;0.8420105
a;69342669030234;11.028763;-1.0633392;0.3096161
a;69342689171836;10.438889;-0.99812317;0.21835327
a;69342709313438;9.806427;-1.4149933;0.39823914
a;69342729455039;10.028656;-1.6922913;0.8832855
a;69342749596641;10.227814;-1.7729645;0.79681396
a;69342769738242;10.0603485;-1.9386597;0.64393616
a;69342789879844;9.820984;-2.223236;0.64146423
a;69342810021445;9.641937;-2.540268;1.087326
a;69342830163047;9.800491;-2.563919;1.3767853
a;69342850304649;10.084869;-2.4068756;1.2801819
a;69342870446250;9.739365;-2.2904053;1.2835083
a;69342890587852;9.181305;-2.8562927;1.6240387
a;69342910729453;9.621399;-3.5617676;1.9396515
a;69342930871055;10.047256;-3.6707764;2.0400238
a;69342951012656;9.559235;-3.3769684;2.1036987
a;69342971154258;9.281403;-3.6092377;2.1942596
a;69342991295859;9.6345215;-3.9940796;2.437683
a;69343011437461;9.786865;-3.834137;2.8425598
a;69343031579063;9.422668;-3.6738281;2.9570007
a;69343051720664;9.00029;-3.7995758;2.9025116
a;69343071862266;8.523727;-4.0751953;2.940216
a;69343092003867;8.325851;-4.212387;2.9509277
a;69343112145469;8.180634;-4.0457;2.8575134
a;69343132287070;7.7130585;-3.9548492;2.7660675
a;69343152428672;7.2108917;-4.130371;2.771103
a;69343172570274;6.8500824;-4.206665;2.7283783
a;69343192711875;6.87764;-3.9904785;2.5723572
a;69343212853477;7.1736145;-4.358261;2.2788239
a;69343232995078;7.1475983;-4.7350464;2.355606
a;69343253136680;6.939514;-4.435959;2.5593262
a;69343273278281;6.7361145;-4.034958;2.9410248
a;69343293419883;6.824814;-3.8345337;3.0032349
a;69343313561484;7.1006317;-3.473816;3.1243744
a;69343333703086;6.938736;-3.375473;3.3717957
a;69343353844688;6.8928223;-3.3858032;3.1571808
a;69343373986289;7.137451;-3.324936;3.1707
a;69343394127891;7.3326874;-3.1007996;2.999771
a;69343414269492;7.1588745;-3.1229248;2.851303
a;69343434411094;7.3339996;-2.8212128;3.1170654
a;69343454552695;7.4897156;-2.282318;3.2130585
a;69343474694297;7.6400604;-2.3303528;2.841217
a;69343494835899;8.40564;-2.6765442;2.513092
a;69343514977500;9.205521;-2.839798;2.3439636
a;69343535119102;10.302307;-3.1668396;2.3229523
a;69343555260703;11.234909;-3.3097534;2.0269012
a;69343575402305;11.470413;-3.431656;1.7894287
a;69343595543906;11.716751;-3.0049896;1.6881866
a;69343615685508;12.296204;-2.314911;1.2613678
a;69343635827109;12.650848;-3.4021912;0.6661072
a;69343655968711;11.488831;-2.9046173;0.8657074
a;69343676110313;11.293152;-0.6464386;1.7909698
a;69343696251914;9.158035;-0.14291382;3.0715637
a;69343716393516;8.574875;-2.311325;3.6414337
a;69343736535117;9.84584;-4.9484253;5.6295166
a;69343756676719;8.580017;-4.6805573;8.927032
a;69343776818320;7.264618;-5.354477;7.5196533
a;69343796959922;6.5172424;-3.9687653;4.833252
a;69343817101524;7.02388;-1.7574921;3.89563
a;69343837243125;9.03537;-2.0121002;2.5950012
a;69343857384727;10.405563;-3.997055;0.6984558
a;69343877526328;10.083084;-2.3295746;1.2772064
a;69343897667930;8.772247;0.01689148;3.224411
a;69343917809531;9.4145355;-1.1690979;1.8064423
a;69343937951133;8.898056;-0.8178711;2.3450165
a;69343958092734;9.073364;-0.5762024;3.2660065
a;69343978234336;9.097229;-1.6500702;3.928955
a;69343998375938;9.00975;-1.8939056;4.0562134
a;69344018517539;8.792389;-2.1924438;3.8287659
a;69344038659141;8.7778015;-2.8814545;3.618042
a;69344058800742;8.835785;-3.0582123;3.9225616
a;69344078942344;8.94368;-2.5730133;4.211319
a;69344099083945;9.105087;-2.0080261;4.2167664
a;69344119225547;8.997803;-1.7071533;4.2550507
a;69344139367149;8.576065;-2.333023;3.76503
a;69344159508750;8.193314;-2.9066772;3.9691772
a;69344179650352;8.089371;-3.349594;3.9879608
a;69344199791953;8.011139;-3.6937256;3.8429413
a;69344219933555;8.775604;-3.4631805;3.8734741
a;69344240075156;8.913452;-3.0618591;4.017761
a;69344260216758;8.75119;-2.6925507;4.3591614
a;69344280358359;8.512238;-3.008484;4.518173
a;69344300499961;8.38623;-4.259323;4.393875
a;69344320641563;8.201065;-4.098999;4.1730957
a;69344340783164;7.6183777;-3.863556;4.0762177
a;69344360924766;7.211609;-3.7329102;4.3756866
a;69344381066367;7.259094;-3.6066742;4.333206
a;69344401207969;7.9240417;-4.4644623;4.079544
a;69344421349570;7.571121;-4.3029633;3.6178284
a;69344441491172;7.9565887;-4.332779;2.9662323
a;69344461632774;8.085602;-5.129776;2.4807281
a;69344481774375;8.299988;-5.5318756;2.6033325
a;69344501915977;8.300751;-5.9401093;2.6540375
a;69344522057578;8.064758;-5.544647;2.508484
a;69344542199180;8.337067;-5.494293;2.1993103
a;69344562340781;7.954605;-5.2857056;2.501358
a;69344582482383;7.751053;-4.7353363;2.4264984
a;69344602623984;7.8256836;-4.806717;2.2564392
a;69344622765586;7.8574066;-4.6026917;1.9200897
a;69344642907188;7.8060303;-3.2113037;1.8728638
a;69344663048789;7.4282074;-1.8568268;1.9802094
a;69344683190391;8.341293;-3.5046234;1.1054382
a;69344703331992;8.175247;-2.2247772;1.2202606
a;69344723473594;9.1770935;-3.3909454;1.2415924
a;69344743615195;8.947891;-5.1639557;1.2420654
a;69344763756797;9.045792;-4.7021637;1.8704224
a;69344783898399;9.330582;-4.608658;3.4736633
a;69344804040000;8.615875;-5.8342285;4.189392
a;69344824181602;8.550079;-5.0955048;4.266281
a;69344844323203;8.585876;-4.250824;3.6390686
a;69344864464805;8.1197815;-4.645706;3.412033
a;69344884606406;8.173828;-4.9937744;3.5174713
a;69344904748008;8.027573;-5.348877;3.8830566
a;69344924889609;8.005676;-5.6137238;4.1534424
a;69344945031211;7.889267;-5.8114624;3.8581543
a;69344965172813;7.591568;-5.7278137;3.5760193
a;69344985314414;7.492264;-5.3503723;2.863861
a;69345005456016;7.8797455;-5.9988556;2.5337067
a;69345025597617;7.700653;-5.7098694;2.9051056
a;69345045739219;7.0782623;-5.4306946;4.0570374
a;69345065880820;7.2483826;-6.0928345;4.179489
a;69345086022422;7.3620453;-6.243164;3.6172333
a;69345106164024;7.271988;-5.9046936;2.925888
a;69345126305625;7.363159;-4.992981;2.9869385
a;69345146447227;7.5608673;-6.068619;3.1662598
a;69345166588828;7.5623474;-6.382477;4.126648
a;69345186730430;7.5266724;-6.579727;3.93779
a;69345206872031;7.0104675;-5.6268005;3.3171387
a;69345227013633;7.220047;-5.761215;2.9984741
a;69345247155234;7.215576;-6.3158264;3.5953522
a;69345267296836;7.2465057;-5.1657104;3.958023
a;69345287438438;7.4824677;-6.599289;3.8603668
a;69345307580039;7.324173;-6.0629883;3.7256012
a;69345327721641;7.3827667;-5.1231384;3.640442
a;69345347863242;7.2334595;-5.5488586;3.3687134
a;69345368004844;7.2549133;-5.618576;3.49263
a;69345388146445;7.3549805;-5.932495;3.6463623
a;69345408288047;7.315613;-6.1314697;3.4972534
a;69345428429649;7.469574;-5.4634705;3.5090637
a;69345448571250;7.410736;-5.4316254;3.3860168
a;69345468712852;7.56398;-5.4623413;3.4059448
a;69345488854453;7.798996;-5.584198;3.4339905
a;69345508996055;7.6838074;-5.1648865;3.4357147
a;69345529137656;7.5950317;-5.131546;3.4832153
a;69345549279258;7.6704407;-4.8733826;3.581131
a;69345569420859;7.8826904;-5.506958;3.6586914
a;69345589562461;7.988022;-5.3018494;3.486374
a;69345609704063;7.8741913;-4.753372;3.3267975
a;69345629845664;7.819504;-4.6433563;3.0701294
a;69345649987266;7.8256836;-4.9663696;3.095749
a;69345670128867;7.9049683;-5.0777893;3.7969513
a;69345690270469;8.058395;-4.9929657;3.6969757
a;69345710412070;8.0221405;-4.8979645;3.240982
a;69345730553672;8.015549;-4.6493835;3.0412903
a;69345750695274;8.035324;-4.3484497;2.8304138
a;69345770836875;8.118195;-4.6385956;3.3111572
a;69345790978477;8.281647;-5.0604706;3.886139
a;69345811120078;8.204758;-4.7884674;3.4464264
a;69345831261680;8.01918;-4.5346375;2.3897552
a;69345851403281;7.7134247;-4.4049225;2.5401611
a;69345871544883;8.03862;-4.8733673;2.879486
a;69345891686484;8.090149;-4.9258423;3.2388306
a;69345911828086;7.8704834;-4.6926727;3.2184448
a;69345931969688;7.783966;-4.899643;2.983612
a;69345952111289;7.9597626;-5.298294;2.8896637
a;69345972252891;8.1284485;-4.9854584;2.8428497
a;69345992394492;8.152527;-4.590805;2.8129578
a;69346012536094;8.121765;-4.6423187;2.6287384
a;69346032677695;8.085342;-4.875992;2.437088
a;69346052819297;8.28566;-5.368973;2.729248
a;69346072960899;8.365845;-5.559799;3.125946
a;69346093102500;8.188889;-5.427765;3.1384583
a;69346113244102;8.143341;-5.300232;2.947281
a;69346133385703;8.071106;-5.1166687;2.8361664
a;69346153527305;8.186523;-4.995804;2.7265015
a;69346173668906;8.200256;-4.983902;2.5089264
a;69346193810508;8.197418;-4.998535;2.3873901
a;69346213952109;8.223953;-5.0077972;2.4762726
a;69346234093711;8.290619;-5.2185364;2.5410614
a;69346254235313;8.150879;-4.985626;2.1606598
a;69346274376914;8.098221;-4.508377;1.9376526
a;69346294518516;8.386154;-4.312378;1.8379364
a;69346314660117;8.620148;-4.690262;1.893158
a;69346334801719;8.701355;-5.22641;2.06398
a;69346354943320;8.868179;-4.9473724;1.9413605
a;69346375084922;8.544922;-4.5496063;1.7893677
a;69346395226524;8.134308;-4.3282623;1.7133789
a;69346415368125;8.3537445;-4.5038605;1.5897827
a;69346435509727;8.566681;-4.527191;1.6463776
a;69346455651328;8.807739;-4.558716;1.4898376
a;69346475792930;9.034714;-4.786148;1.2449646
a;69346495934531;8.885269;-4.9124603;1.2703552
a;69346516076133;8.750595;-4.8232574;0.99116516
a;69346536217734;8.465546;-4.636261;0.74505615
a;69346556359336;8.537033;-4.1972504;0.4471588
a;69346576500938;9.041428;-4.6665497;0.2504425
a;69346596642539;9.1766205;-4.8004456;0.74967957
a;69346616784141;9.360031;-5.072815;1.4210052
a;69346636925742;8.874313;-4.54303;1.8362579
a;69346657067344;9.42366;-4.547043;1.5151978
a;69346677208945;9.358017;-5.034622;1.1493988
a;69346697350547;9.102097;-5.1109314;1.6498871
a;69346717492149;8.703537;-4.9070587;1.3765564
a;69346737633750;8.532166;-4.5501556;0.97657776
a;69346757775352;8.705002;-4.696518;0.859848
a;69346777916953;8.661728;-5.202408;1.0227966
a;69346798058555;8.362015;-4.9759216;1.0068512
a;69346818200156;8.031509;-4.6926727;0.88542175
a;69346838341758;7.691101;-5.0927277;0.62776184
a;69346858483359;7.5648804;-5.470581;0.73031616
a;69346878624961;7.4261017;-5.4335938;1.3619537
a;69346898766563;7.378784;-5.2858276;1.4067535
a;69346918908164;7.3788605;-5.4277954;1.388977
a;69346939049766;7.7258606;-5.2230988;1.2187653
a;69346959191367;8.051056;-5.0468597;1.2054901
a;69346979332969;8.099075;-5.1646423;0.9537506
a;69346999474570;8.318207;-5.162445;0.6877594
a;69347019616172;8.150436;-5.1450806;0.57214355
a;69347039757774;8.173737;-5.037842;0.2590027
a;69347059899375;8.23085;-4.8778534;0.42588806
a;69347080040977;8.168243;-4.707947;0.25964355
a;69347100182578;8.292984;-5.163025;0.05189514
a;69347120324180;8.353882;-5.175064;0.05038452
a;69347140465781;8.121796;-4.960907;0.023513794
a;69347160607383;8.186096;-4.987137;0.06745911
a;69347180748984;8.6528015;-5.042694;0.17588806
a;69347200890586;8.83931;-5.167267;0.17694092
a;69347221032188;8.735428;-4.7030487;-0.02897644
a;69347241173789;8.60083;-4.3934784;-0.16981506
a;69347261315391;8.289719;-4.8494263;-0.5944519
a;69347281456992;8.349838;-5.758911;-0.7104492
a;69347301598594;9.024216;-5.9888763;-0.84851074
a;69347321740195;7.944275;-5.2205963;-0.24241638
a;69347341881797;8.341629;-4.4369354;-0.3034668
a;69347362023399;8.361389;-6.24971;-1.3051758
a;69347382165000;8.529236;-6.5302124;-1.7077484
a;69347402306602;8.394348;-5.985092;-1.7445221
a;69347422448203;8.271088;-5.7223053;-1.9922943
a;69347442589805;8.031845;-6.290924;-2.4524994
a;69347462731406;7.614334;-6.2080536;-2.514206
a;69347482873008;7.169937;-5.95665;-2.998413
a;69347503014609;7.6933746;-6.569687;-3.995346
a;69347523156211;8.005646;-7.175537;-4.254135
a;69347543297813;7.791336;-6.439148;-4.1916046
a;69347563439414;7.5283966;-6.311447;-3.9309845
a;69347583581016;7.3059845;-5.2009583;-3.6111755
a;69347603722617;7.56398;-4.7058563;-3.8422241
a;69347623864219;7.423462;-4.8823853;-3.677414
a;69347644005820;7.2553864;-4.7550507;-3.6177826
a;69347664147422;7.2293854;-4.858032;-4.2281494
a;69347684289024;7.338043;-4.662094;-4.536972
a;69347704430625;7.458206;-4.008133;-4.6384583
a;69347724572227;7.1259766;-4.0648193;-4.074463
a;69347744713828;6.7713013;-4.8892517;-3.918335
a;69347764855430;7.3382874;-7.285034;-5.1827393
a;69347784997031;7.921692;-7.553406;-6.192978
a;69347805138633;8.852646;-1.9973297;-3.9690857
a;69347825280234;7.9711304;-0.8089142;-2.0634003
a;69347845421836;8.8485565;-3.94664;-3.421051
a;69347865563438;8.526901;-5.4205933;-3.3140717
a;69347885705039;7.8398438;-5.560623;-1.9928131
a;69347905846641;7.730133;-6.181305;-2.0044708
a;69347925988242;7.852539;-6.2660065;-1.9464722
a;69347946129844;8.019638;-6.6627045;-1.4150543
a;69347966271445;8.182098;-6.821869;-1.3927307
a;69347986413047;8.335785;-6.7473145;-1.5780334
a;69348006554649;8.387772;-6.910965;-1.0417938
a;69348026696250;8.482391;-6.954071;-0.28501892
a;69348046837852;8.716721;-6.2928314;-0.6279907
a;69348066979453;9.187668;-5.6414948;-1.6785736
a;69348087121055;9.437607;-5.9876556;-2.668213
a;69348107262656;9.427292;-6.09816;-2.942276
a;69348127404258;9.181213;-5.53862;-2.2682953
a;69348147545859;8.921799;-5.309799;-1.7478638
a;69348167687461;8.740112;-5.488159;-1.6949768
a;69348187829063;8.72905;-5.7438965;-1.6613312
a;69348207970664;8.671234;-5.970398;-2.1195526
a;69348228112266;8.615982;-5.9098663;-1.9193878
a;69348248253867;8.6622925;-5.901016;-1.6846313
a;69348268395469;8.32251;-6.1380157;-1.0694275
a;69348288537070;7.8998566;-5.723465;-0.34353638
a;69348308678672;7.4731445;-5.4012146;0.12908936
a;69348328820274;7.245453;-5.5250854;0.13337708
a;69348348961875;7.4050903;-6.179764;0.10699463
a;69348369103477;7.57251;-6.24205;0.3756714
a;69348389245078;7.6289215;-6.3706207;0.6690674
a;69348409386680;7.7266693;-6.7154083;0.98579407
a;69348429528281;7.681778;-6.8471985;1.6564636
a;69348449669883;7.3701935;-6.757416;2.3750458
a;69348469811484;6.83696;-6.8412476;2.6414948
a;69348489953086;6.611786;-6.9483185;2.6248322
a;69348510094688;6.647354;-6.948883;2.647522
a;69348530236289;6.554535;-7.031769;2.6722565
a;69348550377891;6.31102;-6.979233;2.6980133
a;69348570519492;6.1368713;-7.015869;2.622345
a;69348590661094;6.0602417;-6.943329;2.9283447
a;69348610802695;6.0766754;-6.734543;3.3084717
a;69348630944297;5.998062;-6.679962;3.2445526
a;69348651085899;6.0427856;-6.92453;2.9624786
a;69348671227500;6.1817017;-7.2938843;2.7275238
a;69348691369102;6.284317;-7.516876;2.6942291
a;69348711510703;6.320389;-7.555023;2.7098846
a;69348731652305;6.434845;-7.631485;2.6376038
a;69348751793906;6.508957;-7.6069946;2.9906158
a;69348771935508;6.5733337;-7.472748;3.483429
a;69348792077109;6.5884247;-7.441101;3.5019073
a;69348812218711;6.4224396;-7.582733;3.2507172
a;69348832360313;6.331482;-7.980011;2.9370422
a;69348852501914;6.288666;-8.164368;3.0180511
a;69348872643516;6.049988;-7.8554993;3.2874908
a;69348892785117;5.6522064;-7.6068115;3.574234
a;69348912926719;5.2679596;-7.403488;3.8808594
a;69348933068320;4.998993;-7.179138;4.0030823
a;69348953209922;4.705765;-7.00264;4.1070557
a;69348973351524;4.599884;-7.0919952;4.1455383
a;69348993493125;4.7062073;-7.281128;4.2955017
a;69349013634727;4.708191;-7.3164673;4.4748993
a;69349033776328;4.705261;-7.2025757;4.295807
a;69349053917930;4.563919;-7.301605;4.1547546
a;69349074059531;4.789978;-7.6440277;3.9132538
a;69349094201133;5.3183746;-7.7963715;3.9728851
a;69349114342734;5.583008;-7.748749;4.1872864
a;69349134484336;5.3903503;-7.443878;4.1733246
a;69349154625938;4.90036;-7.33873;3.9365082
a;69349174767539;4.8032837;-7.6670227;3.6414185
a;69349194909141;4.9676056;-8.202957;3.55159
a;69349215050742;5.0345306;-8.456543;3.323761
a;69349235192344;4.9491577;-8.578354;3.2423096
a;69349255333945;4.7565155;-8.491318;3.3114777
a;69349275475547;4.5762024;-8.563843;3.4103394
a;69349295617149;4.404312;-8.5885315;3.691452
a;69349315758750;4.3267975;-8.621567;3.7334137
a;69349335900352;4.110321;-8.469223;3.85495
a;69349356041953;3.7794952;-8.238388;4.1354675
a;69349376183555;3.68013;-8.318573;4.329941
a;69349396325156;3.7554474;-8.643753;4.3529205
a;69349416466758;3.8539886;-9.048508;4.5278473
a;69349436608359;3.8613434;-8.9122925;4.627243
a;69349456749961;3.6258087;-8.522369;4.393921
a;69349476891563;3.2859344;-8.108368;4.1879425
a;69349497033164;2.8389893;-7.494873;4.4045563
a;69349517174766;2.6672974;-7.54068;4.706604
a;69349537316367;2.8641663;-7.4837494;4.9827423
a;69349557457969;2.5665588;-7.447464;5.3255157
a;69349577599570;2.0604095;-7.3959503;5.4840546
a;69349597741172;2.119522;-7.723633;5.772461
a;69349617882774;2.2292023;-7.4869995;6.1360626
a;69349638024375;1.9534302;-7.145355;6.606659
a;69349658165977;1.780777;-6.955353;6.751709
a;69349678307578;1.7562561;-6.888275;6.635193
a;69349698449180;1.5587616;-6.7775726;6.328369
a;69349718590781;1.3870544;-7.0921783;6.0232544
a;69349738732383;1.601059;-7.1616516;6.046524
a;69349758873984;1.451477;-7.0288086;6.384506
a;69349779015586;1.1708679;-6.8177643;6.7249756
a;69349799157188;0.9846344;-6.706833;6.8368835
a;69349819298789;0.93315125;-7.164444;6.4879913
a;69349839440391;0.8464966;-7.4282074;5.8427277
a;69349859581992;0.46736145;-7.377899;6.002487
a;69349879723594;0.735672;-7.052124;6.5657196
a;69349899865195;0.6378479;-6.685913;7.0076447
a;69349920006797;0.37579346;-6.8090515;6.889145
a;69349940148399;0.3125763;-6.989731;6.694275
a;69349960290000;0.12565613;-7.304718;6.590988
a;69349980431602;0.17289734;-7.6861267;6.5411224
a;69350000573203;0.23475647;-7.8047333;6.7311096
a;69350020714805;0.17764282;-7.5553284;6.8666077
a;69350040856406;-0.0819397;-7.421829;6.7582855
a;69350060998008;0.23977661;-7.6499786;6.6079254
a;69350081139609;0.23458862;-7.502075;6.5738983
a;69350101281211;-0.025299072;-7.632477;6.6437073
a;69350121422813;-0.011550903;-7.6715393;6.633255
a;69350141564414;-0.21643066;-7.430908;6.6285095
a;69350161706016;-0.26083374;-7.2714996;6.640442
a;69350181847617;-0.21961975;-7.2426453;6.5254974
a;69350201989219;-0.26252747;-7.4335327;6.5401306
a;69350222130820;-0.15985107;-7.728409;6.5207825
a;69350242272422;-0.114852905;-7.4960327;6.606552
a;69350262414024;-0.21876526;-7.2449646;6.515442
a;69350282555625;-0.19725037;-7.327194;6.329712
a;69350302697227;0.037322998;-7.3983154;6.4908752
a;69350322838828;0.058532715;-7.3227386;6.6455383
a;69350342980430;0.12689209;-7.348587;6.7776794
a;69350363122031;0.05923462;-7.432251;6.5556946
a;69350383263633;-0.009811401;-7.3624573;6.375595
a;69350403405234;-0.05206299;-7.401642;6.3501434
a;69350423546836;-0.059005737;-7.211075;6.4888
a;69350443688438;-0.24198914;-6.9769287;6.583679
a;69350463830039;-0.41279602;-7.036499;6.5729218
a;69350483971641;-0.53100586;-7.5398254;6.275238
a;69350504113242;-0.69215393;-7.6369476;6.121582
a;69350524254844;-0.7298584;-6.97435;6.0660553
a;69350544396445;-0.92445374;-6.346466;6.1325226
a;69350564538047;-0.92518616;-5.7643585;5.922394
a;69350584679649;-1.3594666;-7.030243;5.1836243
a;69350604821250;-1.9474335;-8.758881;4.669922
a;69350624962852;-1.2035828;-9.396118;4.6292877
a;69350645104453;-0.65226746;-9.508148;4.374344
a;69350665246055;-0.6880951;-10.018829;3.660553
a;69350685387656;-0.53652954;-10.63295;3.6891174
a;69350705529258;-0.21858215;-10.454239;4.366577
a;69350725670859;0.21540833;-9.586975;5.1627655
a;69350745812461;0.48168945;-8.893463;5.0169983
a;69350765954063;0.5644226;-9.172546;4.533386
a;69350786095664;0.7501526;-9.620071;4.322174
a;69350806237266;0.5158844;-9.369171;4.539734
a;69350826378867;0.37031555;-8.543549;5.128647
a;69350846520469;0.4259796;-8.073654;5.449707
a;69350866662070;0.24942017;-8.455856;5.159912
a;69350886803672;0.27627563;-8.201401;5.065918
a;69350906945274;0.06278992;-8.452698;5.2456665
a;69350927086875;0.0076446533;-8.518509;5.8083344
a;69350947228477;-0.06291199;-8.3511505;5.819626
a;69350967370078;-0.33158875;-8.473724;5.392746
a;69350987511680;-0.33866882;-8.271088;5.192993
a;69351007653281;-0.37872314;-8.327347;5.156204
a;69351027794883;-0.28164673;-8.587128;5.135254
a;69351047936484;-0.24075317;-8.800873;5.0522766
a;69351068078086;-0.38197327;-8.800995;5.0002136
a;69351088219688;-0.35562134;-8.670898;4.8982086
a;69351108357260;-0.27127075;-8.578857;4.9857635
a;69351128498862;-0.19897461;-8.800064;4.9519043
a;69351148640463;-0.1340332;-8.6020355;5.0800934
a;69351168782065;-0.29785156;-8.643936;5.154175
a;69351188923666;-0.23016357;-8.598007;5.3032837
a;69351209065268;-0.12162781;-8.347061;5.2909546
a;69351229206870;-0.123306274;-8.31691;5.419037
a;69351249348471;-0.123291016;-8.376587;5.5274506
a;69351269490073;-0.16560364;-8.556824;5.483597
a;69351289631674;-0.11276245;-8.487595;5.4033966
a;69351309773276;-0.16993713;-8.4904785;5.281601
a;69351329914877;-0.1995697;-8.373413;5.330673
a;69351350056479;-0.19488525;-8.355713;5.3832855
a;69351370198080;-0.12496948;-8.573624;5.3112793
a;69351390339682;-0.110565186;-8.675507;5.2351227
a;69351410481284;-0.28805542;-8.520889;5.202896
a;69351430622885;-0.32173157;-8.346008;5.238037
a;69351450764487;-0.19535828;-8.363235;5.254059
a;69351470906088;-0.18162537;-8.525879;5.31369
a;69351491047690;-0.28128052;-8.624481;5.3560486
a;69351511189291;-0.27993774;-8.436127;5.2677765
a;69351531330893;-0.26618958;-8.381866;5.2133026
a;69351551472495;-0.17214966;-8.396774;5.351486
a;69351571614096;-0.20478821;-8.554886;5.4798737
a;69351591755698;-0.174057;-8.680496;5.49881
a;69351611897299;-0.17797852;-8.548553;5.3861694
a;69351632038901;-0.20393372;-8.409409;5.283478
a;69351652180502;-0.24316406;-8.338776;5.3925476
a;69351672322104;-0.17382813;-8.393967;5.4646606
a;69351692463705;-0.15640259;-8.439194;5.3478546
a;69351712605307;-0.12043762;-8.4543915;5.2390137
a;69351732746909;-0.2122345;-8.547501;5.191391
a;69351752888510;-0.22221375;-8.46051;5.203415
a;69351773030112;-0.1802826;-8.364914;5.290085
a;69351793171713;-0.16352844;-8.6124115;5.285324
a;69351813313315;-0.32836914;-8.685806;5.2913666
a;69351833454916;-0.31071472;-8.581375;5.3831024
a;69351853596518;-0.14971924;-8.558517;5.18808
a;69351873738120;-0.23999023;-8.390686;5.2489624
a;69351893879721;-0.2934265;-8.455872;5.2587433
a;69351914021323;-0.2974701;-8.489227;5.1808167
a;69351934162924;-0.32028198;-8.439835;5.152176
a;69351954304526;-0.29214478;-8.478592;5.199112
a;69351974446127;-0.28030396;-8.5833435;5.2009125
a;69351994587729;-0.2772522;-8.646149;5.1762085
a;69352014729330;-0.21714783;-8.518509;5.2552032
a;69352034870932;-0.28822327;-8.459061;5.2234497
a;69352055012534;-0.38612366;-8.408035;5.071396
a;69352075154135;-0.34925842;-8.319443;5.1361694
a;69352095295737;-0.17832947;-8.5264435;5.33165
a;69352115437338;0.06732178;-8.519348;5.4443817
a;69352135578940;0.1457367;-8.588699;5.800003
a;69352155720541;0.002822876;-8.561264;5.7868805
a;69352175862143;-0.19747925;-8.438385;5.633301
a;69352196003745;-0.041397095;-8.326752;5.769684
a;69352216145346;0.10089111;-7.918808;6.17688
a;69352236286948;0.054641724;-8.466095;5.808914
a;69352256428549;0.14527893;-8.621613;5.618393
a;69352276570151;0.1618042;-8.3172455;5.5899963
a;69352296711752;0.19599915;-8.323288;5.5358887
a;69352316853354;0.35031128;-8.123688;5.6215515
a;69352336994955;0.480011;-7.7106476;5.8629913
a;69352357136557;0.42131042;-7.5946045;5.4330444
a;69352377278159;0.44187927;-7.7578735;5.2529755
a;69352397419760;0.61698914;-7.3123016;5.3355255
a;69352417561362;0.6744385;-7.16803;5.6114807
a;69352437702963;0.6833496;-7.041168;5.687195
a;69352457844565;0.3982544;-7.5653534;5.306061
a;69352477986166;0.11480713;-8.257843;4.539276
a;69352498127768;-0.4719391;-9.139099;3.2556
a;69352518269370;-0.32655334;-8.979523;2.9201508
a;69352538410971;-0.2583313;-8.215134;3.0191345
a;69352558552573;-0.6206207;-7.4822083;3.1588593
a;69352578694174;-0.39343262;-7.636688;3.4928894
a;69352598835776;0.74824524;-8.057632;3.792099
a;69352618977377;2.0134277;-8.731171;4.7791443
a;69352639118979;2.9897766;-9.8918;5.8178864
a;69352659260580;3.5079346;-9.905624;6.331772
a;69352679402182;3.1808472;-9.781113;6.855606
a;69352699543784;2.3214874;-10.347916;6.8327026
a;69352719685385;2.2207794;-10.886246;6.247406
a;69352739826987;2.724823;-10.820175;5.5496063
a;69352759968588;2.735077;-10.396057;5.386078
a;69352780110190;2.8450165;-9.171295;5.665268
a;69352800251791;2.3845062;-8.579117;3.9579315
a;69352820393393;2.691513;-9.6138;3.8613892
a;69352840534995;2.162613;-11.548981;2.1965332
a;69352860676596;1.1806183;-12.734955;0.7015228
a;69352880818198;0.535614;-10.452881;2.649704
a;69352900959799;0.9256134;-9.260223;4.1724854
a;69352921101401;1.6476898;-9.315903;4.643921
a;69352941243002;1.9151001;-8.320175;5.170105
a;69352961384604;1.59375;-8.65892;4.350189
a;69352981526205;1.4470215;-8.769455;4.299347
a;69353001667807;1.865448;-8.68396;5.1321716
a;69353021809409;1.9694977;-7.1629944;6.2053375
a;69353041951010;1.3347015;-6.469223;6.8583374
a;69353062092612;1.207489;-6.762451;7.0126038
a;69353082234213;1.602478;-6.235077;7.3769073
a;69353102375815;1.2470856;-6.172653;7.4580383
a;69353122517416;1.3211212;-6.6596375;7.2388306
a;69353142659018;1.5792999;-6.216461;7.2572174
a;69353162800620;1.5764618;-5.7621613;7.399124
a;69353182942221;1.4119415;-5.0218506;7.290695
a;69353203083823;1.4382324;-4.836609;7.3844147
a;69353223225424;1.7668152;-4.1361694;7.548706
a;69353243367026;1.8583832;-3.8930511;8.208221
a;69353263508627;1.8351593;-3.6326447;8.082886
a;69353283650229;1.9949036;-3.4268188;8.247269
a;69353303791830;2.16568;-3.5992737;8.233215
a;69353323933432;2.32901;-3.7630463;8.199341
a;69353344075034;2.5212097;-4.1901855;8.181763
a;69353364216635;2.3352814;-4.5880737;8.291046
a;69353384358237;2.0442963;-4.5929565;8.393829
a;69353404499838;2.013504;-4.27269;8.700638
a;69353424641440;1.9663239;-4.211426;8.781448
a;69353444783041;1.8902893;-4.214798;8.616287
a;69353464924643;1.9201202;-4.053787;8.612335
a;69353485066245;1.9230042;-3.8149414;8.551178
a;69353505207846;1.8920441;-3.6312866;8.524429
a;69353525349448;1.8508911;-3.559494;8.594879
a;69353545491049;1.9741516;-3.9080658;8.616577
a;69353565632651;2.1846924;-3.9964905;8.731842
a;69353585774252;2.0625916;-3.9547882;8.745926
a;69353605915854;2.094452;-4.1655426;8.790497
a;69353626057455;2.0896149;-4.0908356;8.77092
a;69353646199057;2.187317;-3.8602753;8.654236
a;69353666340659;2.128769;-3.8332672;8.561478
a;69353686482260;2.0559845;-3.8442993;8.526123
a;69353706623862;2.0852509;-3.9846191;8.563721
a;69353726765463;2.119812;-4.0283356;8.480988
a;69353746907065;2.0879974;-4.162903;8.824646
a;69353767048666;1.495163;-3.9179077;8.63147
