a;8597928646502;-0.20140076;-1.030426;9.713974
a;8597948788104;-0.12284851;-0.8692169;9.610016
a;8597968929705;-0.33772278;-0.8718872;9.6901245
a;8597989071307;-0.26991272;-1.0170441;9.562027
a;8598009212909;-0.07418823;-0.8063507;9.420532
a;8598029354510;-0.073898315;-0.8645935;9.2378235
a;8598049496112;-0.2256012;-1.1128693;9.347778
a;8598069637713;-0.20706177;-0.86613464;9.578033
a;8598089779315;-0.231781;-0.6127472;9.518509
a;8598109920916;-0.18739319;-0.65075684;9.3164215
a;8598130062518;-0.008880615;-0.9503479;9.283463
a;8598150204119;-0.09082031;-1.1843109;9.496933
a;8598170345721;-0.1819458;-1.0578156;9.561661
a;8598190487323;-0.34101868;-0.57814026;9.64032
a;8598210628924;-0.28675842;-0.31793213;9.426071
a;8598230770526;-0.2929535;-0.49015808;8.919189
a;8598250912127;0.5176544;-0.32499695;8.427582
a;8598271053729;0.63668823;-0.065338135;7.638626
a;8598291195330;0.48872375;0.5163269;6.384964
a;8598311336932;0.91651917;0.6959381;5.411484
a;8598331478534;0.52471924;1.1877441;4.8242188
a;8598351620135;0.5158386;1.4369812;4.1065674
a;8598371761737;1.0887604;1.5811005;3.293396
a;8598391903338;1.898346;1.9790344;3.1907196
a;8598412044940;2.5062866;1.8480072;2.352188
a;8598432186541;3.2515106;1.1347656;1.3647919
a;8598452328143;4.650406;-0.35473633;0.96495056
a;8598472469744;6.410263;-2.42128;2.158493
a;8598492611346;8.137054;-5.8909607;3.0647125
a;8598512752948;9.322205;-8.763306;1.6903687
a;8598532894549;9.4956665;-8.6792145;-0.41807556
a;8598553036151;8.706497;-7.765808;-1.4763336
a;8598573177752;9.728195;-8.636383;-1.2310028
a;8598593319354;13.001297;-11.024078;-0.67059326
a;8598613460955;13.703003;-11.676712;-0.7688446
a;8598633602557;11.977661;-10.433609;-1.7904968
a;8598653744159;12.108917;-8.934677;-2.626297
a;8598673885760;13.212677;-8.628281;-3.1175232
a;8598694027362;13.594269;-8.887573;-2.7747955
a;8598714168963;13.828415;-9.014114;-2.0517273
a;8598734310565;13.519394;-8.752289;-1.585434
a;8598754452166;12.879166;-8.066391;-1.4958038
a;8598774593768;12.133514;-7.3672485;-1.5003052
a;8598794735369;11.380142;-6.7905884;-1.3413849
a;8598814876971;10.868286;-6.3444824;-1.1621399
a;8598835018573;10.475128;-5.9373474;-0.88853455
a;8598855160174;9.98056;-4.964508;-0.8246765
a;8598875301776;9.447861;-3.670166;-0.792099
a;8598895443377;9.211807;-3.2023468;-0.9732971
a;8598915584979;9.029755;-3.593689;-0.98217773
a;8598935726580;8.838593;-3.5625153;-0.8562622
a;8598955868182;8.823685;-2.7351685;-0.73513794
a;8598976009784;9.116241;-2.5002136;-0.78175354
a;8598996151385;9.505203;-2.7984314;-0.85798645
a;8599016292987;9.675354;-2.6913452;-0.8748474
a;8599036434588;9.818314;-2.509201;-0.88539124
a;8599056576190;9.911102;-2.378479;-0.85440063
a;8599076717791;9.891434;-2.2544403;-0.63682556
a;8599096859393;9.80011;-2.0882568;-0.49267578
a;8599117000994;9.686188;-1.8155823;-0.41140747
a;8599137142596;9.541153;-1.6006927;-0.28944397
a;8599157284198;9.540756;-1.6575623;-0.23756409
a;8599177425799;9.59758;-1.5748901;-0.30802917
a;8599197567401;9.640961;-1.544693;-0.3409729
a;8599217709002;9.670273;-1.3539276;-0.3506317
a;8599237850604;9.7260895;-1.2700653;-0.39878845
a;8599257992205;9.819168;-1.3974915;-0.4795227
a;8599278133807;9.786758;-1.3433075;-0.5439606
a;8599298275409;9.677414;-1.275177;-0.56365967
a;8599318417010;9.717194;-1.3754883;-0.6094513
a;8599338558612;9.737503;-1.412262;-0.6507263
a;8599358700213;9.658417;-1.1849213;-0.6664734
a;8599378841815;9.571365;-1.079361;-0.6522217
a;8599398983416;9.63446;-1.1628876;-0.6536102
a;8599419125018;9.611084;-1.2335358;-0.6729431
a;8599439266619;9.600037;-1.4787598;-0.70384216
a;8599459408221;9.693085;-1.8981476;-0.80252075
a;8599479549823;9.652008;-2.1516876;-0.89463806
a;8599499691424;9.685028;-2.3545685;-0.78393555
a;8599519833026;9.829803;-3.0378265;-0.67626953
a;8599539974627;9.897339;-3.8890228;-0.61698914
a;8599560116229;9.766083;-4.700714;-0.5675659
a;8599580257830;9.479218;-5.871933;-0.11694336
a;8599600399432;9.404556;-6.289749;0.004257202
a;8599620541034;9.587891;-6.0423584;-0.3267975
a;8599640682635;9.378998;-6.010788;-0.5663452
a;8599660824237;9.072586;-6.1877747;-0.6742554
a;8599680965838;9.054886;-6.0820923;-0.7000885
a;8599701107440;9.094803;-5.8894196;-0.8161316
a;8599721249041;9.096558;-5.778351;-1.0387421
a;8599741390643;9.134506;-5.754959;-1.3143768
a;8599761532244;9.184067;-5.56987;-1.3766632
a;8599781673846;9.357605;-5.3565826;-1.397171
a;8599801815448;9.566406;-5.369644;-1.487442
a;8599821957049;10.785431;-6.226822;-1.8955841
a;8599842098651;13.236725;-7.677002;-2.8409271
a;8599862240252;14.488449;-8.703705;-3.1486664
a;8599882381854;14.228394;-8.623154;-2.331665
a;8599902523455;16.090805;-12.571426;-1.5673523
a;8599922665057;19.444946;-18.138031;-4.5199127
a;8599942806659;19.495438;-19.954468;-6.972168
a;8599962948260;19.48973;-18.022385;-1.5929413
a;8599983089862;17.829956;-14.9423065;-0.02116394
a;8600003231463;14.591293;-7.994385;-2.4872894
a;8600023373065;11.42334;-0.33392334;-3.4680023
a;8600043514666;8.498901;2.856369;-2.421585
a;8600063656268;6.7250366;5.2392426;-1.6391907
a;8600083797869;4.5707397;15.027176;-0.95758057
a;8600103939471;0.1234436;18.967438;1.0794983
a;8600124081073;-4.1922913;18.967438;1.6622162
a;8600144222674;-1.6931458;14.188477;1.924942
a;8600164364276;-0.37939453;6.7091217;2.1242523
a;8600184505877;0.25167847;-1.207489;2.8383026
a;8600204647479;3.1067505;-15.85202;3.225525
a;8600224789080;5.6741333;-20.031967;-3.1758575
a;8600244930682;5.1418;-20.031967;-3.755005
a;8600265072284;0.3510437;-20.031967;1.8040619
a;8600285213885;-2.7260895;-18.155914;0.5081482
a;8600305355487;-1.7231903;-11.599747;-0.42066956
a;8600325497088;0.52119446;-4.574112;0.052825928
a;8600345638690;1.1084595;2.5256653;0.7268219
a;8600365780291;-0.0954895;9.091736;1.7485352
a;8600385921893;-3.24292;13.499222;2.1110077
a;8600406063494;-3.8044128;13.294876;2.442566
a;8600426205096;-1.2875519;7.878647;3.005722
a;8600446346698;-0.066482544;1.9012146;3.3843384
a;8600466488299;1.2147217;-8.200104;2.539795
a;8600486629901;3.4181976;-19.541351;-0.57881165
a;8600506771502;5.5555115;-20.031967;-1.5845642
a;8600526913104;2.3808746;-20.031967;2.1672058
a;8600547054705;-2.3919678;-19.92546;1.2238464
a;8600567196307;-2.6329956;-15.957062;0.085754395
a;8600587337909;-0.09358215;-8.809906;0.29631042
a;8600607479510;0.7978668;-1.3233337;1.3209229
a;8600627621112;0.35087585;7.9451294;2.278839
a;8600647762713;-1.5391388;15.987457;3.437912
a;8600667904315;-3.8137665;15.743286;3.5173187
a;8600688045916;-1.5674133;10.810425;3.2816925
a;8600708187518;0.9628906;5.0479584;2.8618164
a;8600728329119;1.7913513;-2.6472626;2.2906342
a;8600748470721;2.9650269;-15.134628;-0.7881012
a;8600768612323;4.4971313;-20.031967;-1.6524658
a;8600788753924;3.821228;-20.031967;0.53370667
a;8600808895526;0.6982422;-19.667114;2.6682587
a;8600829037127;-0.940979;-15.611938;2.488449
a;8600849178729;-1.3918304;-11.883301;2.3771515
a;8600869320330;-1.6130676;-10.228302;2.4541473
a;8600889461932;-1.1900024;-9.339584;2.608368
a;8600909603534;-0.8118439;-7.6464844;2.9423676
a;8600929745135;-0.86769104;-6.2841797;3.2229462
a;8600949886737;-0.83470154;-5.6042023;3.0814972
a;8600970028338;-0.5411072;-5.080429;2.6580505
a;8600990169940;-0.13294983;-4.239731;2.5570526
a;8601010311541;-0.018325806;-2.9140015;2.3270874
a;8601030453143;-0.08351135;-1.8495178;1.590805
a;8601050594744;0.24249268;-1.934906;1.0384521
a;8601070736346;1.0474854;-2.2276306;0.74102783
a;8601090877948;2.1451569;-2.3265991;0.65216064
a;8601111019549;3.311386;-2.746338;0.078308105
a;8601131161151;4.7255554;-4.1608734;-0.4543457
a;8601151302752;6.3921967;-6.139496;-0.16764832
a;8601171444354;8.074783;-7.2951965;-0.09150696
a;8601191585955;9.980667;-8.642151;-1.2566376
a;8601211727557;12.437439;-10.110474;-1.1646423
a;8601231869159;12.529221;-9.684845;-0.030853271
a;8601252010760;12.17955;-8.812332;0.9373932
a;8601272152362;12.500015;-7.940979;0.45822144
a;8601292293963;13.19577;-7.2407837;-0.91529846
a;8601312435565;13.862991;-7.0283966;-1.3993225
a;8601332577166;14.373795;-7.0773926;-1.5969238
a;8601352718768;14.440369;-7.2102203;-1.7678833
a;8601372860369;13.840805;-7.000885;-1.6947479
a;8601393001971;12.837173;-6.708374;-1.3652191
a;8601413143573;11.698441;-6.297699;-0.7819824
a;8601433285174;11.049042;-5.5569916;-0.30862427
a;8601453426776;10.672394;-4.629898;-0.15818787
a;8601473568377;10.385239;-4.3966675;-0.33862305
a;8601493709979;10.213135;-4.7980347;-0.5644684
a;8601513851580;9.945526;-4.0529327;-0.5507355
a;8601533993182;9.397354;-2.251709;-0.3162384
a;8601554134784;8.751297;-1.7878418;-0.15692139
a;8601574276385;8.478317;-2.5600128;0.015777588
a;8601594417987;8.774963;-3.0076294;-0.043914795
a;8601614559588;9.084183;-2.7173004;-0.35739136
a;8601634701190;9.177719;-2.5259247;-0.6344452
a;8601654842791;9.328293;-2.878006;-0.7794342
a;8601674984393;9.599716;-3.3096466;-0.81700134
a;8601695125994;9.731598;-3.3473358;-0.7717285
a;8601715267596;9.82132;-3.2255402;-0.766449
a;8601735409198;9.739258;-3.02948;-0.71891785
a;8601755550799;9.618713;-2.9118195;-0.6038666
a;8601775692401;9.619278;-2.9259796;-0.47047424
a;8601795834002;9.561707;-2.733078;-0.45414734
a;8601815975604;9.436951;-2.4181213;-0.3940277
a;8601836117205;9.447037;-2.3547668;-0.4595642
a;8601856258807;9.551483;-2.469284;-0.52716064
a;8601876400409;9.650635;-2.5789337;-0.6257782
a;8601896542010;9.535614;-2.4262085;-0.643219
a;8601916683612;9.320511;-2.3217773;-0.7037506
a;8601936825213;9.380173;-2.4907227;-0.5902405
a;8601956966815;9.497223;-2.6428223;-0.6114502
a;8601977108416;9.443527;-2.6135406;-0.6220093
a;8601997250018;9.369019;-2.4575653;-0.61909485
a;8602017391619;9.303528;-2.401001;-0.5157013
a;8602037533221;9.301819;-2.5541687;-0.455307
a;8602057674823;9.306412;-2.6631317;-0.44526672
a;8602077816424;9.357452;-2.6460571;-0.46154785
a;8602097958026;9.306702;-2.5740356;-0.44276428
a;8602118099627;9.272736;-2.6352234;-0.43778992
a;8602138241229;9.344437;-2.7572937;-0.4278717
a;8602158382830;9.38472;-2.8377838;-0.4862976
a;8602178524432;9.434998;-2.8871613;-0.5313263
a;8602198666034;9.411789;-2.8264465;-0.4797058
a;8602218807635;9.411682;-2.8642578;-0.4724579
a;8602238949237;9.40303;-2.8501434;-0.51008606
a;8602259090838;9.417938;-2.93779;-0.5330353
a;8602279232440;9.447449;-2.9278564;-0.5278778
a;8602299374041;9.372269;-2.8892517;-0.49316406
a;8602319515643;9.309616;-2.9189606;-0.4954834
a;8602339657244;9.326401;-2.882248;-0.5110626
a;8602359798846;9.331421;-2.9405975;-0.5310364
a;8602379940448;9.34668;-3.0117645;-0.5619812
a;8602400082049;9.403961;-3.1067505;-0.689621
a;8602420223651;9.455399;-3.3752594;-0.71372986
a;8602440365252;9.328781;-3.835312;-0.41384888
a;8602460506854;9.287003;-4.463791;-0.37176514
a;8602480648455;9.423935;-5.2244415;-0.78852844
a;8602500790057;9.276611;-6.0542297;-0.74305725
a;8602520931659;8.905212;-6.440048;-0.016525269
a;8602541073260;8.751053;-6.5641785;0.084625244
a;8602561214862;8.769531;-7.1147766;-0.5299835
a;8602581356463;8.797592;-7.6944733;-1.0541077
a;8602601498065;8.623032;-8.100937;-0.796051
a;8602621639666;8.353012;-7.8716736;-0.7228241
a;8602641781268;8.376419;-7.8265686;-1.1665955
a;8602661922869;8.4095;-7.7998657;-1.184372
a;8602682064471;8.257965;-7.697159;-0.7268524
a;8602702206073;8.112717;-7.5769806;-1.0227051
a;8602722347674;7.951294;-7.3341217;-1.4962921
a;8602742489276;7.8472595;-7.1412354;-1.3251038
a;8602762630877;8.052261;-7.0800476;-0.662323
a;8602782772479;8.162949;-6.6921387;-0.67918396
a;8602802914080;7.8932953;-6.1254883;-0.89468384
a;8602823055682;7.4761963;-5.7908173;-0.8088684
a;8602843197284;7.732422;-5.648758;-0.39045715
a;8602863338885;8.624619;-5.1713257;-0.15426636
a;8602883480487;8.443756;-4.683029;-0.51246643
a;8602903622088;7.9392395;-4.7187805;-0.5722351
a;8602923763690;8.193085;-4.786667;-0.7481384
a;8602943905291;8.773071;-4.054306;-0.2581482
a;8602964046893;9.426697;-3.6492157;0.23210144
a;8602984188494;9.451218;-4.2301636;-0.009307861
a;8603004330096;9.158081;-4.8658905;-0.10385132
a;8603024471698;8.738266;-4.7986298;-0.2450409
a;8603044613299;8.229477;-5.075485;-0.4308014
a;8603064754901;8.516159;-6.9551544;-0.4750824
a;8603084896502;7.9387665;-7.261841;0.10676575
a;8603105038104;7.127182;-5.6948853;-0.18191528
a;8603125179705;7.84671;-5.4240723;0.60702515
a;8603145321307;8.28331;-4.1164703;-0.8354645
a;8603165462909;9.523239;-3.9965057;0.82125854
a;8603185604510;7.56015;-6.6000977;3.250412
a;8603205746112;6.1380157;-10.95256;2.9907684
a;8603225887713;6.5875397;-7.2502747;1.0713196
a;8603246029315;6.302292;-8.929779;-0.1822815
a;8603266170916;7.6328735;-14.285751;0.79618835
a;8603286312518;6.1193695;-8.342438;2.4571228
a;8603306484753;5.5556183;-5.8065186;1.3699493
a;8603326626355;6.457077;-5.0786743;1.1474609
a;8603346767957;5.8283386;-7.0887756;1.0714722
a;8603366909558;6.6283417;-9.127319;2.7531738
a;8603387051160;6.35466;-8.697266;3.7631989
a;8603407192761;6.0903625;-7.2882233;2.3223877
a;8603427334363;6.8608856;-7.356781;0.5615387
a;8603447475964;7.724365;-6.8017883;-0.86920166
a;8603467617566;8.849442;-4.4569397;-2.6940765
a;8603487759168;9.036392;-2.9615479;-0.24690247
a;8603507900769;9.211868;-4.611389;0.91337585
a;8603528042371;8.9348755;-5.899887;1.3826294
a;8603548183972;8.626617;-6.93248;2.056488
a;8603568325574;7.9707184;-7.1845703;2.3006134
a;8603588467175;7.1849213;-7.373413;2.1930084
a;8603608608777;6.852646;-7.1602936;2.125824
a;8603628750378;7.1032867;-7.0354614;1.9160919
a;8603648891980;7.564804;-7.0713806;2.1268768
a;8603669033582;7.7193604;-7.6480255;2.5434723
a;8603689175183;6.732483;-8.092331;2.7431946
a;8603709316785;6.290741;-7.7430267;2.2279968
a;8603729458386;6.0233765;-7.4748077;2.0255585
a;8603749599988;5.8083954;-7.568344;1.8656464
a;8603769741589;5.7957153;-7.878479;1.5841827
a;8603789883191;5.5693207;-8.086746;1.1496582
a;8603810024793;5.3247375;-8.349442;0.91911316
a;8603830166394;5.3953705;-8.615128;1.3517609
a;8603850307996;5.468628;-8.650543;1.9611053
a;8603870449597;5.4703217;-9.0542145;2.1455994
a;8603890591199;5.272873;-8.866379;1.7701263
a;8603910732800;4.7897797;-8.619858;1.630661
a;8603930874402;4.592224;-8.636688;1.562561
a;8603951016003;4.923294;-8.484573;1.9684601
a;8603971157605;5.108795;-8.530731;2.1632996
a;8603991299207;5.0313873;-8.244247;2.0758057
a;8604011440808;4.7226257;-8.295776;1.7217255
a;8604031582410;4.7616577;-8.457626;1.6094208
a;8604051724011;4.9753876;-8.449432;1.9774933
a;8604071865613;5.2565765;-8.01712;2.2731476
a;8604092007214;5.1985016;-7.77063;2.1421204
a;8604112148816;4.8066864;-8.467987;1.9562378
a;8604132290418;4.7792816;-9.32132;1.9024658
a;8604152432019;5.209259;-8.768967;2.5148163
a;8604172573621;5.452942;-8.353958;3.08609
a;8604192715222;5.7287292;-8.321579;2.8493805
a;8604212856824;5.741913;-8.361984;1.8527985
a;8604232998425;5.8334503;-8.459534;1.4338837
a;8604253140027;5.9080963;-7.6739044;2.074936
a;8604273281628;5.809616;-7.354538;2.3790283
a;8604293423230;5.958481;-7.369812;2.2160492
a;8604313564832;6.1833496;-8.00647;1.7498779
a;8604333706433;6.293167;-7.827347;2.3775482
a;8604353848035;6.1883545;-7.361435;2.6038513
a;8604373989636;6.1612396;-7.3595886;2.2702484
a;8604394131238;6.0814667;-7.503189;2.0260315
a;8604414272839;6.0970306;-7.173645;2.0489807
a;8604434414441;6.130905;-6.770569;2.4472961
a;8604454556043;6.154709;-6.6515503;2.5887146
a;8604474697644;6.3015137;-7.207199;2.4320984
a;8604494839246;6.2803345;-8.275177;2.2333527
a;8604514980847;6.483383;-8.097595;2.838974
a;8604535122449;6.2859344;-7.431137;3.1554413
a;8604555264050;6.3937225;-6.6523285;3.1424255
a;8604575405652;6.506668;-6.985153;2.561432
a;8604595547253;6.436722;-7.023636;2.5672913
a;8604615688855;6.341339;-7.193222;2.9998627
a;8604635830457;6.211258;-7.0693207;3.330841
a;8604655972058;6.569626;-7.279541;3.2314453
a;8604676113660;6.3559723;-7.131073;2.8022156
a;8604696255261;6.2617493;-6.675415;2.8458405
a;8604716396863;6.558426;-6.390732;3.3854828
a;8604736538464;6.55159;-6.9740143;3.6671143
a;8604756680066;6.470703;-7.8390656;3.476059
a;8604776821668;6.619705;-7.344101;3.775406
a;8604796963269;6.3674164;-6.677902;3.481369
a;8604817104871;6.20018;-6.3330994;2.9259949
a;8604837246472;6.092499;-6.700241;2.7951355
a;8604857388074;6.300705;-7.0028687;3.3378448
a;8604877529675;6.3386383;-7.1744537;3.7719421
a;8604897671277;6.3507385;-7.03862;3.815689
a;8604917812878;5.743561;-7.5674286;3.103897
a;8604937954480;6.289383;-6.7770996;3.3507538
a;8604958096082;6.194809;-7.2027435;3.1110992
a;8604978237683;6.025955;-7.450119;3.221405
a;8604998379285;6.271698;-7.5016937;3.3817444
a;8605018520886;6.354065;-7.535446;3.2774506
a;8605038662488;6.168045;-7.634506;3.0050964
a;8605058804089;6.1098175;-7.5021667;3.0156708
a;8605078945691;5.900009;-7.542206;2.8034668
a;8605099087293;5.8292084;-7.7241974;2.8370056
a;8605119228894;5.836792;-7.7401123;2.8464508
a;8605139370496;5.7913055;-7.7237396;2.9310303
a;8605159512097;6.014496;-7.532074;3.1348267
a;8605179653699;6.1589355;-7.603882;3.1861725
a;8605199795300;5.9328156;-7.5029297;3.0992584
a;8605219936902;5.6489105;-7.459961;3.0879974
a;8605240078503;5.6297913;-7.322998;3.2068176
a;8605260220105;5.6896515;-6.9339294;3.886856
a;8605280361707;5.5260315;-7.2169952;4.0176697
a;8605300503308;5.587036;-7.3372803;4.205673
a;8605320644910;5.735733;-7.669052;4.2866364
a;8605340786511;6.0124817;-8.01004;4.7267914
a;8605360928113;6.156891;-8.340195;4.797165
a;8605381069714;6.1250916;-8.328217;4.5685425
a;8605401211316;6.030838;-7.7085724;4.369278
a;8605421352918;5.868347;-6.3825836;3.6042328
a;8605441494519;6.1013184;-4.499832;3.6983948
a;8605461636121;5.8870544;-5.107788;3.6453094
a;8605481777722;5.8173065;-4.506851;3.8754578
a;8605501919324;6.2499237;-4.4309387;4.000717
a;8605522060925;5.541092;-2.918686;2.6394653
a;8605542202527;6.129303;-4.0674133;4.9359436
a;8605562344128;7.0786285;-7.367981;4.7276764
a;8605582485730;8.464859;-8.938034;4.937439
a;8605602627332;7.749817;-8.28447;4.549103
a;8605622768933;7.1503906;-6.6154785;3.5896454
a;8605642910535;6.2604523;-6.5594788;2.6905823
a;8605663052136;6.190811;-7.1049805;2.0516815
a;8605683193738;6.7238007;-6.9352417;1.9968414
a;8605703335339;6.6322174;-6.637909;2.0904846
a;8605723476941;6.34787;-6.599182;2.2322235
a;8605743618543;7.1288147;-7.699188;1.4465332
a;8605763760144;7.3848114;-7.026428;2.2953339
a;8605783901746;7.011444;-6.032257;2.0922089
a;8605804043347;7.283615;-6.4842224;2.0599823
a;8605824184949;7.4548645;-7.308365;2.3356323
a;8605844326550;7.9177704;-7.5208282;1.8774872
a;8605864468152;7.25235;-5.6058044;1.8553772
a;8605884609753;7.229965;-5.787857;1.5155792
a;8605904751355;7.7550354;-6.7477417;1.0748444
a;8605924892957;8.120773;-6.411194;2.1811523
a;8605945034558;7.81131;-5.775116;2.0873566
a;8605965176160;7.9011536;-5.155411;1.5938263
a;8605985317761;7.6505737;-5.1343536;1.454483
a;8606005459363;7.8919983;-5.52507;1.6837769
a;8606025600964;8.004593;-5.7730865;1.5169983
a;8606045742566;7.7819977;-5.194412;1.1370697
a;8606065884168;7.801132;-6.417862;0.33355713
a;8606086025769;8.150345;-7.646057;0.6032715
a;8606106167371;8.158737;-6.842987;1.7876282
a;8606126308972;7.9586945;-5.824936;1.670105
a;8606146450574;7.719116;-5.7911835;0.9487152
a;8606166592175;7.4770203;-6.6664276;0.35635376
a;8606186733777;7.417877;-7.0494385;0.4551239
a;8606206875378;7.481537;-6.5064697;1.1383057
a;8606227016980;7.4820404;-6.3752594;0.9360199
a;8606247158582;7.4220123;-6.9365997;0.7510071
a;8606267300183;7.3749237;-6.8047333;0.9606018
a;8606287441785;7.1790924;-6.6885986;1.1307526
a;8606307583386;7.290283;-6.871521;0.96180725
a;8606327724988;7.3460236;-6.9906464;0.6324463
a;8606347866589;7.122589;-6.6844635;0.38172913
a;8606368008191;7.230591;-6.4129333;-0.99806213
a;8606388149793;8.087036;-7.178711;-5.151001
a;8606408291394;8.924408;-4.2895966;1.5935059
a;8606428432996;6.4687653;-5.643158;0.43371582
a;8606448574597;7.729355;-6.94899;1.1511841
a;8606468716199;8.043152;-6.9632416;1.7998047
a;8606488857800;8.566238;-6.454895;2.8396454
a;8606508999402;8.843033;-5.789093;2.1398163
a;8606529141003;9.175705;-4.929306;1.1661072
a;8606549282605;8.599014;-5.1422424;-0.76145935
a;8606569424207;9.0581665;-5.1151733;-2.5529327
a;8606589565808;9.452332;-4.1254883;-1.8683777
a;8606609707410;8.721451;-2.4982605;-1.628952
a;8606629849011;8.64624;-2.3500977;-0.67529297
a;8606649990613;8.984161;-2.5203857;0.33596802
a;8606670132214;8.549515;-3.4313202;0.8996124
a;8606690273816;8.196793;-4.6346283;1.8768921
a;8606710415418;8.291031;-4.9704285;2.4366913
a;8606730557019;8.2417145;-5.3309784;2.0032654
a;8606750698621;8.632782;-5.7203217;1.7387238
a;8606770840222;8.7261505;-5.4553223;1.34906
a;8606790981824;8.773041;-5.4479523;1.0622711
a;8606811123425;8.52623;-5.7045135;0.97032166
a;8606831265027;8.546326;-5.999878;1.2741852
a;8606851406628;8.227234;-6.0290375;1.6296234
a;8606871548230;7.7117157;-5.992981;1.7072754
a;8606891689832;7.370926;-6.0429993;1.1864014
a;8606911831433;7.6454773;-6.288666;0.41523743
a;8606931973035;7.7400513;-6.265793;0.53286743
a;8606952114636;7.649643;-6.004837;1.5583191
a;8606972256238;7.433838;-6.044525;2.0278015
a;8606992397839;7.555069;-6.2615967;1.5514526
a;8607012539441;7.727188;-6.5493164;0.51538086
a;8607032681043;7.86499;-6.9524384;0.105651855
a;8607052822644;8.226959;-6.978302;0.13356018
a;8607072964246;8.422073;-6.6622314;0.34934998
a;8607093105847;8.326096;-6.369171;0.4565277
a;8607113247449;8.409988;-6.06987;0.4729309
a;8607133389050;8.778839;-5.836151;0.45991516
a;8607153530652;9.114471;-5.6019745;0.10296631
a;8607173672253;9.232056;-5.333832;-0.3895874
a;8607193813855;9.399399;-5.140274;-0.8636017
a;8607213955457;9.624268;-5.0811768;-1.3786011
a;8607234097058;9.656738;-5.1600037;-1.6609955
a;8607254238660;9.66803;-5.258011;-1.7310791
a;8607274380261;9.714783;-5.151169;-1.7735443
a;8607294521863;9.559387;-4.9267273;-1.8297577
a;8607314663464;9.31897;-4.85141;-1.7384644
a;8607334805066;9.259842;-4.685669;-1.5867767
a;8607354946668;9.233124;-4.3668976;-1.4049225
a;8607375088269;9.080505;-4.0311584;-1.2142792
a;8607395229871;8.970535;-3.910202;-1.0602722
a;8607415371472;8.955093;-3.8649597;-0.8724365
a;8607435513074;9.000732;-3.7471466;-0.89250183
a;8607455654675;9.006134;-3.6863403;-0.8626709
a;8607475796277;9.08699;-3.7724457;-0.90301514
a;8607495937878;9.281799;-3.792389;-0.87057495
a;8607516079480;9.347015;-3.7764893;-0.93544006
a;8607536221082;9.250732;-3.8086548;-0.9244995
a;8607556362683;9.358017;-3.796173;-0.8101959
a;8607576504285;9.447845;-3.7066193;-0.86846924
a;8607596645886;9.482193;-3.5576782;-0.9079437
a;8607616787488;9.535385;-3.5019684;-0.8367615
a;8607636929089;9.650818;-3.3718872;-0.7817993
a;8607657070691;9.530762;-3.1593628;-0.8138428
a;8607677212293;9.351501;-3.0411835;-0.7980499
a;8607697353894;9.302734;-3.0334625;-0.7884369
a;8607717495496;9.245514;-2.9759064;-0.85317993
a;8607737637097;9.058289;-2.9604797;-0.9309082
a;8607757778699;8.992279;-3.0176544;-0.9624176
a;8607777920300;9.113968;-3.0724335;-1.0175018
a;8607798061902;9.158081;-3.067566;-1.1262207
a;8607818203503;9.112686;-3.117691;-1.2389832
a;8607838345105;9.103058;-3.1764069;-1.2006531
a;8607858486707;9.112686;-3.2204742;-1.1492004
a;8607878628308;9.010513;-3.263977;-1.1719818
a;8607898769910;9.001938;-3.3112335;-1.1509857
a;8607918911511;9.110367;-3.3146515;-1.0957336
a;8607939053113;9.070557;-3.2924042;-1.0870667
a;8607959194714;9.005814;-3.3743744;-1.1286011
a;8607979336316;8.960709;-3.4902039;-1.0838318
a;8607999477918;8.984024;-3.5819855;-1.0506134
a;8608019619519;9.089066;-3.5840912;-1.1239319
a;8608039761121;9.093735;-3.5875244;-1.1447449
a;8608059902722;9.184494;-3.6062775;-1.0751953
a;8608080044324;9.416092;-3.633957;-1.1117096
a;8608100185925;9.424881;-3.6289978;-1.2069702
a;8608120327527;9.376602;-3.6685028;-1.2260895
a;8608140469128;9.408966;-3.724228;-1.2116547
a;8608160610730;9.390167;-3.6748352;-1.2227173
a;8608180752332;9.301117;-3.6461334;-1.282196
a;8608200893933;9.206818;-3.6372986;-1.2768097
a;8608221035535;9.239227;-3.624298;-1.2528381
a;8608241177136;9.171341;-3.5617218;-1.2289581
a;8608261318738;9.086533;-3.5469818;-1.1897583
a;8608281460339;9.103043;-3.5427094;-1.1608124
a;8608301601941;9.158325;-3.4947205;-1.1857758
a;8608321743543;9.191879;-3.485672;-1.2097778
a;8608341885144;9.207581;-3.4937286;-1.1864929
a;8608362026746;9.28212;-3.4828796;-1.1507568
a;8608382168347;9.287643;-3.461563;-1.1878967
a;8608402309949;9.2790985;-3.439972;-1.147934
a;8608422451550;9.249283;-3.4281769;-1.0906982
a;8608442593152;9.302246;-3.3748322;-1.0628662
a;8608462734753;9.29747;-3.321457;-1.0779419
a;8608482876355;9.215958;-3.3152924;-1.0441132
a;8608503017957;9.205566;-3.3379364;-0.98724365
a;8608523159558;9.199142;-3.2947235;-0.97676086
a;8608543301160;9.212311;-3.277481;-0.94122314
a;8608563442761;9.178696;-3.3035736;-0.96995544
a;8608583584363;9.159149;-3.3029327;-0.9269104
a;8608603725964;9.152512;-3.3511963;-0.9746399
a;8608623867566;9.218338;-3.419281;-0.9937897
a;8608644009168;9.252518;-3.4253845;-1.0142212
a;8608664150769;9.240494;-3.4950104;-1.0566406
a;8608684292371;9.184006;-3.5539703;-1.0482025
a;8608704433972;9.212082;-3.6202393;-1.0700684
a;8608724575574;9.250305;-3.7646484;-1.1235046
a;8608744717175;9.227249;-3.9387054;-1.1728973
a;8608764858777;9.271301;-4.005493;-1.1320496
a;8608785000378;9.303314;-4.358551;-1.2011871
a;8608805141980;9.504166;-4.966812;-1.2522583
a;8608825283582;9.608627;-4.916321;-1.2122803
a;8608845425183;9.565079;-5.227295;-1.2033997
a;8608865566785;9.649368;-5.744232;-1.3567047
a;8608885708386;9.739716;-6.0117035;-1.4766083
a;8608905849988;9.502823;-6.047867;-1.5285187
a;8608925991589;9.417572;-6.467987;-1.6774902
a;8608946133191;9.478119;-7.010803;-1.9892883
a;8608966274793;9.393936;-7.037384;-2.1496582
a;8608986416394;9.395447;-7.501007;-2.0937805
a;8609006557996;9.413895;-7.987961;-2.0330658
a;8609026699597;9.43779;-8.750748;-2.0984955
a;8609046841199;9.323532;-8.984833;-2.2590332
a;8609066982800;8.973389;-9.28389;-2.252243
a;8609087124402;8.647781;-9.520615;-2.146881
a;8609107266003;8.442062;-9.936432;-2.018509
a;8609127407605;8.368729;-10.609039;-1.6598206
a;8609147549207;8.23053;-10.748123;-1.3773193
a;8609167690808;7.6497803;-10.901779;-1.096817
a;8609187832410;6.9033813;-10.720139;-1.0226746
a;8609207974011;6.2759094;-10.207245;-0.66651917
a;8609228115613;5.694275;-10.00473;0.014251709
a;8609248257214;4.7387695;-9.276001;0.47047424
a;8609268398816;3.608017;-8.057175;1.1908264
a;8609288540418;2.8663483;-7.6164093;1.3365326
a;8609308682019;2.4880676;-7.254669;1.2657013
a;8609328823621;1.9877625;-5.8440704;1.6647491
a;8609348965222;0.9747467;-5.0365295;2.2409363
a;8609369106824;0.33465576;-4.745163;2.8409271
a;8609389248425;0.2687378;-5.269104;3.198349
a;8609409390027;-0.026306152;-5.713043;2.7202759
a;8609429531628;-0.48587036;-5.4374237;2.8300018
a;8609449673230;-0.5192261;-4.179474;4.5976563
a;8609469814832;-0.67515564;-4.7910156;5.6781006
a;8609489956433;-1.2279816;-5.971512;5.3524323
a;8609510098035;-1.6332703;-6.4936676;5.2077026
a;8609530239636;-1.4127502;-5.918625;5.640518
a;8609550381238;-1.1600037;-5.880127;6.0843506
a;8609570522839;-1.5171661;-6.8522644;6.3875427
a;8609590664441;-2.120041;-8.250366;6.0329742
a;8609610806043;-2.285492;-7.771469;5.794403
a;8609630947644;-2.1049347;-7.312195;6.540634
a;8609651089246;-1.7362366;-7.296402;7.242813
a;8609671230847;-2.4726715;-8.849625;5.295044
a;8609691372449;-2.6812744;-8.577011;5.189789
a;8609711514050;-3.1024628;-7.415283;5.528702
a;8609731655652;-3.2250214;-7.1015472;5.76239
a;8609751797253;-2.8466492;-7.1911316;5.724289
a;8609771938855;-2.859909;-7.4040527;5.523407
a;8609792080457;-2.9465942;-7.58992;5.4354095
a;8609812222058;-2.8482666;-7.5997314;5.4776306
a;8609832363660;-2.7043152;-7.3013916;5.7414703
a;8609852505261;-2.7863922;-7.5783386;5.6960297
a;8609872646863;-2.8024445;-7.5960083;5.542404
a;8609892788464;-2.8412933;-7.6693115;5.3301697
a;8609912930066;-2.7746735;-7.811981;5.396515
a;8609933071668;-2.6282654;-7.9148254;5.916321
a;8609953213269;-2.443512;-7.8646545;6.5094604
a;8609973354871;-2.4453735;-7.443054;7.0568085
a;8609993496472;-2.7669983;-7.381714;6.8047485
a;8610013638074;-2.995697;-7.675705;6.102066
a;8610033779675;-3.1026154;-7.754135;5.546402
a;8610053921277;-3.3438568;-7.5388947;5.3740845
a;8610074062878;-3.3925476;-7.501297;5.1318207
a;8610094204480;-3.4648743;-7.4482117;4.9221344
a;8610114346082;-3.9171143;-7.941101;4.269394
a;8610134487683;-4.3458557;-8.757706;3.6124878
a;8610154629285;-4.490158;-9.299942;3.3825226
a;8610174770886;-4.4935913;-9.907333;2.9922943
a;8610194912488;-4.662323;-9.621613;2.6649628
a;8610215054089;-4.9259033;-8.565369;2.7622528
a;8610235195691;-5.268341;-7.4856873;2.8274689
a;8610255337293;-5.5786285;-6.614319;2.487152
a;8610275478894;-5.2408752;-6.1687164;2.453125
a;8610295620496;-5.6944275;-7.2160187;-0.64082336
a;8610315762097;-4.708679;-11.035492;-1.1196289
a;8610335903699;-3.559845;-10.71814;-0.10700989
a;8610356045300;-3.3574677;-9.571655;0.45640564
a;8610376186902;-3.0443878;-10.825165;-0.1751709
a;8610396328503;-2.3162994;-13.218277;-1.000824
a;8610416470105;-1.2748413;-13.95578;-0.6087189
a;8610436611707;-0.7293701;-11.117935;1.2710419
a;8610456753308;-0.8917389;-8.759827;2.912445
a;8610476894910;-1.0186615;-9.158539;3.763565
a;8610497036511;-0.6076813;-9.22789;4.580261
a;8610517178113;-0.2742157;-7.731079;5.6810913
a;8610537319714;-0.782547;-6.83934;6.3200684
a;8610557461316;-1.1659088;-6.6462555;7.1746674
a;8610577602918;-0.40948486;-6.632736;8.703461
a;8610597744519;0.24633789;-6.1601563;9.128799
a;8610617886121;-1.0214233;-6.1833344;7.588745
a;8610638027722;-2.9165497;-4.736191;7.207855
a;8610658169324;-3.2950897;-3.913086;8.093079
a;8610678310925;-1.526535;-4.234833;7.512512
a;8610698452527;-1.7555695;-4.87088;6.834076
a;8610718594128;-1.621048;-4.3876953;7.990082
a;8610738735730;-1.5993042;-4.571991;8.842056
a;8610758877332;-2.4680023;-5.5604553;8.7464905
a;8610779018933;-2.481369;-6.44899;8.207565
a;8610799160535;-2.0874634;-6.406372;7.8419495
a;8610819302136;-2.0932312;-5.9217834;7.893875
a;8610839443738;-1.9372253;-6.515091;7.458786
a;8610859585339;-2.047699;-6.770752;7.1199036
a;8610879726941;-2.2968903;-6.0370483;7.438675
a;8610899868543;-1.8454437;-6.449005;7.138626
a;8610920010144;-1.8063354;-7.2099304;7.4092712
a;8610940151746;-2.1835632;-7.6097107;7.076523
a;8610960293347;-2.5975494;-6.834503;6.5910187
a;8610980434949;-2.882721;-6.2892303;6.5220184
a;8611000576550;-2.8735046;-6.458084;6.400589
a;8611020718152;-2.8080444;-6.89769;6.327072
a;8611040859753;-2.7664795;-6.788086;6.5379944
a;8611061001355;-2.5902405;-6.845215;6.5669403
a;8611081142957;-2.3777924;-6.883957;6.54776
a;8611101284558;-1.9522552;-6.87027;6.9208984
a;8611121426160;-2.0857086;-7.288147;7.361603
a;8611141567761;-1.9985199;-7.337219;7.4061737
a;8611161709363;-1.968689;-7.100067;7.0402374
a;8611181850964;-2.316864;-6.8746033;6.7139435
a;8611201992566;-2.22995;-6.635727;6.7513885
a;8611222134168;-2.2057343;-6.762985;6.728958
a;8611242275769;-2.1723633;-6.6493225;6.737961
a;8611262417371;-2.2082977;-6.8586273;6.4974976
a;8611282558972;-2.4125214;-6.6846924;6.394348
a;8611302700574;-2.3291779;-6.567215;6.6640015
a;8611322842175;-2.0732727;-6.6235657;6.9551086
a;8611342983777;-1.8906555;-7.0472107;6.876404
a;8611363125378;-2.2280731;-6.8654633;6.662491
a;8611383266980;-2.1823273;-6.9086304;6.7648773
a;8611403408582;-2.373932;-6.907379;6.601486
