12 18 36
12 20 34
13 20 35
13 20 37
10 16 37
08 16 33
09 15 33
11 14 34
13 15 32
16 14 32
18 16 31
19 15 30
22 15 28
22 14 28
26 14 27
24 13 28
26 14 28
27 13 28
29 13 27
29 15 27
30 15 27
32 13 25
32 13 28
31 13 27
33 12 25
32 12 25
32 11 27
35 12 25
38 13 23
34 12 24
35 12 25
34 12 25
35 11 24
35 12 26
35 11 25
36 14 25
36 12 27
37 13 27
37 13 25
34 12 25
31 11 24
31 10 24
28 12 26
26 11 27
27 14 26
28 14 25
24 14 26
21 14 27
22 15 26
20 17 30
18 18 31
18 16 32
14 16 32
14 16 31
14 17 32
12 15 32
11 17 32
14 16 34
12 16 32
15 18 33
13 18 33
01 15 23
22 19 34
14 19 32
14 18 34
14 18 34
16 19 34
15 19 34
16 19 33
15 17 32
15 19 32
15 21 28
15 18 34
14 18 32
16 20 33
14 19 33
15 19 32
15 18 32
15 19 33