18 18 23
19 17 23
18 18 22
20 18 23
17 18 23
18 18 23
19 18 23
18 17 22
17 16 23
16 17 25
15 17 25
17 16 22
17 17 19
15 14 18
20 15 19
21 15 20
25 13 19
27 15 20
29 14 19
31 15 19
34 15 20
35 14 20
35 15 22
38 14 22
36 14 22
35 15 24
37 14 23
37 14 24
38 13 22
39 14 22
39 13 23
39 13 24
41 13 24
40 13 23
40 13 23
41 13 24
42 14 23
44 15 25
44 15 25
41 12 25
41 13 26
42 15 25
42 15 25
41 13 24
39 14 23
36 13 22
35 12 22
33 15 23
28 14 29
21 16 25
22 15 23
21 17 20
23 17 23
16 17 21
13 17 21
17 17 22
17 17 21
07 17 02
04 13 21
19 17 26
16 18 25
17 17 23
19 17 22
23 20 19
21 18 22
17 18 24
18 18 22
19 17 22
18 18 23
18 18 23
19 19 22
19 19 22
19 18 22
19 18 23
18 18 23
19 18 23
20 18 22
19 18 22
19 19 22