36 31 53
36 31 53
37 31 53
36 31 52
36 31 52
37 32 53
37 31 53
38 33 53
38 32 55
39 32 54
36 31 57
39 32 55
39 31 55
40 32 55
41 32 53
44 33 52
45 33 51
45 33 51
45 33 51
46 34 50
47 33 49
47 34 48
48 36 45
49 35 46
49 35 46
48 36 44
50 36 44
50 37 41
51 36 40
51 36 41
51 37 39
50 37 40
52 38 39
51 37 39
52 37 39
52 38 38
53 38 37
54 38 37
54 37 38
54 38 38
53 39 38
53 38 39
54 38 37
53 39 36
52 40 38
53 39 37
53 39 36
53 40 37
52 39 36
53 39 35
53 38 36
53 38 36
52 40 35
53 39 35
53 38 35
53 39 35
52 39 35
52 39 33
53 39 34
54 39 33
53 40 34
53 39 33
53 39 33
53 40 32
53 41 32
53 41 32
52 40 32
52 41 32
51 39 31
50 41 31
52 40 31
51 40 31
52 39 32
52 40 31
51 41 31
51 41 31
51 41 30
52 41 32
52 40 31
51 41 32
52 39 31
51 40 31
50 41 32
50 41 32
51 41 32
51 39 34
51 40 33
51 40 34
51 39 36
51 40 36
51 39 36
53 39 36
53 40 36
53 39 37
52 40 37
54 37 38
53 39 39
53 37 39
51 37 39
52 37 39
53 36 39
52 35 40
52 37 42
52 38 43
51 37 45
51 37 46
50 36 47
50 36 46
50 36 50
49 35 50
47 34 52
46 34 51
45 34 52
44 33 53
42 35 54
41 34 54
42 32 51
43 32 52
38 32 53
38 32 52
39 30 54
39 32 52
40 31 53
37 31 54
38 32 53
40 30 55
38 32 52
39 31 53
37 32 53
37 32 53
37 32 53
35 31 53
36 32 52
36 30 54
37 32 52
35 30 53
37 32 54
36 30 54
37 30 54
36 31 52
35 31 52
35 32 53