39 09 30
40 09 31
40 09 30
39 11 31
40 13 31
40 11 32
40 06 31
39 05 31
38 08 31
38 10 29
38 11 30
37 12 28
38 12 31
39 12 31
41 12 30
40 11 29
41 10 28
43 09 29
40 09 30
38 05 32
36 02 32
36 02 33
38 00 33
41 00 34
43 04 32
43 12 30
37 11 32
33 09 35
32 12 34
30 13 33
33 17 31
28 17 32
32 18 31
36 16 30
38 16 32
40 17 31
40 17 31
39 12 31
40 06 32
41 01 33
38 00 34
37 06 31
36 12 30
38 12 29
36 11 30
35 09 34
33 10 34
34 11 33
35 13 31
35 16 32
37 17 31
37 20 31
36 21 31
37 19 33
38 16 34
43 09 33
42 03 32
40 04 21
41 03 20
41 00 28
46 00 35
43 03 33
39 09 28
38 09 33
39 09 34
40 09 35
39 09 35
37 10 35
37 11 34
37 14 34
38 16 33
36 18 32
37 19 32
36 18 32
36 15 32
36 13 32
37 08 32
38 06 33
37 07 35
39 07 32
39 07 32
37 01 32
38 00 33
40 04 32
39 09 30
38 07 31
36 07 33
35 07 34
35 10 34
37 12 32
37 15 31
37 15 31
38 15 31
37 15 31
36 17 30
37 14 27
39 13 26
46 14 28
43 14 30
41 12 32
41 13 32
41 09 31
41 09 31
40 08 30
44 03 30
44 00 32
43 01 36
42 05 32
40 09 30
39 07 33
37 09 35
39 07 35
37 08 35
35 10 34
37 11 35
37 11 34
37 14 33
36 15 32
35 15 33