39 10 30
41 11 30
40 13 29
40 15 29
39 12 31
41 08 31
41 07 28
41 08 28
41 11 28
40 14 28
40 15 29
39 13 30
40 13 31
39 12 32
41 11 30
42 11 30
44 09 28
45 07 28
44 06 29
42 03 28
41 01 29
37 00 30
32 00 32
32 00 29
35 08 28
36 13 30
35 10 33
35 08 35
35 11 35
33 13 33
36 14 32
36 18 31
38 19 31
37 22 29
35 23 30
37 18 30
37 12 31
39 07 33
37 01 34
36 03 33
37 03 30
33 01 29
34 00 31
36 00 27
36 11 27
31 13 29
30 10 32
32 09 32
38 10 31
40 12 30
37 14 30
40 15 31
39 17 30
38 19 31
36 20 32
37 21 31
38 15 32
40 10 31
40 00 32
44 00 27
40 01 28
37 00 30
40 00 33
42 07 32
40 13 32
38 13 32
39 12 33
39 09 34
40 11 33
39 14 31
41 16 31
40 18 30
39 22 30
39 20 32
37 17 32
38 15 32
39 11 32
39 04 32
38 02 32
40 05 30
40 02 29
39 00 31
39 02 29
40 09 27
39 11 28
38 11 29
38 08 31
38 10 32
37 11 31
37 15 31
36 16 29
37 18 32
36 18 30
37 16 30
38 15 32
39 13 33
37 11 30
40 07 30
41 06 31
43 06 29
41 03 27
42 00 25
41 00 29
37 05 29
36 10 31
34 08 34
37 09 35
38 08 34
38 10 34
37 12 32
36 12 30
38 13 31
38 15 30
38 17 30
37 17 31
38 15 31
38 14 31
37 10 32
38 09 32