44 11 16
49 06 19
53 05 23
49 07 23
47 12 22
46 12 24
44 12 26
45 11 27
43 11 28
43 12 28
45 13 27
44 16 29
39 16 29
40 20 33
38 24 33
38 23 32
43 19 30
44 15 29
44 11 30
43 07 30
42 06 26
40 07 20
44 05 25
47 08 29
50 06 32
48 00 31
43 00 32
45 09 29
45 10 30
44 08 31
39 10 32
38 07 29
41 13 25
44 16 27
42 15 27
41 18 29
45 15 25
45 17 23
44 16 23
45 17 24
44 19 23
43 17 24
44 14 23
45 06 18
53 04 19
56 06 25
49 09 24
47 13 25
45 14 27
45 12 28
45 11 29
46 15 30
46 13 29
43 13 31
44 13 29
42 15 29
42 18 27
42 18 29
40 18 30
42 16 29
43 15 29
43 13 28
43 14 29
44 14 28
47 10 27
46 11 28
47 12 27
46 10 29
47 05 29
48 02 27
47 03 27
45 07 29
44 08 30
44 09 29
44 10 30
43 10 31
42 10 30
43 11 29
39 14 29
39 15 30