38 09 31
39 09 31
39 10 31
39 11 32
38 09 30
39 10 30
39 09 31
40 09 31
38 11 31
38 10 32
39 09 31
39 09 31
38 09 31
38 10 31
39 10 31
39 09 30
39 10 32
39 10 31
39 09 31
38 10 31
39 10 32
38 10 31
39 11 31
39 11 32
37 11 32
38 12 32
39 12 32
40 15 31
38 17 32
38 17 32
39 20 31
40 17 32
41 17 32
42 16 31
42 14 30
40 12 30
42 11 29
45 11 28
45 05 28
49 08 29
50 05 29
49 09 30
51 04 29
48 05 28
51 14 30
50 12 31
53 15 28
51 17 30
51 17 29
54 20 31
55 22 32
55 21 33
57 23 33
60 23 31
55 23 33
53 24 35
60 25 31
52 25 33
52 24 33
51 24 33
53 27 32
50 27 32
51 28 30
56 26 30
56 25 30
56 22 30
55 24 30
54 23 30
55 22 30
55 22 29
55 21 29
53 22 29
53 24 28
51 23 28
53 24 28
54 25 28
55 23 28
54 24 27
55 26 26
54 25 27
53 25 26
51 26 25