46 22 19
48 21 17
47 20 18
48 22 19
48 21 18
46 22 18
46 22 18
44 21 17
46 22 18
47 19 18
45 21 18
44 22 20
47 24 17
45 23 17
49 22 13
50 24 16
49 26 24
54 21 16
47 20 16
48 19 21
51 16 21
51 15 21
48 16 23
48 14 23
49 15 23
49 14 24
46 13 24
46 12 25
48 11 27
48 11 26
47 11 28
43 11 28
43 09 28
44 08 28
44 09 32
43 10 32
39 13 34
32 18 34
35 17 35
42 14 33
41 15 32
43 13 30
43 11 31
44 10 30
44 08 31
43 10 32
45 09 30
44 11 30
42 12 32
45 16 30
47 16 30
46 17 30
46 14 31
43 17 29
46 17 26
47 17 27
46 18 25
47 19 26
48 18 26
47 18 26
48 19 25
47 17 25
49 16 25
48 17 25
47 16 26
48 16 26
48 16 26
50 15 25
48 14 25
48 15 24
48 15 26
47 16 25
49 16 26
47 16 26