a;8574642693678;1.2573395;1.1287994;9.180527
a;8574662835280;1.1773376;1.1013031;9.115906
a;8574682976881;1.5205383;1.1708221;9.554306
a;8574703118483;1.7120056;1.326416;9.689255
a;8574723260085;1.2791595;1.7560425;9.744415
a;8574743401686;1.2071228;1.8590546;9.39592
a;8574763543288;1.2617645;1.6790161;9.271332
a;8574783684889;1.643692;1.3599701;9.477936
a;8574803826491;1.29982;1.509491;9.660614
a;8574823968092;1.2467194;1.5256195;9.363434
a;8574844109694;1.1968536;1.4975739;8.879562
a;8574864251295;1.2284393;1.1888123;8.847565
a;8574884392897;1.2388153;1.1582031;9.190857
a;8574904534499;1.217392;0.99424744;9.303986
a;8574924676100;1.1637268;1.031601;8.997757
a;8574944817702;1.1455383;1.2556305;8.869812
a;8574964959303;1.2820282;1.1462097;9.059799
a;8574985100905;1.2935791;1.4208374;9.378433
a;8575005242506;1.4249725;2.3205566;10.282913
a;8575025384108;2.1585083;3.278061;11.974548
a;8575045525710;3.6525574;2.775772;16.76802
a;8575065667311;5.6417694;1.4626923;18.785858
a;8575085808913;7.9557495;-3.0193481;18.785858
a;8575105950514;7.6183167;-6.09787;18.785858
a;8575126092116;4.756073;-5.4454193;17.507965
a;8575146233717;4.715271;-4.550308;8.518814
a;8575166375319;6.5564423;-0.9220581;-10.305313
a;8575186516920;3.4996185;7.4121704;-20.213547
a;8575206658522;-3.0296478;0.675766;-20.213547
a;8575226800124;-3.1233215;14.113846;-20.213547
a;8575246941725;1.1814728;18.967438;-9.869949
a;8575267083327;6.6533966;12.8762665;6.160431
a;8575287224928;18.228882;-14.826508;18.46553
a;8575307366530;18.179596;-20.031967;18.785858
a;8575327508131;5.64682;-20.031967;18.785858
a;8575347649733;-1.4965515;-20.031967;18.785858
a;8575367791335;3.0787354;-14.386353;15.407669
a;8575387932936;13.528748;1.4653015;-5.9163513
a;8575408074538;13.516495;18.509659;-20.082626
a;8575428216139;-1.1851959;18.967438;-20.213547
a;8575448357741;1.9946442;18.967438;-20.213547
a;8575468499342;1.54422;18.967438;-10.092773
a;8575488640944;9.099319;7.482437;6.5019684
a;8575508782545;19.495438;-18.89125;18.502075
a;8575528924147;10.231201;-20.031967;18.785858
a;8575549065749;-1.9334259;-20.031967;18.785858
a;8575569207350;-1.4436798;-19.267197;16.098755
a;8575589348952;8.307465;-4.2052155;1.2896881
a;8575609490553;16.620667;15.63736;-11.27533
a;8575629632155;2.1985931;18.967438;-14.046265
a;8575649773756;0.1807251;18.758408;-16.240433
a;8575669915358;2.484497;18.86818;-9.655533
a;8575690056960;-0.0054473877;17.333542;1.4290009
a;8575710198561;5.7723694;7.6926727;4.6545715
a;8575730340163;18.252258;-14.819962;10.04097
a;8575750481764;15.596863;-20.031967;14.900436
a;8575770623366;0.44703674;-20.031967;18.736435
a;8575790764967;-5.946335;-19.285767;9.725876
a;8575810906569;-7.735611;-3.1827393;-1.6441345
a;8575831048170;-6.181427;17.006302;-5.9950714
a;8575851189772;-2.760376;18.967438;-2.707138
a;8575871331374;-5.028549;14.227325;-5.8981323
a;8575891472975;-1.7090454;2.2681122;-0.91374207
a;8575911614577;6.609085;-17.88263;12.732712
a;8575931756178;9.723785;-20.031967;7.2328796
a;8575951897780;2.096054;-20.031967;7.225006
a;8575972039381;-3.2571716;-20.023178;5.5693207
a;8575992180983;-2.3050842;-13.5742035;2.7752686
a;8576012309987;-0.6403198;-4.2913055;2.125
a;8576032451588;-0.79060364;2.0044556;1.7349548
a;8576052593190;-2.442566;4.5911865;0.090927124
a;8576072734791;-3.2391357;4.5988464;0.6809387
a;8576092876393;-2.4426727;0.64253235;3.2117157
a;8576113017994;-0.40556335;-10.092789;1.6216431
a;8576133159596;1.9132233;-19.713547;3.33078
a;8576153301197;2.4961395;-19.19635;4.975128
a;8576173442799;-3.0590668;-12.74852;5.6233215
a;8576193584401;-5.1628265;-9.283066;5.40361
a;8576213726002;-4.9383545;-5.2861023;6.6262665
a;8576233867604;-4.8390503;-2.7681732;4.227356
a;8576254009205;-5.2808228;-3.3254547;0.1002655
a;8576274150807;-5.144058;-2.2871094;0.20458984
a;8576294292408;-4.48761;-1.9452972;1.399704
a;8576314434010;-4.123123;-3.6086578;1.2509155
a;8576334575612;-4.420456;-5.148758;0.3167572
a;8576354717213;-5.055908;-5.962372;1.1942596
a;8576374858815;-5.2302704;-6.6246185;2.663803
a;8576395000416;-4.819153;-6.613617;3.3392792
a;8576415142018;-4.60614;-6.443939;4.1490173
a;8576435283619;-4.6940613;-7.2149353;4.886917
a;8576455425221;-5.0721283;-7.4977875;4.3819427
a;8576475566822;-5.518051;-7.9274597;3.5639648
a;8576495708424;-5.326889;-10.365692;2.9147491
a;8576515850026;-6.0498505;-16.220398;0.0051116943
a;8576535991627;-4.375183;-11.6210785;0.66615295
a;8576556133229;-3.830124;-6.603882;3.3560944
a;8576576274830;-4.7815094;-7.9119873;5.3132477
a;8576596416432;-5.3846893;-9.936325;2.1118011
a;8576616558033;-5.2091064;-8.485321;0.55537415
a;8576636699635;-6.388031;-7.051132;1.0655518
a;8576656841237;-7.396927;-6.9627075;-0.9334717
a;8576676982838;-6.3614655;-8.3853;-1.7982178
a;8576697124440;-6.580902;-8.631454;0.73838806
a;8576717266041;-7.3164825;-6.991455;2.9257355
a;8576737407643;-7.0285034;-6.7100067;1.4827118
a;8576757549244;-6.8682404;-6.1898956;1.1545258
a;8576777690846;-7.060089;-5.6518707;0.7413025
a;8576797832447;-6.9030914;-5.181656;0.7097168
a;8576817974049;-6.4739227;-4.9826965;0.8140564
a;8576838115651;-6.2656097;-4.8724213;0.88243103
a;8576858257252;-6.3226776;-4.835785;0.46931458
a;8576878398854;-6.5322113;-5.576767;-0.2826233
a;8576898540455;-6.1534424;-5.4732056;-1.1195374
a;8576918682057;-5.555496;-5.7854767;-1.1662903
a;8576938823658;-5.1537476;-6.6548157;-1.47966
a;8576958965260;-5.839203;-6.4561768;-2.3920135
a;8576979106862;-5.8763275;-6.3277893;-1.5511017
a;8576999248463;-5.205963;-7.5017242;-0.9056549
a;8577019390065;-4.8836975;-8.204559;-0.9979706
a;8577039531666;-5.0318756;-8.491867;-1.5143585
a;8577059673268;-5.392853;-8.332565;-1.579834
a;8577079814869;-5.1076813;-8.491806;-1.2901459
a;8577099956471;-4.356964;-10.394699;-1.8448639
a;8577120098072;-4.038254;-10.841492;-2.37352
a;8577140239674;-4.40036;-10.019928;-2.7726135
a;8577160381276;-4.143524;-10.061386;-2.8519592
a;8577180522877;-2.7905426;-11.979492;-2.0567322
a;8577200664479;-3.504364;-15.747711;1.1196594
a;8577220806080;-3.3727875;-19.39592;2.69133
a;8577240947682;-3.3363953;-13.670776;0.24978638
a;8577261089283;-3.6047668;-6.6755524;-2.4594116
a;8577281230885;-3.1434937;-7.2502747;-3.3430939
a;8577301372487;-1.7001495;-11.859482;-3.6974182
a;8577321514088;-2.8105316;-13.109207;-2.4551697
a;8577341655690;-3.567093;-11.900421;-1.2789764
a;8577361797291;-2.9628296;-10.80983;0.012313843
a;8577381938893;-3.909317;-9.941315;1.678299
a;8577402080494;-4.339218;-11.695557;0.17626953
a;8577422222096;-4.3434143;-13.158798;-1.5441742
a;8577442363697;-4.272171;-11.48761;-0.007385254
a;8577462505299;-4.0098877;-10.365829;1.0685577
a;8577482646901;-4.125519;-10.751526;0.53900146
a;8577502788502;-4.010132;-11.1059265;-0.6417389
a;8577522930104;-4.223831;-10.001617;-0.111953735
a;8577543071705;-4.4530334;-7.8927917;0.2919922
a;8577563213307;-4.7212524;-8.5533905;-1.4734802
a;8577583354908;-4.6504974;-8.939499;-1.4446564
a;8577603496510;-4.4742126;-8.059204;-0.51460266
a;8577623638112;-4.832077;-7.0648346;0.4273529
a;8577643779713;-5.1270447;-6.0316467;0.77098083
a;8577663921315;-5.052704;-6.6775208;-0.12835693
a;8577684062916;-5.4012604;-7.7891083;1.2328796
a;8577704204518;-5.187378;-8.319733;3.1542206
a;8577724346119;-5.325226;-10.053268;2.820343
a;8577744487721;-4.02623;-10.037994;2.7095795
a;8577764629322;-3.9887543;-7.7126617;3.2169342
a;8577784770924;-4.31987;-7.2370453;3.0934143
a;8577804912526;-3.6523743;-8.122345;2.76828
a;8577825054127;-4.3324585;-7.733444;2.8377228
a;8577845195729;-4.079834;-7.2659607;2.5679016
a;8577865337330;-3.8957672;-6.408783;2.7428894
a;8577885478932;-4.4101257;-6.0850525;2.33049
a;8577905620533;-4.7960815;-5.845413;2.216446
a;8577925762135;-4.954605;-5.3018036;1.9010162
a;8577945903737;-5.2785645;-4.922165;1.7241211
a;8577966045338;-5.460907;-4.6716766;1.5904083
a;8577986186940;-5.657547;-4.876114;1.5425262
a;8578006328541;-5.9052124;-4.9519806;1.1864319
a;8578026470143;-6.0655365;-5.23497;0.62257385
a;8578046611744;-5.6291504;-5.5865326;0.7880249
a;8578066753346;-5.4703674;-5.3614807;1.0722656
a;8578086894947;-5.544281;-6.3427277;-0.8433075
a;8578107036549;-5.237091;-6.7158356;-1.1258392
a;8578127178151;-4.416504;-7.7732697;-0.6710968
a;8578147319752;-3.6403809;-9.540634;-1.1363525
a;8578167461354;-3.899414;-9.487549;-1.6055603
a;8578187602955;-4.362076;-10.104019;-1.8736267
a;8578207744557;-3.6373444;-11.354355;-2.2755737
a;8578227886158;-2.7429657;-12.512573;-2.5648193
a;8578248027760;-2.8648987;-12.614746;-1.9771576
a;8578268169362;-2.9854584;-11.999405;-2.1018372
a;8578288310963;-2.6899872;-12.859421;-2.6734009
a;8578308452565;-2.6356049;-12.503571;-2.878769
a;8578328594166;-2.5225983;-12.430679;-2.9851685
a;8578348735768;-2.4063416;-12.61824;-3.1168823
a;8578368877369;-2.6789856;-14.884933;-1.0696716
a;8578389018971;-2.1318665;-19.221832;1.7182465
a;8578409160572;-3.1812286;-9.119354;-0.6520996
a;8578429302174;-3.403839;-10.849274;1.5109558
a;8578449443776;-1.7802887;-14.201721;-0.41282654
a;8578469585377;-2.40596;-10.653885;0.015258789
a;8578489726979;-2.9303436;-8.6935425;0.03981018
a;8578509868580;-3.0620422;-9.965912;-1.145935
a;8578530010182;-2.735611;-9.209442;-1.6119232
a;8578550151783;-3.8985138;-8.824188;-1.2140045
a;8578570293385;-4.724182;-8.162308;0.27848816
a;8578590434987;-4.706558;-8.603638;0.5102539
a;8578610576588;-4.026123;-9.62941;0.40501404
a;8578630718190;-4.378174;-9.734039;0.47073364
a;8578650859791;-4.456131;-8.919739;0.7637329
a;8578671001393;-4.027069;-7.478012;-0.070236206
a;8578691142994;-4.4931946;-7.3959503;0.7726593
a;8578711284596;-5.2046814;-7.919388;1.2224731
a;8578731426197;-5.1822357;-8.229874;2.058136
a;8578751567799;-4.4789886;-9.012695;2.1630096
a;8578771709401;-3.951355;-8.087662;1.0297241
a;8578791851002;-3.6936493;-6.8543854;3.6679993
a;8578811992604;-3.8648224;-6.2457275;4.265518
a;8578832134205;-3.568512;-7.11586;2.7186737
a;8578852275807;-3.1655884;-7.695038;3.4862213
a;8578872417408;-3.3986359;-7.842224;3.2125092
a;8578892559010;-3.24411;-7.0839233;3.337082
a;8578912700612;-3.6180115;-6.56279;2.605072
a;8578932842213;-3.5751648;-6.3752747;2.0166626
a;8578952983815;-3.897293;-6.2821045;1.4788055
a;8578973125416;-4.424286;-5.4539795;1.6744537
a;8578993267018;-4.3685455;-4.565033;1.4867859
a;8579013408619;-4.092041;-5.05838;0.51901245
a;8579033550221;-4.091385;-5.7872925;0.051940918
a;8579053691822;-4.480484;-6.097809;0.18603516
a;8579073833424;-4.083786;-7.1727448;-0.03503418
a;8579093975026;-3.445938;-8.251282;-0.821579
a;8579114116627;-3.3363037;-8.435074;-1.6625366
a;8579134258229;-3.348297;-9.969849;-2.1373749
a;8579154399830;-3.026886;-10.923996;-2.2065125
a;8579174541432;-2.7357635;-10.979355;-2.0300598
a;8579194683033;-2.252411;-11.814011;-2.3027496
a;8579214824635;-1.4274445;-14.042709;-2.4878998
a;8579234966237;-1.5698242;-14.815475;-1.449646
a;8579255107838;-1.8955078;-13.318069;-0.8618622
a;8579275249440;-1.509491;-12.904861;-1.091568
a;8579295391041;-0.5771942;-16.571518;0.8532715
a;8579315532643;0.049743652;-20.027191;6.0754395
a;8579335674244;-0.97817993;-15.086243;1.1223145
a;8579355815846;-2.168274;-9.308334;3.5811462
a;8579375957447;-1.4292755;-12.121338;4.168045
a;8579396099049;-0.64927673;-14.791626;1.4344025
a;8579416240651;-2.835495;-11.731293;-0.18302917
a;8579436382252;-3.3695526;-10.553589;-0.7961273
a;8579456523854;-3.3350983;-10.834183;-0.8148651
a;8579476665455;-3.835434;-9.585602;-0.6818695
a;8579496807057;-4.5028687;-8.145584;-0.24583435
a;8579516948658;-3.9390717;-7.8815765;0.35362244
a;8579537090260;-3.8979492;-7.8010254;0.5647583
a;8579557231862;-5.146515;-7.8842926;-0.17051697
a;8579577373463;-5.2401886;-7.0253906;0.1356659
a;8579597515065;-4.30986;-5.9596252;1.4591522
a;8579617656666;-4.620575;-6.1317444;2.011322
a;8579637798268;-4.8327026;-7.22554;2.3877563
a;8579657939869;-4.7180634;-8.46283;2.5613098
a;8579678081471;-4.9997864;-9.539459;2.8252716
a;8579698223072;-5.5352936;-9.459274;3.8627472
a;8579718364674;-5.3486176;-8.472092;4.693466
a;8579738506276;-5.195389;-7.224182;4.021332
a;8579758647877;-5.550476;-7.3578186;3.1663208
a;8579778789479;-4.706604;-7.588867;3.279602
a;8579798931080;-5.4642944;-8.09697;3.1115417
a;8579819072682;-5.2670746;-7.7678833;2.381897
a;8579839214283;-4.7658386;-7.411331;2.659439
a;8579859355885;-5.184952;-6.980072;2.8847504
a;8579879497487;-5.1233826;-6.8754425;2.7205963
a;8579899639088;-5.264206;-6.7755127;2.6222382
a;8579919780690;-4.9756775;-6.0720825;2.928238
a;8579939922291;-5.070404;-6.326172;2.8500977
a;8579960063893;-4.628174;-6.858917;2.4808502
a;8579980205494;-4.526016;-7.043747;2.4314575
a;8580000347096;-4.9201202;-7.265503;2.4075928
a;8580020488697;-5.174942;-7.420929;1.8529816
a;8580040630299;-5.197693;-7.295456;1.6318207
a;8580060771901;-4.928604;-6.9931946;2.2771149
a;8580080913502;-4.835541;-6.9101257;2.58284
a;8580101055104;-5.0762024;-6.9396515;2.5253448
a;8580121196705;-5.3128204;-6.8346252;2.452896
a;8580141338307;-5.400238;-6.371292;2.4986267
a;8580161479908;-5.3261566;-6.156418;2.5996552
a;8580181621510;-3.84375;-7.110321;3.6873627
a;8580201763112;-4.8343964;-7.5345917;2.8425598
a;8580221904713;-6.2599335;-8.321106;0.7979584
a;8580242046315;-4.876953;-10.182877;1.6384583
a;8580262187916;-6.9076996;-9.660416;0.18237305
a;8580282329518;-9.206375;-8.200943;-1.3504639
a;8580302471119;-8.072388;-8.022858;-1.1475983
a;8580322612721;-6.5222473;-9.129166;-0.09059143
a;8580342754322;-6.3437195;-9.173904;0.94984436
a;8580362895924;-5.9900513;-9.210739;1.8879395
a;8580383037526;-5.099106;-8.676102;1.2115326
a;8580403179127;-4.3809814;-8.535324;-0.30162048
a;8580423320729;-4.9242554;-8.732285;-0.8805084
a;8580443462330;-4.982376;-8.523361;0.13342285
a;8580463603932;-3.1617584;-8.256546;-1.202774
a;8580483745533;-4.018692;-6.6256104;-0.027008057
a;8580503887135;-4.8174744;-4.8902893;2.13414
a;8580524028737;-3.65654;-6.3616486;3.1628723
a;8580544170338;-3.6393433;-8.142395;2.5054626
a;8580564311940;-4.860489;-8.137344;2.4892883
a;8580584453541;-5.084198;-7.825226;0.7389221
a;8580604595143;-5.588516;-8.571915;-1.1718903
a;8580624736744;-5.5869904;-9.508453;-2.4251556
a;8580644878346;-5.4074554;-10.660919;-3.448578
a;8580665019947;-5.6849365;-9.998581;-3.4399414
a;8580685161549;-5.981781;-9.831711;-1.7849579
a;8580705303151;-5.335556;-11.011795;0.6299591
a;8580725444752;-4.260376;-10.838669;2.0606232
a;8580745586354;-3.771698;-8.538757;3.7521515
a;8580765727955;-3.45195;-5.7102203;5.716049
a;8580785869557;-2.563324;-3.4392242;7.385849
a;8580806011158;-1.5581665;-1.8269196;10.041718
a;8580826152760;-1.6991119;-0.40618896;11.673111
a;8580846294362;-2.370102;-0.24978638;11.687805
a;8580866435963;-2.2744293;-2.1020203;9.873657
a;8580886577565;-1.6807709;0.10145569;9.125641
a;8580906719166;-1.2565765;1.319397;9.651871
a;8580926860768;-1.0971527;-0.36810303;9.967606
a;8580947002369;-0.7266083;-1.5585022;10.496613
a;8580967143971;-0.5885773;-0.8983002;10.860916
a;8580987285572;-1.0036316;0.03866577;11.200516
a;8581007427174;-1.379776;-0.33302307;11.144333
a;8581027568776;-1.3657684;-0.9498749;10.215836
a;8581047710377;-1.491272;-0.4897766;9.621048
a;8581067851979;-1.5036011;-0.58903503;9.436508
a;8581087993580;-1.5050354;-1.149765;9.571716
a;8581108135182;-1.5079498;-1.4356079;9.699753
a;8581128276783;-1.2691193;-0.94488525;9.583939
a;8581148418385;-1.2714081;-1.1785889;9.466156
a;8581168559987;-1.275238;-0.7566681;9.711014
a;8581188701588;-1.0744171;-0.5062561;9.647705
a;8581208843190;-1.0041504;-0.73402405;9.422668
a;8581228984791;-1.0032806;0.015655518;9.523163
a;8581249126393;-0.7502899;0.4168396;10.032791
a;8581269267994;-0.6760559;0.16494751;9.719208
a;8581289409596;-0.85902405;-0.15913391;9.494934
a;8581309551197;-0.75076294;-0.10752869;9.271973
a;8581329692799;-0.6975403;-0.29840088;9.3289795
a;8581349834401;-0.60246277;-0.8086548;9.517059
a;8581369976002;-0.6312103;-1.1454163;9.372482
a;8581390117604;-0.8561096;-1.0058594;9.114716
a;8581410259205;-0.9666748;-1.2287598;9.082504
a;8581430400807;-1.1096954;-1.1803894;9.671387
a;8581450542408;-1.0236511;-0.6705322;9.604034
a;8581470684010;-1.3682556;-0.75657654;9.323227
a;8581490825612;-1.9445496;-0.33517456;9.781067
a;8581510967213;-1.734024;-0.1357727;10.0134735
a;8581531108815;-1.7075806;0.12373352;9.752487
a;8581551250416;-2.396515;-0.30654907;9.615387
a;8581571392018;-2.3440857;-0.118011475;9.629761
a;8581591533619;-2.4910736;0.6412201;9.800171
a;8581611675221;-2.394287;0.9731903;9.395233
a;8581631816822;-1.8630066;0.47459412;8.606262
a;8581651958424;-1.5113373;-0.772583;7.4439087
a;8581672100026;-1.1130371;-2.0670013;7.231598
a;8581692241627;-0.3571167;-2.305725;8.2131195
a;8581712383229;0.47001648;-2.172989;9.6202545
a;8581732524830;1.0033417;-2.110321;10.817062
a;8581752666432;1.3401642;-1.2212219;10.872711
a;8581772808033;1.4667816;-0.47758484;10.282242
a;8581792949635;1.5214691;-0.28486633;9.557877
a;8581813091237;1.6673279;-0.16879272;9.404388
a;8581833232838;1.9803314;0.062179565;9.563522
a;8581853374440;2.1695862;0.34550476;9.570999
a;8581873516041;2.0741577;0.53518677;9.502365
a;8581893657643;1.9457703;0.44752502;9.573639
a;8581913799244;1.9154816;0.40881348;9.595169
a;8581933940846;1.9660797;0.07899475;9.455704
a;8581954082447;1.7647095;0.07116699;9.150864
a;8581974224049;1.8185577;-0.19862366;9.046921
a;8581994365651;1.7269287;-0.3312683;8.958084
a;8582014507252;1.6901093;-0.7156372;8.800705
a;8582034648854;1.6285095;-0.5605469;9.063278
a;8582054790455;1.4635773;-0.0423584;9.768524
a;8582074932057;1.4838867;0.23583984;9.9014435
a;8582095073658;1.6396332;0.18670654;9.570435
a;8582115215260;1.6275482;0.13233948;9.185532
a;8582135356862;1.7126465;0.2505188;9.384048
a;8582155498463;1.9738007;0.32588196;9.663467
a;8582175640065;1.9228516;0.25463867;9.499954
a;8582195781666;1.6671906;0.4093933;8.946854
a;8582215923268;1.6237335;0.46229553;9.213715
a;8582236064869;2.013504;0.22946167;9.511642
a;8582256206471;2.2002258;-0.122406006;9.616913
a;8582276348072;1.9770355;0.07489014;9.689056
