a;2875160871776;-1.0740967;-0.70018005;9.506866
a;2875181013378;-1.1971588;-0.58638;9.660156
a;2875201154979;-1.0431213;-0.8461304;9.539978
a;2875221296581;-0.99935913;-1.1074066;9.304855
a;2875241438182;-1.1923218;-1.1798706;9.2146
a;2875261579784;-1.2804718;-0.8318329;9.440033
a;2875281721386;-0.9905548;-0.34465027;9.311127
a;2875301862987;-1.2360687;-0.83052063;9.2099
a;2875322004589;-1.0879669;-0.51161194;9.299637
a;2875342146190;-1.1394653;-1.1206512;9.145859
a;2875362287792;-0.952301;-1.1634674;9.257034
a;2875382429393;-1.3390656;-0.96765137;9.366959
a;2875402570995;-1.0407867;-0.7395935;9.382416
a;2875422712597;-0.5558777;-0.25474548;9.663727
a;2875442854198;0.5773468;-0.15405273;9.942322
a;2875462995800;-2.019043;-0.1559906;9.597397
a;2875483137401;-0.4689331;-0.6777191;9.637741
a;2875503279003;-0.46339417;-0.31956482;9.750504
a;2875523420604;-0.80181885;-0.16877747;9.940689
a;2875543562206;-0.52830505;0.0016479492;9.907715
a;2875563703807;-0.40049744;-0.1662445;9.711548
a;2875583845409;-0.828537;-0.13552856;9.427368
a;2875603987011;-0.9289398;-0.24560547;9.795364
a;2875624128612;-1.3378601;-0.67318726;10.338303
a;2875644270214;-1.3804169;-1.5701752;10.227081
a;2875664411815;-1.5113525;-2.4059143;9.299011
a;2875684553417;-1.734726;-4.1856537;9.325485
a;2875704695018;-1.9797668;-6.548065;8.397247
a;2875724836620;-2.1850739;-9.01001;6.3910065
a;2875744978222;-2.92807;-10.48793;4.645172
a;2875765119823;-2.8144836;-9.379883;3.8884277
a;2875785261425;-2.647293;-7.796173;3.9261322
a;2875805403026;-3.0171509;-7.0134125;4.522949
a;2875825544628;-3.140091;-6.1041718;5.754959
a;2875845686229;-2.7490997;-4.619217;7.208893
a;2875865827831;-2.296463;-3.9777222;7.6826477
a;2875885969432;-2.3376312;-3.5260773;7.8112946
a;2875906111034;-2.3505096;-2.6421204;8.722687
a;2875926252636;-1.9964142;-2.606659;9.888931
a;2875946394237;-2.1320343;-3.0508728;9.70079
a;2875966535839;-2.2629547;-3.1879578;9.1996
a;2875986677440;-1.724762;-4.0757446;10.010147
a;2876006819042;-1.4470062;-4.928787;9.629227
a;2876026960643;-1.8904877;-4.386963;8.865356
a;2876047102245;-2.211502;-4.40625;8.523697
a;2876067243847;-2.1066742;-4.4441376;8.230179
a;2876087385448;-1.7174835;-4.6996;8.015701
a;2876107527050;-1.8278961;-5.218933;7.898285
a;2876127668651;-2.100357;-4.831299;8.299194
a;2876147810253;-2.1194763;-4.3891907;8.80426
a;2876167951854;-1.963562;-4.2055817;9.305832
a;2876188093456;-2.048996;-4.6514587;8.824539
a;2876208235057;-2.4260406;-4.7901154;8.062653
a;2876228376659;-2.4099884;-4.3257294;8.0208435
a;2876248518261;-2.1116028;-4.2027435;8.3582
a;2876268659862;-2.0908813;-4.5194397;8.628586
a;2876288801464;-1.9174957;-4.550049;8.470398
a;2876308943065;-2.0509644;-4.1020966;8.311432
a;2876329084667;-1.9409637;-3.709381;8.210007
a;2876349226268;-1.6636658;-4.0023804;8.494019
a;2876369367870;-1.758316;-4.0419617;9.02919
a;2876389509472;-1.7857666;-3.464569;9.029266
a;2876409651073;-1.5154877;-3.5498505;8.534454
a;2876429792675;-1.11763;-3.896408;8.242783
a;2876449934276;-0.457489;-4.023529;7.9806213
a;2876470075878;0.21618652;-4.0382233;7.4364777
a;2876490217479;0.74897766;-3.9661713;6.6615753
a;2876510359081;0.9930115;-4.011017;5.5976563
a;2876530500682;1.131485;-4.0358887;4.6010437
a;2876550642284;1.1939392;-3.9494324;3.7555695
a;2876570783886;0.8164978;-3.8337097;3.173523
a;2876590925487;0.4827423;-3.3720703;2.8380127
a;2876611067089;0.35798645;-2.5831146;2.8974304
a;2876631208690;0.39866638;-2.223938;3.1035004
a;2876651350292;0.6887512;-2.535019;3.5462036
a;2876671491893;1.0627289;-3.0635376;4.3468323
a;2876691633495;1.9597015;-4.9879913;5.614609
a;2876711777733;2.208908;-7.3791046;6.349045
a;2876731919334;2.5375214;-6.2488556;6.7070313
a;2876752060936;4.9471893;-6.898346;6.1725616
a;2876772202537;7.3291016;-11.40889;5.848984
a;2876792344139;7.420105;-13.568939;4.909134
a;2876812485740;6.9253845;-9.015045;4.2267914
a;2876832627342;10.525162;-6.3231964;5.1050415
a;2876852768943;12.879684;-7.930542;5.5295715
a;2876872910545;12.053543;-9.761948;5.5696716
a;2876893052147;11.337967;-9.749588;5.2049103
a;2876913193748;11.584061;-8.51236;4.6063538
a;2876933335350;12.048843;-9.511581;3.8206024
a;2876953476951;10.224701;-11.480988;1.3294678
a;2876973618553;8.581528;-10.591736;0.42764282
a;2876993760154;8.626648;-8.010651;1.2646942
a;2877013901756;8.894318;-5.8792725;2.0095215
a;2877034043358;8.563416;-5.010895;2.0837555
a;2877054184959;8.29274;-5.256958;1.9348907
a;2877074326561;8.2864685;-5.44751;1.7443542
a;2877094468162;8.358063;-4.9888153;1.8049011
a;2877114609764;8.380905;-4.1546783;2.0169525
a;2877134751365;8.403381;-3.6394806;2.3361816
a;2877154892967;8.578583;-3.71492;2.4010925
a;2877175034568;8.702316;-3.9548798;2.2735596
a;2877195176170;8.83165;-4.121155;1.9963531
a;2877215317772;8.92598;-4.1916046;1.799118
a;2877235459373;8.881607;-4.108139;1.7832642
a;2877255600975;8.897568;-4.0565643;1.8370667
a;2877275742576;8.944473;-4.0355225;1.9200134
a;2877295884178;8.877121;-3.9959106;2.0111237
a;2877316025779;8.839752;-3.9577026;2.0375519
a;2877336167381;8.855759;-3.9569702;2.0631866
a;2877356308983;8.849426;-3.9727478;2.0533905
a;2877376450584;8.831177;-4.0028076;1.9684143
a;2877396592186;8.752914;-4.0603027;1.9052277
a;2877416733787;8.684174;-4.1386566;1.8330841
a;2877436875389;8.668976;-4.149719;1.8466644
a;2877457016990;8.768646;-4.0439453;1.9181671
a;2877477158592;8.844162;-4.038162;1.9037323
a;2877497300193;8.767761;-4.079834;1.9002991
a;2877517441795;8.82132;-4.110794;1.9218292
a;2877537583397;8.905792;-4.1080475;1.9099579
a;2877557724998;8.852264;-4.0819397;1.9165344
a;2877577866600;8.8567505;-4.023041;1.9015045
a;2877598008201;8.835068;-3.9968567;1.9172516
a;2877618149803;8.788681;-3.9407501;1.9281311
a;2877638291404;8.801514;-3.88385;1.879303
a;2877658433006;8.838562;-3.9116516;1.7872009
a;2877678574608;8.819672;-3.957718;1.8189697
a;2877698716209;8.800995;-4.008484;1.8343964
a;2877718857811;8.769928;-4.017212;1.8944855
a;2877738999412;8.779358;-4.0191193;1.9029388
a;2877759141014;8.77977;-4.044174;1.8415222
a;2877779282615;8.815308;-4.0650787;1.7993164
a;2877799424217;8.78685;-4.016968;1.8065796
a;2877819565818;8.789841;-3.9779053;1.850647
a;2877839707420;8.8012085;-3.9572449;1.8317261
a;2877859849022;8.74559;-3.9664307;1.7743988
a;2877879990623;8.785034;-4.0091705;1.8059998
a;2877900132225;8.819031;-3.9914703;1.7798462
a;2877920273826;8.800537;-4.0392456;1.8048859
a;2877940415428;8.841431;-4.041687;1.793747
a;2877960557029;8.83905;-4.045578;1.7529602
a;2877980698631;8.783951;-4.003311;1.7777863
a;2878000840233;8.777008;-4.0010223;1.7820129
a;2878020981834;8.770279;-4.000366;1.7800598
a;2878041123436;8.785202;-3.9618835;1.690628
a;2878061265037;8.77829;-3.9311829;1.7621155
a;2878081406639;8.825562;-4.024353;1.7404327
a;2878101548240;9.128616;-4.4638367;2.1945953
a;2878121689842;9.86792;-5.147873;3.732895
a;2878141831443;11.4288025;-6.721924;5.3319397
a;2878161973045;13.186188;-8.6449585;5.8275757
a;2878182114647;14.663284;-13.622574;8.081802
a;2878202256248;18.913284;-19.378479;10.954681
a;2878222397850;19.495438;-20.031967;7.332443
a;2878242539451;19.495438;-20.031967;5.9809723
a;2878262681053;17.031464;-19.181091;4.8533783
a;2878282822654;11.153244;-11.294266;1.9454956
a;2878302964256;6.957489;-2.8935394;-2.3874817
a;2878323105858;5.3275146;1.0072174;-4.2763367
a;2878343247459;6.295883;3.4977417;-6.3072205
a;2878363389061;5.746811;9.467346;-9.093155
a;2878383530662;2.519043;16.369583;-8.645264
a;2878403672264;-2.8138275;18.967438;-7.6423187
a;2878423813865;-4.420807;16.818146;-6.470215
a;2878443955467;0.3342743;8.985779;-4.703598
a;2878464097068;5.4469604;2.3826904;0.40016174
a;2878484238670;5.0342407;0.12466431;4.4423676
a;2878504380272;1.5966339;0.033813477;5.120941
a;2878524521873;4.5949097;-11.529724;2.9505768
a;2878544663475;18.468613;-20.031967;8.904892
a;2878564805076;17.802689;-20.031967;7.1834717
a;2878584946678;9.496597;-20.031967;10.195755
a;2878605088279;4.7242584;-20.031967;7.3509827
a;2878625229881;3.6788177;-16.434464;3.4002838
a;2878645371483;3.1248932;-5.9221954;-1.2894287
a;2878665513084;2.9201813;3.1573486;-3.9098053
a;2878685654686;2.5773926;10.642731;-6.2696075
a;2878705796287;1.4741364;14.428452;-5.6671295
a;2878725937889;-0.43676758;16.762192;-3.927658
a;2878746079490;-1.7603455;16.208496;-3.508606
a;2878766221092;-0.40579224;11.958542;-3.2014008
a;2878786362693;2.2864075;7.0635834;-2.1427002
a;2878806504295;3.8845673;2.1962128;1.5781097
a;2878826645897;4.6855164;-6.937805;7.7687073
a;2878846787498;10.123398;-19.045822;6.6955566
a;2878866929100;18.838242;-20.031967;1.980896
a;2878887070701;17.063889;-20.031967;5.3240967
a;2878907212303;10.8381195;-20.031967;9.027939
a;2878927353904;5.5057983;-20.031967;8.248154
a;2878947495506;3.1771698;-19.57254;3.8858337
a;2878967637108;2.8885193;-12.850281;-0.33177185
a;2878987778709;3.0332794;-4.174057;-3.7607422
a;2879007920311;3.9962616;2.4093475;-5.57428
a;2879028061912;4.915024;6.525818;-6.1597443
a;2879048203514;3.1904297;8.331146;-4.1445007
a;2879068345115;-0.010604858;9.385162;-2.4166412
a;2879088486717;-3.1238098;13.373337;-3.1546326
a;2879108628318;-3.995514;16.99115;-2.3169708
a;2879128769920;-0.9065552;14.901291;-0.5453949
a;2879148911522;3.2886505;11.17952;1.1140289
a;2879169053123;4.951126;6.2573547;3.4450989
a;2879189194725;5.6181335;-4.171936;6.841034
a;2879209336326;9.1319275;-15.000809;0.47694397
a;2879229477928;16.896545;-19.915024;0.3852539
a;2879249619529;17.124268;-20.031967;0.71739197
a;2879269761131;11.20874;-19.49466;4.5412903
a;2879289902733;8.904892;-13.769287;4.122406
a;2879310044334;7.794281;-9.4869995;3.053421
a;2879330185936;6.0510864;-7.803772;2.2178345
a;2879350327537;4.419632;-7.6742096;1.1270294
a;2879370469139;3.5816956;-7.1414337;0.671402
a;2879390610740;3.6899414;-6.150467;1.8472595
a;2879410752342;4.596634;-6.02536;2.8941498
a;2879430893943;5.709488;-6.8239746;2.783844
a;2879451035545;6.6123505;-5.798477;1.693573
a;2879471177147;8.266754;-4.2124023;2.3028564
a;2879491318748;9.782135;-3.2842255;4.2000732
a;2879511460350;10.617264;-2.682312;6.8928986
a;2879531601951;13.52565;-3.5243073;7.05838
a;2879551743553;13.896912;-7.8822327;2.6127014
a;2879571885154;11.961655;-10.919006;0.25349426
a;2879592026756;10.649231;-9.178528;1.2539978
a;2879612168358;10.93248;-6.1647797;1.9400024
a;2879632309959;10.556976;-4.7085266;1.9534302
a;2879652451561;10.04776;-4.0684814;2.212677
a;2879672593162;10.068512;-4.484482;2.0397491
a;2879692734764;9.358734;-4.464279;1.3285522
a;2879712876365;8.622406;-3.4859009;1.3885498
a;2879733017967;8.455048;-2.4892578;1.631546
a;2879753159568;8.179382;-2.2377777;1.6122437
a;2879773301170;7.7823944;-2.4226074;1.5619507
a;2879793442772;7.7342834;-2.6080475;1.7035065
a;2879813584373;8.21991;-2.8394775;1.9919434
a;2879833725975;8.749512;-3.3243103;1.9190674
a;2879853867576;8.932144;-3.927414;1.77005
a;2879874009178;9.084137;-4.315216;1.6673737
a;2879894150779;9.408524;-4.374878;1.6416473
a;2879914292381;9.488663;-4.20195;1.7117157
a;2879934433983;9.45993;-4.040268;1.8581696
a;2879954575584;9.342545;-3.8534698;1.9642639
a;2879974717186;9.240372;-3.5441437;1.9222565
a;2879994858787;9.240601;-3.2002258;2.0580292
a;2880015000389;9.077942;-2.9838715;2.1011505
a;2880035141990;8.902985;-2.9215698;2.0561066
a;2880055283592;8.832077;-3.0577698;1.9745178
a;2880075425193;8.857803;-3.3140717;1.7957764
a;2880095566795;8.901749;-3.5026093;1.7832642
a;2880115708397;8.88472;-3.656845;1.6945343
a;2880135849998;8.919937;-3.7680511;1.7241821
a;2880155991600;8.996063;-3.84552;1.8068085
a;2880176133201;8.990936;-3.867859;1.7670746
a;2880196274803;9.023056;-3.8442078;1.7422943
a;2880216416404;9.00705;-3.796753;1.6566925
a;2880236558006;8.90834;-3.6911163;1.7226715
a;2880256699608;8.843735;-3.5670624;1.8326569
a;2880276841209;8.877731;-3.4789276;1.763443
a;2880296982811;8.973572;-3.5266418;1.7039185
a;2880317124412;8.997696;-3.601715;1.7633209
a;2880337266014;9.012573;-3.6372223;1.7953796
a;2880357407615;9.009384;-3.6627045;1.8288879
a;2880377549217;8.911041;-3.660202;1.8289795
a;2880397690818;8.88884;-3.6724854;1.7671661
a;2880417832420;8.866623;-3.7309265;1.7225952
a;2880437974022;9.048981;-4.011795;1.5623474
a;2880458115623;9.16954;-4.5396576;1.5823364
a;2880478257225;9.233353;-4.783844;2.3644104
a;2880498398826;10.087311;-5.877701;4.579544
a;2880518540428;10.0455475;-6.67717;5.2020416
a;2880538682029;10.589081;-7.6277924;4.711746
a;2880558823631;11.54567;-12.807739;5.4263763
a;2880578965233;11.035126;-16.409653;7.699005
a;2880599106834;11.275543;-15.557724;8.843292
a;2880619248436;10.77684;-15.508942;8.846222
a;2880639390037;9.099213;-15.990372;8.812149
a;2880659531639;7.6980896;-15.226898;7.32135
a;2880679673240;6.3367767;-13.566757;5.0486298
a;2880699814842;4.868988;-11.726913;3.604477
a;2880719956443;3.7874603;-9.679047;2.2658844
a;2880740098045;2.8596802;-8.055634;1.463562
a;2880760239647;1.9806671;-6.7540436;1.8403015
a;2880780381248;1.2916107;-5.620285;2.3226776
a;2880800522850;1.3453217;-5.1762695;2.3137817
a;2880820664451;1.384964;-4.8704834;1.8862
a;2880840806053;0.81430054;-4.7425537;1.8297272
a;2880860947654;1.3539886;-4.983902;1.8360138
a;2880881089256;2.250061;-4.533737;1.6468964
a;2880901230858;1.8535919;-4.303009;2.7441254
a;2880921372459;1.8689575;-5.219269;2.9782562
a;2880941514061;3.086853;-5.124054;2.9899902
a;2880961655662;3.0955353;-4.7942963;3.034668
a;2880981797264;2.648758;-6.00679;3.9053345
a;2881001938865;6.700897;-0.16444397;9.236206
a;2881022080467;12.535049;-7.045822;6.5580444
a;2881042222068;4.007492;-14.261459;-2.4486237
a;2881062363670;1.8816376;-13.503006;-0.18199158
a;2881082505272;5.175598;-9.607178;1.8534546
a;2881102646873;3.7975006;-8.53714;1.7808228
a;2881122788475;0.06259155;-10.130081;1.364563
a;2881142930076;-1.0908661;-10.248856;2.1114502
a;2881163071678;-2.6736603;-8.488922;4.325485
a;2881183213279;-4.658478;-8.815109;4.605179
a;2881203354881;-3.804718;-11.108673;3.427719
a;2881223496483;-3.0794067;-9.903137;2.181488
a;2881243638084;-2.9125366;-7.1678314;4.0864563
a;2881263779686;-1.9477692;-8.517883;5.6165314
a;2881283921287;-1.3061829;-11.023422;5.3833466
a;2881304062889;-0.6866913;-10.297668;5.6013794
a;2881324204490;-1.192688;-8.792862;1.7709198
a;2881344346092;-4.334152;-9.705551;-1.2267761
a;2881364487693;-4.8014374;-9.185547;0.38819885
a;2881384629295;-3.2737122;-5.911484;2.0496368
a;2881404770897;-3.0554352;-7.192444;3.0853424
a;2881424912498;-4.76828;-9.200867;1.3863678
a;2881445054100;-6.1148834;-9.371902;0.54933167
a;2881465195701;-4.974579;-9.191071;2.5655823
a;2881485337303;-3.7637177;-7.963867;2.3288116
a;2881505478904;-4.560364;-7.853363;2.7290955
a;2881525620506;-6.313568;-9.669159;2.5563354
a;2881545762108;-6.927002;-8.647812;0.94299316
a;2881565903709;-6.17717;-9.142487;1.218338
a;2881586045311;-6.616028;-7.9960327;2.0406494
a;2881606186912;-8.543457;-5.6660004;1.4657898
a;2881626328514;-8.339569;-6.080246;1.6330414
a;2881646470115;-6.7389984;-6.3690796;1.1614685
a;2881666611717;-6.641098;-5.6323395;1.1654663
a;2881686753318;-6.7968903;-5.071228;1.8667908
a;2881706894920;-7.4046936;-4.1355896;1.279419
a;2881727036522;-7.085739;-3.200119;0.8329468
a;2881747178123;-5.951462;-3.4607391;1.259613
a;2881767319725;-5.8782806;-3.5904846;1.2944031
a;2881787461326;-6.1538086;-3.440628;1.4916077
a;2881807602928;-5.400223;-3.8108826;1.4202881
a;2881827744529;-4.6501617;-4.246109;1.6264191
a;2881847886131;-5.0676727;-3.5620422;-0.39538574
a;2881868027733;-6.1237793;-2.3324738;-3.0632324
a;2881888169334;-4.7838135;-6.530609;0.9563446
a;2881908310936;-4.1828003;-13.342453;6.241287
a;2881928452537;-5.3430786;-11.207123;7.4079285
a;2881948594139;-6.062622;-10.020584;4.160141
a;2881968735740;-7.103821;-16.923935;2.4011078
a;2881988877342;-7.614258;-11.088104;-1.6477814
a;2882009018943;-6.9348755;-6.904373;-0.53149414
a;2882029160545;-6.1612854;-3.5652618;1.8777924
a;2882049302147;-4.1694946;-3.8701935;2.2503967
a;2882069443748;-4.089569;-6.705307;3.6660461
a;2882089585350;-5.0128937;-10.365448;2.0671234
a;2882109726951;-5.0390015;-10.3389435;0.43455505
a;2882129868553;-4.682434;-9.022003;1.6283264
a;2882150010154;-4.8963013;-8.072693;2.358429
a;2882170151756;-4.729065;-8.53093;0.5980835
a;2882190293358;-4.4227753;-8.923569;-0.81185913
a;2882210434959;-3.4499817;-11.104523;-0.23043823
a;2882230576561;-3.0105743;-12.98465;0.026931763
a;2882250718162;-3.2491302;-10.912567;-0.5722046
a;2882270859764;-3.2413635;-9.243622;-1.6101685
a;2882291001365;-2.4884949;-11.308258;0.19136047
a;2882311142967;-1.5617676;-13.0985565;0.8937378
a;2882331284568;-1.0954285;-15.610291;1.1826324
a;2882351426170;-0.27493286;-15.513733;5.453949
a;2882371567772;0.85687256;-13.780609;9.58403
a;2882391709373;1.5974426;-8.827545;7.8930817
a;2882411850975;1.2564545;-8.4095;2.8697205
a;2882431992576;0.5779724;-10.759323;0.10934448
a;2882452134178;-1.7762604;-12.179138;-1.8178864
a;2882472275779;-2.9195862;-12.617844;-0.52516174
a;2882492417381;-2.2832947;-11.112854;1.8473816
a;2882512558983;-1.4177551;-9.627396;3.8460236
a;2882532700584;-1.8848419;-8.774841;3.6746063
a;2882552842186;-1.9563904;-9.111511;2.522232
a;2882572983787;-1.4436951;-10.526108;0.7033844
a;2882593125389;-2.5043945;-10.354187;2.086319
a;2882613266990;-3.7090454;-9.585388;2.8923035
a;2882633408592;-3.0970001;-10.70549;1.1065521
a;2882653550193;-2.77742;-11.144302;-0.5446625
a;2882673691795;-3.682953;-9.646057;0.08279419
a;2882693833397;-4.305496;-8.557205;0.3574524
a;2882713974998;-3.8336945;-8.242615;0.859848
a;2882734116600;-3.1835175;-8.05571;2.3840637
a;2882754258201;-3.124115;-8.370331;3.522522
a;2882774399803;-3.4046326;-9.867722;4.1625977
a;2882794541404;-3.7462769;-11.061371;4.378433
a;2882814683006;-3.9207916;-11.210205;4.36145
a;2882834824608;-3.8568268;-11.235565;4.104706
a;2882854966209;-3.553009;-9.764969;2.9440765
a;2882875107811;-3.3163757;-8.533737;2.0043335
a;2882895249412;-3.3105164;-7.5982666;1.6518707
a;2882915391014;-3.6216278;-6.3351746;1.4839478
a;2882935532615;-3.341156;-5.8114777;1.8448029
a;2882955674217;-3.0939026;-4.908554;1.7867126
a;2882975815818;-3.5418549;-4.065689;1.2166595
a;2882995957420;-3.8658447;-4.660324;0.39559937
a;2883016099022;-3.9540253;-5.7634125;-0.36868286
a;2883036240623;-4.5755157;-4.383713;0.4994812
a;2883056382225;-4.90625;-3.2182465;2.0070343
a;2883076523826;-5.1579742;-4.2199097;0.94763184
a;2883096665428;-5.8355865;-6.308029;-0.54248047
a;2883116807029;-6.592331;-7.3115997;0.5879669
a;2883136948631;-6.3126984;-7.0013275;1.6826019
a;2883157090233;-5.813339;-7.03833;1.6971893
a;2883177231834;-5.323639;-8.345932;0.908371
a;2883197373436;-5.197647;-8.777023;2.414032
a;2883217515037;-4.1929474;-9.583176;3.4862976
a;2883237656639;-3.286209;-10.376144;2.9671478
a;2883257798240;-2.9672241;-11.098923;1.9808502
a;2883277939842;-2.5698242;-11.340042;1.5275879
a;2883298081443;-1.3178711;-13.564255;1.6665344
a;2883318223045;-0.21697998;-14.182678;2.0618896
a;2883338364647;-0.48446655;-13.728882;2.411621
a;2883358506248;0.21472168;-15.597244;4.698639
a;2883378647850;3.048111;-17.168701;9.435196
a;2883398789451;4.310974;-10.022003;10.489349
a;2883418931053;1.6941986;-4.9131317;4.9682465
a;2883439072654;-0.5740967;-9.169464;1.205719
a;2883459214256;-0.19911194;-14.134857;-0.63041687
a;2883479355858;-1.1595917;-13.528229;0.14207458
a;2883499497459;-2.0510406;-11.021439;2.864029
a;2883519639061;-1.7200012;-9.300293;4.4680023
a;2883539780662;-0.9880676;-8.891769;5.196167
a;2883559922264;-1.2311249;-9.799347;4.396118
a;2883580063865;-1.8702393;-10.612503;2.1196442
a;2883600205467;-2.2179413;-10.315384;1.8520203
a;2883620347068;-2.5069733;-9.646423;3.4758759
a;2883640488670;-2.2338104;-10.446396;3.2395477
a;2883660630272;-2.3325348;-10.685486;1.8909302
a;2883680771873;-2.6151733;-8.554733;2.9672546
a;2883700913475;-2.2796478;-8.514542;4.161804
a;2883721055076;-1.9849701;-10.607513;3.3243713
a;2883741196678;-2.5099182;-9.205872;2.4543762
a;2883761338279;-2.4058838;-7.3887634;3.1781006
a;2883781479881;-2.0373383;-9.039429;3.3888092
a;2883801621483;-3.0250092;-9.433792;2.9125977
a;2883821763084;-3.7208862;-8.317184;3.4993744
a;2883841904686;-3.048111;-9.150375;1.4279785
a;2883862046287;-2.9541626;-10.373032;1.1752625
a;2883882187889;-3.4267883;-8.141739;1.9633484
a;2883902329490;-3.3869019;-7.2180786;3.7683105
a;2883922471092;-3.5432587;-7.861923;5.4747467
a;2883942612693;-4.1783905;-8.775818;6.549347
a;2883962754295;-4.5747986;-9.255264;7.1648254
a;2883982895897;-4.2615814;-9.315308;7.0548096
a;2884003037498;-3.8987274;-9.103104;5.680008
a;2884023179100;-3.7621002;-8.221664;4.5798492
a;2884043320701;-3.6037598;-7.774063;4.090454
a;2884063462303;-3.4475708;-7.21904;3.359909
a;2884083603904;-3.4023743;-5.8899994;2.7782898
a;2884103745506;-3.3016815;-4.205658;1.7920227
a;2884123887108;-3.5578613;-3.6900177;1.8236847
a;2884144028709;-4.098648;-4.1604156;1.2634277
a;2884164170311;-4.4564667;-4.0854187;0.97052
a;2884184311912;-4.3352814;-3.5664978;0.68878174
a;2884204453514;-4.4077454;-3.6269073;0.53279114
a;2884224595115;-4.859314;-5.203781;-0.35379028
a;2884244736717;-5.31015;-5.479767;-0.9474335
a;2884264878318;-5.1656647;-5.495453;0.33528137
a;2884285019920;-4.342087;-5.593979;1.596817
a;2884305161522;-4.477112;-5.8533173;0.9976349
a;2884325303123;-4.787918;-7.155792;0.5081177
a;2884345444725;-4.1507416;-9.964996;2.128128
a;2884365586326;-2.7561188;-11.0121;2.200348
a;2884385727928;-2.4559784;-12.380142;1.6002502
a;2884405869529;-2.410736;-14.154144;1.6158752
a;2884426011131;-1.5264435;-15.435577;2.2499695
a;2884446152733;0.17378235;-17.39795;3.4060364
a;2884466294334;1.4862823;-19.084946;3.583374
a;2884486435936;2.9549103;-18.532791;8.218552
a;2884506577537;5.0500183;-13.105026;13.856369
a;2884526719139;3.8357086;-4.7911835;7.537918
a;2884546860740;0.708374;-7.957535;3.7706757
a;2884567002342;-0.34579468;-15.261414;0.3890381
a;2884587143943;-1.5297546;-16.098557;-1.6061554
a;2884607285545;-2.107727;-12.159363;2.3133698
a;2884627427147;-1.8220673;-9.21608;5.6415405
a;2884647568748;-1.3841095;-8.078445;5.3204346
a;2884667710350;-1.286438;-8.695206;3.4015656
a;2884687851951;-1.8080139;-9.75795;3.122116
a;2884707993553;-2.3874817;-9.678925;3.4395142
a;2884728135154;-2.1091766;-10.125748;1.4095612
a;2884748276756;-2.426239;-9.673569;2.1233368
a;2884768418358;-2.8919983;-8.723831;3.2997131
a;2884788559959;-2.7810516;-9.069473;2.7213745
a;2884808701561;-2.475586;-9.544113;1.6972351
a;2884828843162;-2.813324;-8.3233185;2.8729095
a;2884848984764;-3.2009888;-7.1580353;3.5311127
a;2884869126365;-3.2541199;-8.355881;2.4678345
a;2884889267967;-3.612503;-9.456039;1.5181274
a;2884909409568;-3.76799;-7.4710693;2.2460175
a;2884929551170;-3.723236;-6.2806396;4.0873413
a;2884949692772;-4.3732147;-6.6893005;5.129837
a;2884969834373;-4.911072;-7.0213776;6.6509094
a;2884989975975;-4.912323;-7.5029907;7.7894897
a;2885010117576;-5.1602783;-8.66777;6.19899
a;2885030259178;-5.787277;-9.260452;4.796829
a;2885050400779;-5.7626038;-7.916046;5.796829
a;2885070542381;-5.1161194;-7.019287;6.402252
a;2885090683983;-5.1470337;-6.8268127;5.662964
a;2885110825584;-5.667343;-7.3542023;4.2903595
a;2885130967186;-5.193039;-7.1804047;3.8961945
a;2885151108787;-4.225113;-6.2335663;4.1875763
a;2885171250389;-4.3365326;-5.319824;4.7713013
a;2885191391990;-4.861908;-6.1522675;4.8768005
a;2885211533592;-4.5531006;-7.7071075;3.2321014
a;2885231675193;-4.8237;-7.8111725;2.2394562
a;2885251816795;-5.886139;-6.42688;2.7718506
a;2885271958397;-6.2779694;-6.1215363;3.1470032
a;2885292099998;-5.5541687;-7.0390472;3.2005157
a;2885312241600;-4.973831;-8.422501;2.1026917
a;2885332383201;-5.6603394;-8.07132;2.4347992
a;2885352524803;-5.879486;-7.0358887;3.8080597
a;2885372666404;-5.432602;-6.7326813;3.2572021
a;2885392808006;-5.8731537;-6.62059;3.1657257
a;2885412949608;-6.0447083;-7.1457825;3.8663635
a;2885433091209;-5.9768066;-7.5186462;3.8831635
a;2885453232811;-6.0538635;-7.217209;3.9915466
a;2885473374412;-6.397629;-6.6346436;4.4021606
a;2885493516014;-6.4582977;-6.39299;4.473282
a;2885513657615;-5.9029083;-6.332794;3.7469177
a;2885533799217;-5.4128876;-7.7581177;3.0859222
a;2885553940818;-5.0950623;-8.708984;2.8915863
a;2885574082420;-4.7218933;-8.450623;3.417801
a;2885594224022;-4.540207;-8.114197;2.4075775
a;2885614365623;-3.60672;-9.378784;2.4261932
a;2885634507225;-2.8525696;-7.6819;4.9704285
a;2885654648826;-2.6634521;-5.2843933;4.0511627
a;2885674790428;-2.6629028;-6.5855103;2.6891022
a;2885694932029;-1.4804535;-8.40184;0.14291382
a;2885715073631;-0.69873047;-9.6800995;-1.0188751
a;2885735215233;-0.44699097;-6.4894867;0.50746155
a;2885755356834;-0.8054199;-4.210373;2.1374664
a;2885775498436;-1.6022491;-3.0960236;2.1201935
a;2885795640037;-2.452896;-2.8113708;0.9344177
a;2885815781639;-2.4960785;-3.4256897;0.8659363
a;2885835923240;-1.8978271;-4.2974396;1.0395813
a;2885856064842;-1.7454987;-3.958908;0.8388977
a;2885876206443;-2.2831116;-2.686493;0.1680603
a;2885896348045;-2.8314972;-2.2704926;-0.2210846
a;2885916489647;-1.9243927;-4.079788;1.3093872
a;2885936631248;-0.11024475;-8.044907;3.4924011
a;2885956772850;-0.4918518;-9.856247;3.7016144
a;2885976914451;-2.8917542;-7.756439;2.5158234
a;2885997056053;-1.2894287;-4.797531;4.166748
a;2886017197654;5.5733795;-8.640762;7.0256805
a;2886037339256;8.679184;-13.033707;6.680191
a;2886057480858;7.5299377;-14.737366;7.1641083
a;2886077622459;7.4214325;-11.908051;6.923004
a;2886097764061;9.765732;-9.041824;5.974945
a;2886117905662;12.033737;-8.969833;5.674347
a;2886138047264;12.994141;-9.302322;5.240738
a;2886158188865;13.023529;-9.474274;4.9148407
a;2886178330467;13.081345;-9.1362;4.691925
a;2886198472068;12.771408;-8.513428;4.226761
a;2886218613670;12.092438;-7.4626465;4.3676147
a;2886238755272;12.247971;-6.559967;6.4162903
a;2886258896873;11.889313;-8.015884;5.2088013
a;2886279038475;10.019287;-9.544144;1.782074
a;2886299180076;8.99678;-8.872131;1.1428833
a;2886319321678;8.916153;-6.45636;1.6624756
a;2886339463279;8.782349;-4.790573;1.6722717
a;2886359604881;8.04187;-4.1870728;1.4857025
a;2886379746483;7.7807465;-4.052414;1.586029
a;2886399888084;8.026764;-3.8173523;1.7866974
a;2886420029686;8.2464905;-3.7068481;1.6695099
a;2886440171287;8.348724;-3.7404022;1.4189148
a;2886460312889;8.60321;-3.78656;1.4629517
a;2886480454490;8.897522;-3.7201538;1.497406
a;2886500596092;9.126038;-3.696167;1.4791718
a;2886520737693;9.248199;-3.6995087;1.4723206
a;2886540879295;9.332367;-3.6841583;1.5997009
a;2886561020897;9.385956;-3.548706;1.743393
a;2886581162498;9.368164;-3.3636627;1.9013062
a;2886601304100;9.201584;-3.1931305;1.9491272
a;2886621445701;9.199509;-3.1646118;1.9913025
a;2886641587303;9.074051;-3.1616669;1.9888763
a;2886661728904;9.03479;-3.1743164;1.9178314
a;2886681870506;9.055618;-3.2275696;1.8513794
a;2886702002884;8.96048;-3.374649;1.7754974
a;2886722144485;8.871536;-3.5458374;1.6711884
a;2886742286087;8.932343;-3.6389618;1.6638184
a;2886762427688;9.012756;-3.6992035;1.6965027
a;2886782569290;8.975601;-3.7438202;1.7457733
a;2886802710891;8.897537;-3.7289276;1.8256226
a;2886822852493;8.939178;-3.6900635;1.861618
a;2886842994094;8.972504;-3.6230927;1.8802185
a;2886863135696;8.960907;-3.5515594;1.9698029
a;2886883277298;8.963425;-3.5004578;2.0254517
a;2886903418899;8.920273;-3.4451447;1.9893799
a;2886923560501;8.950592;-3.4924011;1.957962
a;2886943702102;8.962997;-3.5805206;1.8534393
a;2886963843704;9.003342;-3.6346283;1.8220062
a;2886983985305;9.058792;-3.585144;1.7969055
a;2887004126907;9.008881;-3.5200195;1.8834686
a;2887024268509;8.9557495;-3.4973907;1.8982849
a;2887044410110;8.888702;-3.50589;1.8854218
a;2887064551712;8.928284;-3.4818726;1.8819885
a;2887084693313;8.957611;-3.4952698;1.8696289
a;2887104834915;8.997467;-3.5263977;1.9012146
a;2887124976516;8.984909;-3.5392761;1.9386749
a;2887145118118;8.949951;-3.5060577;1.9615021
a;2887165259719;8.963348;-3.5429688;1.9302063
a;2887185401321;8.994904;-3.5701294;1.933136
a;2887205542923;8.996765;-3.5442963;1.9468231
a;2887225684524;8.983383;-3.4891052;1.9233398
a;2887245826126;9.010086;-3.4925842;1.8654327
a;2887265967727;8.940781;-3.5878296;1.8821716
a;2887286109329;8.917801;-3.6219482;1.9045105
a;2887306250930;8.930786;-3.5546875;1.9388885
a;2887326392532;8.963104;-3.5230255;1.9383545
a;2887346534134;8.957962;-3.6037292;1.87146
a;2887366675735;8.968704;-3.6004791;1.9076538
a;2887386817337;8.994888;-3.5522308;1.8134918
a;2887406958938;8.974869;-3.5337982;1.8493652
a;2887427100540;8.972229;-3.5783997;1.7893677
a;2887447242141;8.941544;-3.552658;1.8577881
a;2887467383743;8.964172;-3.5329285;1.8943939
a;2887487525344;8.935562;-3.4678802;1.9237976
a;2887507666946;8.920258;-3.4260254;1.9507904
a;2887527808548;9.03154;-3.4694824;1.9032135
a;2887547950149;9.007782;-3.5542297;1.8749542
a;2887568091751;8.992416;-3.6453552;1.868576
a;2887588233352;9.043961;-3.7964172;1.8832092
a;2887608374954;8.965591;-3.8480835;1.9527283
a;2887628516555;8.92778;-3.685608;2.0368347
a;2887648658157;8.955536;-3.5412445;2.076004
a;2887668799759;8.883057;-3.495514;2.0891876
a;2887688941360;8.861755;-3.4818878;1.9784851
a;2887709082962;8.915939;-3.4485016;1.8886871
a;2887729224563;8.939606;-3.4437714;1.8922577
a;2887749366165;9.002457;-3.5142212;1.8952484
a;2887769507766;9.005371;-3.5319824;1.9908142
a;2887789649368;8.980576;-3.4594421;2.0641174
a;2887809790969;8.984695;-3.4961853;2.0606384
a;2887829932571;8.973816;-3.5088043;1.9876556
a;2887850074173;8.94899;-3.4717865;1.9579468
a;2887870215774;8.914719;-3.505005;1.9729462
a;2887890357376;8.937866;-3.5165405;1.936203
a;2887910498977;8.9674835;-3.5104523;1.9358826
a;2887930640579;8.9769745;-3.519104;1.9703674
a;2887950782180;8.958298;-3.5543976;1.9531403
a;2887970923782;8.952408;-3.5055237;1.9523621
a;2887991065384;8.993408;-3.4492188;2.0207825
a;2888011206985;9.000305;-3.4577942;2.089676
a;2888031348587;9.01059;-3.475586;2.1072083
a;2888051490188;8.998505;-3.4763794;2.1099854
a;2888071631790;9.024338;-3.5758667;2.051056
a;2888091773391;8.986664;-3.6593018;1.9736633
a;2888111914993;8.958481;-3.630371;1.9905701
a;2888132056594;8.93605;-3.5849762;1.9954681
a;2888152198196;8.883911;-3.5597382;2.0257874
a;2888172339798;8.916016;-3.5439606;1.9809723
a;2888192481399;8.922653;-3.522461;1.9715271
a;2888212623001;8.944962;-3.5085907;1.9919128
a;2888232764602;9.001984;-3.479065;1.983551
a;2888252906204;8.977661;-3.4787903;2.080246
a;2888273047805;8.98674;-3.4631042;2.0191498
a;2888293189407;8.977371;-3.4603577;1.993042
a;2888313331009;8.928314;-3.435089;1.9538269
a;2888333472610;8.936981;-3.4261475;1.9230347
a;2888353614212;8.939941;-3.403778;1.9593506
a;2888373755813;8.95047;-3.3087158;1.9981232
a;2888393897415;8.982758;-3.315216;1.9875336
a;2888414039016;8.989151;-3.425171;2.0242767
a;2888434180618;8.95697;-3.5265198;1.9780273
a;2888454322219;8.976608;-3.5364838;1.9978943
a;2888474463821;8.985916;-3.4850616;2.0337677
a;2888494605423;8.96196;-3.4459991;2.0845947
a;2888514747024;8.925491;-3.468048;2.0845947
a;2888534888626;8.921722;-3.4875488;2.056244
a;2888555030227;8.977554;-3.4945679;2.061203
a;2888575171829;8.995285;-3.4828033;2.0295563
a;2888595313430;8.947296;-3.434845;2.016571
a;2888615455032;8.9713745;-3.4285736;2.044159
a;2888635596634;9.0143585;-3.4488525;2.0005798
a;2888655738235;8.980164;-3.491623;1.9750671
a;2888675879837;8.968079;-3.470993;1.974472
a;2888696021438;8.939728;-3.436615;2.0067444
a;2888716163040;8.946655;-3.4156036;2.0344238
a;2888736304641;8.950378;-3.450409;1.9862213
a;2888756446243;8.945633;-3.4454346;2.0121613
a;2888776587844;8.953964;-3.4088593;2.0316772
a;2888796729446;9.001892;-3.4546204;2.0448456
a;2888816871048;9.034134;-3.4542847;2.0552216
a;2888837012649;9.027344;-3.4603882;2.0106049
a;2888857154251;8.988922;-3.4767914;2.0072174
a;2888877295852;8.96904;-3.4542542;2.002411
a;2888897437454;8.950516;-3.3849792;1.9941864
a;2888917579055;8.987305;-3.384674;1.9356384
a;2888937720657;9.019577;-3.427185;1.9040833
a;2888957862259;9.011246;-3.4651794;2.0007782
a;2888978003860;8.980118;-3.479828;2.0442505
a;2888998145462;8.98317;-3.4989471;2.1014252
a;2889018287063;8.9809265;-3.5010376;2.0529327
a;2889038428665;8.963379;-3.4711761;2.0346527
a;2889058570266;8.986496;-3.408966;1.9896698
a;2889078711868;8.981918;-3.394394;1.9739838
a;2889098853469;9.0442505;-3.4262085;1.893753
a;2889118995071;9.032288;-3.4529114;1.9024048
a;2889139136673;8.9622345;-3.4615936;1.9688263
a;2889159278274;8.940735;-3.4421082;1.9730835
a;2889179419876;8.96402;-3.4958649;2.0551453
a;2889199561477;8.969269;-3.5391235;2.088852
a;2889219703079;8.994583;-3.5486145;2.0524445
a;2889239844680;9.016541;-3.5378265;2.0852509
a;2889259986282;8.96254;-3.579834;2.044693
a;2889280127884;8.910904;-3.598404;1.9865723
a;2889300269485;8.9157715;-3.579895;1.9559784
a;2889320411087;8.993988;-3.5779266;1.9409485
a;2889340552688;8.947357;-3.5501556;1.9849243
a;2889360694290;8.899918;-3.4946442;1.9886322
a;2889380835891;8.959702;-3.518158;2.0528717
a;2889400977493;8.939072;-3.5517883;2.1026764
a;2889421119094;8.929123;-3.6205444;2.0541077
a;2889441260696;9.006912;-3.8092957;2.0122833
a;2889461402298;8.970337;-3.990921;2.0391235
a;2889481543899;8.969467;-3.9856567;2.209198
a;2889501685501;9.088669;-3.887848;2.465866
a;2889521827102;9.2547455;-4.211975;2.797821
a;2889541968704;9.48056;-4.728348;3.2682343
a;2889562110305;9.67131;-5.221115;3.168808
a;2889582251907;9.8199005;-5.883255;3.0980988
a;2889602393509;9.887726;-6.4797363;3.4530182
a;2889622535110;10.4655;-6.8600464;4.635605
a;2889642676712;10.869385;-6.643158;4.930237
a;2889662818313;11.18956;-7.198807;4.508255
a;2889682959915;10.952896;-8.208466;4.9412537
a;2889703101516;10.061523;-7.7631683;5.937683
a;2889723243118;9.671371;-7.2875977;6.8382416
a;2889743384719;9.084763;-7.4555817;6.4062195
a;2889763526321;8.043762;-6.888031;6.1688232
a;2889783667923;7.182617;-6.5718536;6.426071
a;2889803809524;6.3692017;-6.4124146;5.9455566
a;2889818915725;5.516342;-5.7962646;5.3819427
a;2889839057327;4.5579376;-4.979782;5.1576843
a;2889859198928;3.897995;-4.673126;5.727783
a;2889879340530;3.7003632;-4.9007416;6.392441
a;2889899482132;3.2312927;-4.2187195;6.1030273
a;2889914588333;2.5774078;-3.100296;5.977005
a;2889934729934;2.342682;-3.13266;5.918747
a;2889954871536;1.859314;-3.45224;5.815506
a;2889975013137;1.585846;-2.9397583;6.462143
a;2889995154739;1.4445801;-2.2984161;7.331497
a;2890015296341;1.1226044;-2.248825;7.242264
a;2890035437942;0.8382263;-2.3898926;6.775894
a;2890055579544;0.96939087;-2.7191315;6.9501495
a;2890075721145;0.94592285;-2.4118195;7.2048187
a;2890095862747;0.83714294;-1.7267456;7.4306946
a;2890116004348;0.7116699;-1.3796082;7.4543
a;2890136145950;0.65293884;-1.753952;7.5242157
a;2890156287552;0.9098358;-1.8853455;7.7394867
a;2890176429153;0.80114746;-1.6891937;7.8939514
a;2890196570755;0.5203552;-1.5810089;8.019119
a;2890216712356;0.5684967;-1.7674713;8.312317
a;2890236853958;0.7590332;-1.7768097;8.753998
a;2890256995559;0.6901245;-1.4328003;8.853622
a;2890277137161;0.50408936;-1.4215546;8.892792
a;2890297278762;0.494812;-1.291214;8.855728
a;2890317420364;0.62283325;-1.1619568;8.771469
a;2890337561966;0.68006897;-1.8564606;8.757797
a;2890357703567;0.6023712;-2.0664673;9.124771
a;2890377845169;0.57437134;-1.2851257;9.917755
a;2890397986770;0.4150238;-0.8970642;10.024185
a;2890418128372;0.83961487;-1.052475;10.009247
a;2890438269973;0.85450745;-1.3387146;9.646805
