a;8693722107524;-0.9596863;-4.147293;8.655365
a;8693742249125;-1.0301208;-4.1325073;8.698105
a;8693762390727;-0.89767456;-4.126358;8.658035
a;8693782532328;-0.79341125;-4.248062;8.536636
a;8693802673930;-1.2131348;-4.3389893;8.74028
a;8693822815531;-1.1118164;-4.522888;8.994354
a;8693842957133;-0.44400024;-4.5921936;9.122314
a;8693863098734;-0.8985443;-4.173889;9.060883
a;8693883240336;-1.1239319;-4.0575256;8.856476
a;8693903381938;-0.69766235;-4.2496796;8.788864
a;8693923523539;-0.89527893;-4.39711;8.877899
a;8693943665141;-1.0268097;-4.477234;9.075638
a;8693963806742;-0.9730072;-4.4807434;9.211151
a;8693983948344;-1.0516052;-4.139023;9.358765
a;8694004089945;-1.0728302;-3.8476563;9.265747
a;8694024231547;-0.9817352;-3.5299988;9.105408
a;8694044373149;-0.9559326;-3.9415894;8.899963
a;8694064514750;-1.010498;-4.0047607;9.244217
a;8694084656352;-1.1169586;-4.0311584;9.902206
a;8694104797953;-1.5356598;-4.064682;9.816162
a;8694124939555;-2.126175;-4.340927;8.848404
a;8694145081156;-2.4491272;-4.8221893;7.667267
a;8694165222758;-2.6579437;-5.3029785;7.361023
a;8694185364359;-2.830658;-4.754425;7.308197
a;8694205505961;-3.1506348;-4.1622314;6.9813995
a;8694225647563;-3.4693604;-4.1547394;6.803772
a;8694245789164;-3.4062805;-3.3800964;7.092819
a;8694265930766;-3.641159;-3.433075;7.922806
a;8694286072367;-3.5637665;-5.1246796;7.9846954
a;8694306213969;-2.9918518;-3.884369;8.370911
a;8694326355570;-3.085434;-3.2348022;7.2911835
a;8694346497172;-3.2889252;-4.1010895;5.7404785
a;8694366638774;-2.9992676;-5.8399353;5.8911743
a;8694386780375;-2.5594788;-6.8455963;7.112213
a;8694406921977;-2.6873932;-7.4289856;7.252365
a;8694427063578;-2.7708893;-7.4074097;6.3530273
a;8694447205180;-2.7381592;-8.111954;5.577118
a;8694467346781;-2.701294;-8.243835;5.6673737
a;8694487499864;-2.685913;-8.360992;6.2485657
a;8694507641465;-2.498581;-8.370621;7.1859436
a;8694527783067;-2.594513;-7.887665;7.0841675
a;8694547924669;-2.9699707;-7.231369;7.04657
a;8694568066270;-2.7211304;-6.7746277;7.1502075
a;8694588207872;-2.587143;-7.030243;6.688751
a;8694608349473;-2.5897064;-7.2484283;6.4049377
a;8694628491075;-2.6572876;-7.1064453;6.4394684
a;8694648632676;-2.714035;-6.8407745;6.3927
a;8694668774278;-2.8684235;-6.5020447;6.3993835
a;8694688915880;-2.8268433;-6.8804016;6.2815704
a;8694709057481;-2.6535645;-6.913315;6.420944
a;8694729199083;-2.5212402;-7.0076904;6.376541
a;8694749340684;-2.5263977;-7.182083;6.765381
a;8694769482286;-2.62706;-7.3155823;6.75856
a;8694789623887;-2.7056274;-7.0295105;6.647293
a;8694809765489;-2.6085815;-6.9024963;6.6383057
a;8694829907090;-2.5217133;-6.701523;6.69014
a;8694850048692;-2.502884;-6.874893;6.6231995
a;8694870190294;-2.582306;-7.191757;6.5353394
a;8694890331895;-2.721161;-7.0619507;6.4886017
a;8694910473497;-2.6257935;-6.909668;6.5736084
a;8694930615098;-2.559906;-6.4787903;6.6118317
a;8694950756700;-2.4224548;-6.2377014;6.6242676
a;8694970898301;-2.059021;-6.0298004;6.471924
a;8694991039903;-1.5133362;-5.503723;6.189331
a;8695011181505;-1.3172913;-4.86261;5.6980896
a;8695031323106;-1.0258484;-3.8697205;5.3421783
a;8695051464708;-0.49952698;-2.7379456;4.967514
a;8695071606309;-0.097595215;-2.5182953;4.3947144
a;8695091747911;-0.047409058;-2.4605865;3.368042
a;8695111889512;0.090148926;-1.9422302;2.6458282
a;8695132031114;0.75709534;-2.3393097;2.0715332
a;8695152172715;1.7204285;-3.478897;1.9598541
a;8695172314317;3.0431366;-5.049576;2.5752258
a;8695192455919;4.2661133;-7.725342;2.4028778
a;8695212597520;4.8029175;-9.521698;1.4331207
a;8695232739122;4.6788025;-9.17952;0.5579376
a;8695252880723;5.1474457;-8.968063;0.339386
a;8695273022325;5.6959534;-9.496796;0.55952454
a;8695293163926;6.610092;-11.084183;1.126236
a;8695313305528;7.639633;-11.853241;1.3247375
a;8695333447130;7.784973;-11.701599;1.3283691
a;8695353588731;7.5337524;-10.243515;0.5886841
a;8695373730333;7.756851;-8.902161;-0.38380432
a;8695393871934;8.829956;-8.684967;-0.8660126
a;8695414013536;10.176651;-9.066467;-0.9519043
a;8695434155137;10.766678;-8.650192;-0.85632324
a;8695454296739;10.782852;-7.857239;-0.66633606
a;8695474438340;11.29071;-7.231598;-0.63856506
a;8695494579942;11.846222;-6.9539948;-0.782135
a;8695514721544;11.949905;-7.039383;-0.97901917
a;8695534863145;11.924576;-7.0208282;-1.2274475
a;8695555004747;11.601486;-6.7725677;-1.4767303
a;8695575146348;10.926468;-6.408264;-1.444809
a;8695595287950;10.2948;-5.895584;-1.2526093
a;8695615429551;9.929092;-5.340103;-0.9686127
a;8695635571153;9.680237;-4.878845;-0.80358887
a;8695655712755;9.562912;-4.9338226;-0.73757935
a;8695675854356;9.3845825;-4.7582245;-0.76704407
a;8695695995958;9.269943;-4.38266;-0.6522064
a;8695716137559;8.96254;-3.8177948;-0.57237244
a;8695736279161;8.593765;-3.220459;-0.49990845
a;8695756420762;8.48764;-3.102066;-0.4184265
a;8695776562364;8.537781;-3.1931;-0.51963806
a;8695796703965;8.7764435;-3.2852325;-0.62745667
a;8695816845567;9.022308;-3.3926544;-0.70584106
a;8695836987169;9.287262;-3.3787231;-0.8532562
a;8695857128770;9.512054;-3.3466644;-0.8417053
a;8695877270372;9.7451935;-3.3518524;-0.7607727
a;8695897411973;9.8871765;-3.2008362;-0.7878113
a;8695917553575;9.838074;-3.0114288;-0.84510803
a;8695937695176;9.73494;-2.9708405;-0.80711365
a;8695957836778;9.5979;-2.9451752;-0.7057495
a;8695977978380;9.499451;-2.802948;-0.6664429
a;8695998119981;9.4223175;-2.8240356;-0.5576172
a;8696018261583;9.408127;-2.848755;-0.58815
a;8696038403184;9.331787;-2.6679535;-0.61917114
a;8696058544786;9.253967;-2.6261444;-0.5582886
a;8696078686387;9.247131;-2.7884216;-0.56129456
a;8696098827989;9.284943;-2.8207092;-0.63131714
a;8696118969590;9.3069;-2.9540863;-0.6688385
a;8696139111192;9.335648;-3.1841888;-0.7447815
a;8696159252794;9.348328;-3.2097015;-0.7064972
a;8696179394395;9.248856;-3.1626434;-0.6982727
a;8696199535997;9.293137;-3.2761078;-0.7301483
a;8696219677598;9.245026;-3.2695465;-0.7132416
a;8696239819200;9.147354;-3.2579498;-0.72265625
a;8696259960801;9.163467;-3.4147644;-0.7303772
a;8696280102403;9.181931;-3.537201;-0.7293854
a;8696300244005;9.215912;-3.7873077;-0.7989044
a;8696320385606;9.389526;-4.307007;-0.5858917
a;8696340527208;9.702988;-4.829239;-0.2119751
a;8696360668809;10.000717;-5.3912964;-0.11772156
a;8696380810411;10.302109;-6.61232;0.5834961
a;8696400952012;10.823074;-8.047104;1.3161469
a;8696421093614;11.730179;-9.128769;1.2964172
a;8696441235215;12.519333;-10.5047455;0.96076965
a;8696461376817;12.915192;-12.56543;0.041290283
a;8696481518419;13.088989;-14.671829;-2.175003
a;8696501660020;13.116669;-15.909714;-3.5211334
a;8696521801622;14.0134735;-15.47139;-4.1673737
a;8696541943223;14.819443;-15.825485;-5.443863
a;8696562084825;15.423767;-16.836685;-6.776367
a;8696582226426;15.920593;-17.229797;-7.3852844
a;8696602368028;15.825302;-15.400589;-7.940796
a;8696622509630;14.52243;-13.071747;-8.233719
a;8696642651231;13.010941;-8.692627;-7.743805
a;8696662792833;11.729858;-2.9558716;-5.8206787
a;8696682934434;10.77417;1.077301;-4.3133545
a;8696703076036;9.1215515;3.0184326;-3.914444
a;8696723217637;6.785797;5.530548;-3.5765533
a;8696743359239;4.667862;10.506683;-2.8887482
a;8696763500840;0.45848083;18.304382;-1.564209
a;8696783642442;-5.486664;18.967438;0.74012756
a;8696803784044;-4.020935;18.161499;3.0998688
a;8696823925645;-0.55963135;12.220108;4.8129425
a;8696844067247;-0.48117065;6.6371307;5.3541565
a;8696864208848;0.87290955;-0.93922424;4.872772
a;8696884350450;5.2531586;-16.071274;1.1153259
a;8696904492051;5.8519745;-20.031967;-9.786972
a;8696924633653;2.418045;-20.031967;-1.5440521
a;8696944775255;-3.1503448;-20.031967;-0.5497589
a;8696964916856;-5.903488;-13.5203705;-0.4076233
a;8696985058458;-2.54039;-4.940628;1.568512
a;8697005200059;1.5862122;4.436615;2.6706085
a;8697025341661;0.6857605;16.603561;4.533951
a;8697045483262;-4.74411;18.967438;5.763794
a;8697065624864;-4.309204;17.812546;5.2281647
a;8697085766465;-1.0363464;10.093109;3.781952
a;8697105908067;0.44117737;-0.09617615;3.6369324
a;8697126049669;1.888794;-14.811935;1.2373047
a;8697146191270;2.990387;-20.031967;-7.348053
a;8697166332872;3.2335815;-20.031967;-5.0151367
a;8697186474473;-2.767105;-19.91632;-1.0600739
a;8697206616075;-4.308899;-14.157059;-0.35263062
a;8697226757676;-0.17675781;-4.7704773;2.3489532
a;8697246899278;2.5922241;6.396225;4.833603
a;8697267040880;-0.001876831;17.963684;6.856415
a;8697287182481;-4.932892;18.967438;7.5464478
a;8697307324083;-3.7024078;14.849365;5.338135
a;8697327465684;-0.7509155;5.7572937;3.7978363
a;8697347607286;0.1519928;-5.7939606;4.295868
a;8697367748887;1.5809479;-19.515884;-2.1728058
a;8697387890489;2.162506;-20.031967;-8.577881
a;8697408032090;-2.232544;-19.429459;-0.04899597
a;8697428173692;-6.200577;-11.000366;1.0470276
a;8697448315294;-4.4801025;-5.552643;1.560257
a;8697468456895;-2.1590118;-0.23788452;1.9101715
a;8697488598497;-2.7814178;4.0274963;3.0130615
a;8697508740098;-4.139099;4.513336;3.13266
a;8697528881700;-4.0004272;3.517105;2.4079742
a;8697549023301;-3.5028229;3.1573792;2.5204773
a;8697569164903;-2.3708344;2.4401398;2.6650238
a;8697589306505;0.051620483;0.87823486;2.3577423
a;8697609448106;2.178299;-1.9318085;2.0320282
a;8697629589708;3.7837677;-4.619919;1.3239441
a;8697649731309;4.997116;-7.245117;-0.28475952
a;8697669872911;6.5371094;-9.14209;0.11909485
a;8697690014512;8.1072235;-9.194;1.2615662
a;8697710156114;8.577896;-9.760727;1.9041138
a;8697730297715;8.782776;-10.102127;1.2740936
a;8697750439317;10.07515;-10.77301;0.24772644
a;8697770580919;11.134689;-10.436691;-0.44058228
a;8697790722520;10.938629;-9.327286;0.026428223
a;8697810864122;11.434418;-8.539032;-0.050628662
a;8697831005723;12.20607;-8.113846;-0.90153503
a;8697851147325;13.214493;-8.423859;-1.3718567
a;8697871288926;14.134262;-8.857468;-1.3141022
a;8697891430528;13.868973;-8.412827;-1.3446808
a;8697911572130;13.400009;-7.644806;-1.2979889
a;8697931713731;12.976028;-6.9879303;-1.2591858
a;8697951855333;12.284149;-6.6723633;-1.183136
a;8697971996934;11.548431;-6.572693;-1.1679382
a;8697992138536;10.762726;-6.204376;-1.102356
a;8698012280137;10.127563;-5.627594;-0.974823
a;8698032421739;9.761139;-5.1479034;-0.83851624
a;8698052563340;9.603729;-4.848297;-0.6546631
a;8698072704942;9.538208;-4.6005096;-0.66722107
a;8698092846544;9.445206;-4.451462;-0.730011
a;8698112988145;9.193405;-4.3595886;-0.7614136
a;8698133129747;9.001923;-4.172226;-0.6699219
a;8698153271348;9.036804;-3.9552307;-0.62693787
a;8698173412950;8.958679;-3.835846;-0.720459
a;8698193554551;8.74733;-3.6746674;-0.74339294
a;8698213696153;8.8880005;-3.5623474;-0.68914795
a;8698233837755;9.146088;-3.4568634;-0.6463318
a;8698253979356;9.330612;-3.2340546;-0.74105835
a;8698274120958;9.376144;-3.1202087;-0.7368164
a;8698294262559;9.460373;-3.0894165;-0.68130493
a;8698314404161;9.558182;-2.942627;-0.70310974
a;8698334545762;9.532898;-2.911972;-0.72317505
a;8698354687364;9.462021;-2.9347076;-0.696228
a;8698374828965;9.469513;-2.8787231;-0.6646881
a;8698394970567;9.495789;-2.6964722;-0.6566162
a;8698415112169;9.411331;-2.662262;-0.7313385
a;8698435253770;9.3177185;-2.7602692;-0.7658386
a;8698455395372;9.248581;-2.7989807;-0.76867676
a;8698475536973;9.297623;-2.8604279;-0.76052856
a;8698495678575;9.321304;-2.8972626;-0.80163574
a;8698515820176;9.277756;-3.0066833;-0.84184265
a;8698535961778;9.219284;-3.1484833;-0.8856354
a;8698556103380;9.187119;-3.1917572;-0.83151245
a;8698576244981;9.147018;-3.239334;-0.8048706
a;8698596386583;9.089142;-3.3104706;-0.80477905
a;8698616528184;9.045425;-3.3603668;-0.80755615
a;8698636669786;8.97435;-3.4269562;-0.76498413
a;8698656811387;9.068375;-3.5000458;-0.7802429
a;8698676952989;9.19017;-3.5194244;-0.8092804
a;8698697094590;9.180115;-3.5670319;-0.85913086
a;8698717236192;9.149887;-3.603592;-0.87368774
a;8698737377794;9.17926;-3.680069;-0.8246155
a;8698757519395;9.228622;-3.6914368;-0.8591461
a;8698777660997;9.211334;-3.681839;-0.8772278
a;8698797802598;9.184143;-3.681305;-0.83006287
a;8698817944200;9.199127;-3.6886597;-0.80319214
a;8698838085801;9.238525;-3.666916;-0.7760315
a;8698858227403;9.267899;-3.6574707;-0.82040405
a;8698878369005;9.228729;-3.6866455;-0.8083954
a;8698898510606;9.153442;-3.6839294;-0.8506317
a;8698918652208;9.156128;-3.6715088;-0.7709961
a;8698938793809;9.175171;-3.7026672;-0.7817688
a;8698958935411;9.184921;-3.6577148;-0.84880066
a;8698979077012;9.2000885;-3.6493835;-0.8136749
a;8698999218614;9.17395;-3.6706543;-0.7876282
a;8699019360215;9.193939;-3.6316986;-0.7898102
a;8699039501817;9.235825;-3.6298065;-0.84858704
a;8699059643419;9.25737;-3.5872955;-0.84721375
a;8699079785020;9.247223;-3.55719;-0.83854675
a;8699099926622;9.220032;-3.527588;-0.89138794
a;8699120068223;9.215073;-3.571228;-0.84732056
a;8699140209825;9.221344;-3.569168;-0.8636627
a;8699160351426;9.245514;-3.5080414;-0.872345
a;8699180493028;9.206818;-3.4476776;-0.81625366
a;8699200634630;9.143173;-3.411911;-0.8269348
a;8699220776231;9.126556;-3.4375916;-0.7899475
a;8699240917833;9.129425;-3.4653168;-0.809433
a;8699261059434;9.138626;-3.4660034;-0.838562
a;8699281201036;9.066437;-3.4638824;-0.8031311
a;8699301342637;9.1137085;-3.540207;-0.82144165
a;8699321484239;9.129639;-3.6039429;-0.8421478
a;8699341625840;9.218811;-3.623764;-0.832428
a;8699361767442;9.208084;-3.6265717;-0.86709595
a;8699381909044;9.102982;-3.6092377;-0.79663086
a;8699402050645;9.064224;-3.6419067;-0.76205444
a;8699422192247;9.035004;-3.6875;-0.81018066
a;8699442333848;9.114288;-3.9036255;-0.8154602
a;8699462475450;9.275742;-4.37764;-0.863327
a;8699482617051;9.323227;-4.670639;-0.800354
a;8699502758653;9.289642;-4.829315;-0.63417053
a;8699522900255;9.350693;-5.1087036;-0.46147156
a;8699543041856;9.467667;-5.645874;-0.02923584
a;8699563183458;9.779495;-6.388565;-0.17831421
a;8699583325059;9.915588;-6.8056946;-0.7413025
a;8699603466661;9.589752;-6.898102;-0.66056824
a;8699623608262;9.09436;-7.2351837;-0.58851624
a;8699643749864;9.097015;-7.748123;-0.5483856
a;8699663891465;9.343903;-8.241104;-0.70321655
a;8699684033067;9.49324;-8.353546;-1.3144531
a;8699704174669;9.464691;-8.77623;-1.9255524
a;8699724316270;9.225693;-9.365494;-1.1780701
a;8699744457872;9.251831;-9.835861;-0.2846985
a;8699764599473;9.170319;-10.305664;-0.58644104
a;8699784741075;8.798096;-10.908051;-1.52565
a;8699804882676;8.0868225;-11.447144;-1.3510284
a;8699825024278;7.4269867;-11.541321;-0.7542114
a;8699845165880;6.6126404;-11.043976;-0.086242676
a;8699865307481;6.064453;-10.106064;0.20765686
a;8699885449083;5.677887;-9.199783;0.2752838
a;8699905590684;5.2265167;-8.406509;-0.014221191
a;8699925732286;4.8009796;-8.3485565;-0.17634583
a;8699945873887;4.1812897;-8.202789;-0.10316467
a;8699966015489;3.392456;-7.922516;0.33558655
a;8699986157090;2.711502;-7.3315735;0.5895691
a;8700006298692;1.725769;-7.0700226;0.4008026
a;8700026440294;1.149231;-7.80925;0.37895203
a;8700046581895;1.1303711;-7.9469604;0.96832275
a;8700066723497;0.7678375;-7.058853;1.6764374
a;8700086865098;0.1418457;-7.110504;1.2142487
a;8700107006700;-0.6672058;-7.770218;0.5920563
a;8700127148301;-1.0244446;-8.243729;0.98080444
a;8700147289903;-0.5140686;-8.466217;1.3451843
a;8700167431505;-0.25180054;-8.081116;0.69117737
a;8700187573106;-0.6690674;-8.31041;-0.020462036
a;8700207714708;-1.184494;-8.568741;0.24035645
a;8700227856309;-1.9081421;-8.783142;1.1311493
a;8700247997911;-2.009262;-8.591858;1.698883
a;8700268139512;-2.1940002;-8.257309;1.7406616
a;8700288281114;-2.7025452;-8.730057;1.2249451
a;8700308422715;-2.5579376;-9.600555;1.3935547
a;8700328564317;-2.050644;-10.112366;2.037445
a;8700348705919;-1.7377472;-10.275681;3.1244354
a;8700368847520;-2.0113983;-10.361557;3.1929626
a;8700388989122;-2.076477;-11.133728;2.2279358
a;8700409130723;-1.5405731;-11.516052;1.6742401
a;8700429272325;-1.344986;-10.580399;1.516983
a;8700449413926;-1.890274;-9.9095;0.38737488
a;8700469555528;-2.1406097;-9.992935;-0.39523315
a;8700489697130;-0.93299866;-8.52298;1.1410217
a;8700509838731;-2.4011993;-8.411438;2.4175568
a;8700529980333;-2.7493286;-9.98172;0.19470215
a;8700550121934;-3.4795532;-8.503632;-1.48909
a;8700570263536;-5.1552887;-7.1768494;-2.6539917
a;8700590405137;-5.2283936;-7.848694;-3.624939
a;8700610546739;-4.395508;-7.6977997;-3.9894257
a;8700630688340;-4.206299;-7.487076;-4.967972
a;8700650829942;-4.320587;-7.002716;-3.6940308
a;8700670971544;-4.5057373;-7.5545044;-3.3131561
a;8700691113145;-5.5309753;-9.768829;-3.141739
a;8700711254747;-5.5359344;-8.411819;-2.5302277
a;8700731396348;-5.2335663;-6.881363;-2.6063843
a;8700751537950;-4.8728485;-7.8367157;-1.7150726
a;8700771679551;-5.282364;-6.594223;-1.7775879
a;8700791821153;-4.7198486;-6.8322906;-2.0763702
a;8700811962755;-4.8026276;-7.121567;-2.9704437
a;8700832104356;-5.5210114;-6.905899;-4.090866
a;8700852245958;-5.8647003;-8.712402;-3.702301
a;8700872387559;-5.8973694;-9.5577545;-1.7065887
a;8700892529161;-5.4610596;-9.374466;0.37573242
a;8700912670762;-5.853073;-8.486053;-1.4421539
a;8700932812364;-6.505554;-7.5503693;-4.3006744
a;8700952953965;-6.092819;-9.958633;-3.4617157
a;8700973095567;-5.9601746;-8.528915;-1.9710846
a;8700993237169;-6.0881042;-6.8815002;-1.7945557
a;8701013378770;-6.0884247;-5.961731;-2.7682343
a;8701033520372;-6.0557404;-4.9469604;-4.6033783
a;8701053661973;-5.901825;-3.935089;-4.5785522
a;8701073803575;-5.592575;-3.778244;-2.0889893
a;8701093945176;-4.9958344;-3.250763;-0.28201294
a;8701114086778;-4.6925964;-3.146164;-0.475235
a;8701134228380;-5.167404;-4.1621094;-1.9911194
a;8701154369981;-5.654831;-7.244812;-3.3908691
a;8701174511583;-5.4302826;-8.459793;-2.3838043
a;8701194653184;-5.067917;-6.729904;-0.47547913
a;8701214794786;-5.1305084;-6.418518;-0.6058655
a;8701234936387;-5.3046722;-7.6196594;-2.7565308
a;8701255077989;-5.056198;-9.699951;-4.392456
a;8701275219590;-4.558853;-11.028519;-3.5000916
a;8701295361192;-4.667038;-10.09787;-2.2412415
a;8701315502794;-5.014679;-9.762512;-2.0254517
a;8701335644395;-4.9768066;-10.663834;-2.9871216
a;8701355785997;-4.779068;-11.642456;-3.4346619
a;8701375927598;-4.105957;-12.310135;-3.0335236
a;8701396069200;-3.2839813;-11.872131;-1.9638214
a;8701416210801;-2.7238312;-11.637238;-1.3603668
a;8701436352403;-2.1976318;-12.846634;-1.8906403
a;8701456494005;-1.4864197;-13.179962;-2.440796
a;8701476635606;-1.509201;-12.453049;-2.69458
a;8701496777208;-1.2037964;-11.900528;-1.9842224
a;8701516918809;-0.07702637;-13.216278;-1.0028229
a;8701537060411;1.108078;-14.17099;0.87789917
a;8701557202012;0.9571533;-12.340195;1.4926147
a;8701577343614;0.63900757;-10.039917;0.52989197
a;8701597485215;0.9129181;-9.790619;-2.163208
a;8701617626817;0.5384674;-10.377365;-3.2618713
a;8701637768419;-0.105773926;-11.556564;-2.6351013
a;8701657910020;-1.4458618;-12.617477;-2.366516
a;8701678051622;-2.3594666;-11.949661;-2.397995
a;8701698193223;-2.5575714;-11.221222;-1.2673645
a;8701718334825;-1.9768829;-10.979446;-0.0034637451
a;8701738476426;-1.7840729;-10.45163;0.7096405
a;8701758618028;-2.115738;-9.582672;0.40335083
a;8701778759630;-2.6887665;-9.100464;0.5881958
a;8701798901231;-2.762329;-9.24173;0.09321594
a;8701819042833;-2.9537048;-9.256348;-0.14480591
a;8701839184434;-3.2989655;-8.998474;-0.27038574
a;8701859326036;-3.7927094;-8.07135;-0.259552
a;8701879467637;-3.889862;-8.151215;-0.13310242
a;8701899609239;-3.5506897;-8.123459;0.11943054
a;8701919750840;-3.608612;-7.406723;0.7237396
a;8701939892442;-3.617752;-7.5964355;1.1002808
a;8701960034044;-3.7216492;-7.8383484;0.8070526
a;8701980175645;-3.7690582;-7.4887238;0.80589294
a;8702000317247;-3.8177338;-7.786209;1.0152893
a;8702020458848;-3.8495483;-7.8580933;1.7047882
a;8702040600450;-3.6445618;-7.9462433;1.7384186
a;8702060742051;-3.688263;-7.866806;1.7363434
a;8702080883653;-3.465973;-8.034943;1.5897522
a;8702101025255;-3.2004242;-8.521515;1.689743
a;8702121166856;-2.559311;-8.991364;2.0848083
a;8702141308458;-2.5765686;-9.206085;2.9997406
a;8702161450059;-2.469574;-10.009293;3.2737274
a;8702181591661;-2.110611;-10.681122;3.7721252
a;8702201733262;-1.94487;-10.833618;3.9193573
a;8702221874864;-1.9047546;-11.077866;4.0191193
a;8702242016465;-1.9550629;-11.147827;4.7516937
a;8702262158067;-1.9867706;-11.194046;5.1427
a;8702282299669;-1.9200134;-11.5264435;5.192627
a;8702302441270;-2.0452728;-11.79422;5.0946045
a;8702322582872;-2.2644043;-11.3142395;4.9676056
a;8702342724473;-2.0494232;-11.335495;4.526642
a;8702362866075;-2.101654;-10.921402;4.0184326
a;8702383007676;-2.3100739;-10.986252;3.202835
a;8702403149278;-2.8522644;-10.437698;2.2540894
a;8702423290880;-3.356079;-9.623505;1.6539459
a;8702443432481;-3.8067474;-8.349976;1.1672058
a;8702463574083;-4.4305115;-7.295639;0.7414093
a;8702483715684;-4.5093994;-6.3730316;0.7945099
a;8702503857286;-4.8930206;-5.845093;0.7482605
a;8702523998887;-5.374176;-5.0640717;0.51026917
a;8702544140489;-5.436157;-4.8023987;0.3646698
a;8702564282090;-5.3193207;-3.749588;0.8380127
a;8702584423692;-5.3681946;-3.3823395;0.8750305
a;8702604565294;-5.25058;-2.908615;0.92523193
a;8702624706895;-5.6557007;-3.077118;0.32336426
a;8702644848497;-5.9776306;-3.0469666;-0.0894928
a;8702664990098;-5.9012146;-2.5124664;-0.07696533
a;8702685131700;-5.8683624;-3.2197266;-0.13246155
a;8702705273301;-5.8112335;-4.544815;-0.47920227
a;8702725414903;-5.8884125;-5.3156433;-0.90145874
a;8702745556505;-5.7156067;-6.091858;-1.1526794
a;8702765698106;-5.5405884;-6.4436646;-1.0484467
a;8702785839708;-5.229904;-6.4430237;-0.3855133
a;8702805981309;-5.185211;-7.5186615;-1.1376343
a;8702826122911;-5.140564;-9.983887;-3.4230042
a;8702846264512;-5.4785767;-10.276184;-3.7745361
a;8702866406114;-5.3453217;-10.079788;-2.666687
a;8702886547715;-4.8255463;-10.43219;-2.5581512
a;8702906689317;-4.0884094;-10.178116;-3.1227112
a;8702926830919;-3.0616608;-10.65918;-2.8212433
a;8702946972520;-1.9311218;-12.095352;-2.8928223
a;8702967114122;-1.2294922;-13.450821;-2.696045
a;8702987255723;-1.2217712;-13.335312;-2.4283752
a;8703007397325;-1.1286011;-12.533188;-2.1988678
a;8703027538926;-0.4045868;-12.707611;-1.893219
a;8703047680528;0.17718506;-14.353134;-1.7644196
a;8703067822130;0.54611206;-14.526627;-0.009796143
a;8703087963731;0.32670593;-12.881973;1.0633392
a;8703108105333;0.2539673;-11.488174;0.5606537
a;8703128246934;0.46426392;-11.780334;-0.10467529
a;8703148388536;0.6103821;-11.537109;0.31356812
a;8703168530137;0.45715332;-10.986725;0.62361145
a;8703188671739;0.56710815;-10.705475;0.3793335
a;8703208813340;0.8764038;-11.672516;0.007980347
a;8703228954942;1.470932;-13.023422;-0.15641785
a;8703249096544;2.0101776;-12.395279;1.0379486
a;8703269238145;3.1566467;-11.08316;4.110367
a;8703289379747;4.617813;-10.464752;5.9890594
a;8703309521348;3.9863586;-10.228729;3.6980133
a;8703329662950;2.1464233;-9.624863;0.5649719
a;8703349804551;1.3830261;-11.792923;-0.47999573
a;8703369946153;0.5569763;-12.528687;-1.2013397
a;8703390087755;-0.7594147;-12.15126;-1.4339752
a;8703410229356;-1.562439;-11.97403;-0.23805237
a;8703430370958;-1.4851532;-11.302658;0.73695374
a;8703450512559;-1.2595673;-9.511673;1.1747894
a;8703470654161;-1.5138092;-9.289932;1.3196411
a;8703490795762;-2.0382843;-9.091187;1.0407715
a;8703510937364;-2.496994;-9.809235;0.47702026
a;8703531078965;-2.6632233;-9.858017;0.033187866
a;8703551220567;-2.9807587;-9.211319;0.0056610107
a;8703571362169;-3.0715942;-8.425751;-0.013900757
a;8703591503770;-2.8894653;-8.432495;-0.12736511
a;8703611645372;-2.7338562;-8.6874695;-0.05822754
a;8703631786973;-2.8530884;-8.560669;0.29388428
a;8703651928575;-2.9550476;-8.603897;1.0179749
a;8703672070176;-3.0205994;-8.189514;1.0099182
a;8703692211778;-3.0835114;-9.054092;0.5694885
a;8703712353380;-3.3340912;-8.834152;0.9339752
a;8703732494981;-3.3285217;-8.905106;1.3786774
a;8703752636583;-3.4008636;-8.922928;1.3443756
a;8703772778184;-3.5921783;-8.706558;0.9087982
a;8703792919786;-3.6437683;-7.882553;0.91316223
a;8703813061387;-3.7296295;-7.8697815;1.114624
a;8703833202989;-3.6616516;-8.406876;0.6883545
a;8703853344590;-3.5262756;-8.91951;0.6310272
a;8703873486192;-3.3561401;-8.5069275;0.848999
a;8703893627794;-3.016159;-9.571701;1.2301941
a;8703913769395;-3.0702362;-10.041397;1.5576172
a;8703933910997;-3.2521973;-10.32251;1.9138489
a;8703954052598;-3.437622;-9.877884;1.9825745
a;8703974194200;-3.664322;-10.029816;2.1144104
a;8703994335801;-3.5466003;-9.740753;2.5977783
a;8704014477403;-3.4736328;-9.52272;3.1374512
a;8704034619005;-3.64003;-10.867767;3.2194061
a;8704054760606;-3.4309692;-10.325531;3.8173218
a;8704074902208;-3.4678802;-10.644104;3.221527
a;8704095043809;-3.5316925;-10.284409;2.090744
a;8704115185411;-3.9269104;-9.975754;1.6769409
a;8704135327012;-4.121231;-9.852554;1.5112457
a;8704155468614;-4.401642;-9.234299;1.6333618
a;8704175610215;-4.6506805;-9.19136;1.0764008
a;8704195751817;-4.7664337;-8.868637;0.347641
a;8704215893419;-4.8081207;-7.6355896;0.71221924
a;8704236035020;-4.930603;-7.0714874;1.2556152
a;8704256176622;-4.942993;-6.448181;1.4557495
a;8704276318223;-4.9469757;-5.2285156;1.1704254
a;8704296459825;-4.916092;-4.570816;0.8602295
a;8704316601426;-5.1349487;-4.600937;0.99227905
a;8704336743028;-5.213806;-4.214432;1.1580048
a;8704356884630;-5.1748657;-3.4098816;0.8958435
a;8704377026231;-5.1767883;-3.3588867;0.22035217
a;8704397167833;-5.092285;-3.7427216;-0.7742462
a;8704417309434;-5.214981;-4.707428;-1.1389465
a;8704437451036;-5.3131866;-5.706497;-1.0199127
a;8704457592637;-5.111786;-5.5974274;-0.4225464
a;8704477734239;-4.8602295;-5.274765;-0.8061371
a;8704497855346;-4.8305817;-6.9289856;-2.1770325
a;8704517996948;-5.1664276;-8.555893;-2.5702515
a;8704538138550;-4.7529755;-8.985336;-1.9339905
a;8704558280151;-3.7889404;-9.722717;-1.8078461
a;8704578421753;-3.684372;-9.654617;-2.387619
a;8704598563354;-3.8360596;-9.635941;-2.8199005
a;8704618704956;-3.4281769;-10.808731;-2.1039734
a;8704638846557;-2.4569702;-11.144531;-1.1876373
a;8704658988159;-2.004776;-11.312912;-1.4385071
a;8704679129761;-2.0769653;-12.931625;-1.7849426
a;8704699271362;-1.6648712;-13.100952;-1.3470917
a;8704719412964;-1.067749;-12.966278;-0.7547302
a;8704739554565;-0.85510254;-13.221695;-0.5988312
a;8704759696167;-0.48666382;-13.223099;-0.25535583
a;8704779837768;-0.09767151;-12.209854;0.22268677
a;8704799979370;0.44667053;-11.49527;0.5173645
a;8704820120971;0.878952;-12.399673;0.23635864
a;8704840262573;0.93748474;-12.728012;0.4128723
a;8704860404175;0.9244995;-11.775497;1.0814514
a;8704880545776;1.0546265;-11.016357;0.7753601
a;8704900687378;1.267334;-11.520966;0.2538147
a;8704920828979;1.6132813;-12.714783;0.42599487
a;8704940970581;1.9197998;-13.462692;0.55241394
a;8704961112182;1.9118958;-13.495926;0.4033966
a;8704981253784;1.7941589;-12.573425;0.99560547
a;8705001395386;2.2248688;-11.820892;0.98931885
a;8705021536987;3.04982;-10.833694;2.155014
a;8705041678589;4.83165;-9.481903;5.9231873
a;8705061820190;6.4985504;-9.348434;6.6072845
a;8705081961792;3.174286;-8.171234;0.53552246
a;8705102103393;1.0340576;-10.417816;-2.3195496
a;8705122244995;1.3795013;-13.126572;-2.1489716
a;8705142386596;0.3664856;-13.062408;-1.2867584
a;8705162528198;-0.37530518;-13.60466;-0.188797
a;8705182669800;-0.3552246;-11.4535675;0.5542755
a;8705202811401;-0.29022217;-9.136993;0.6238251
a;8705222953003;-0.03677368;-8.822876;0.4251709
a;8705243094604;-0.2501068;-9.459763;0.28735352
a;8705263236206;-0.97506714;-10.210037;0.57392883
a;8705283377807;-1.2269287;-10.616241;0.37597656
a;8705303519409;-1.4824066;-9.870575;-0.10951233
a;8705323661011;-2.0011597;-8.885025;-0.28523254
a;8705343802612;-2.36969;-9.461716;-0.31999207
a;8705363944214;-2.1513214;-9.604996;0.20262146
a;8705384085815;-2.1764069;-8.765915;0.16697693
a;8705404227417;-2.2365875;-9.264694;-0.3637085
a;8705424369018;-2.4463348;-8.440231;-0.21331787
a;8705444510620;-2.3862457;-8.386551;-0.034698486
a;8705464652221;-2.3744507;-8.761353;0.114868164
a;8705484793823;-2.612152;-9.090607;-0.026504517
a;8705504935425;-2.9689636;-9.4188385;-0.37561035
a;8705525077026;-2.7348022;-7.993225;-0.17376709
a;8705545218628;-1.8465271;-6.6692047;0.7586975
a;8705565360229;-2.7259521;-9.124832;1.3714447
a;8705585501831;-2.7399445;-9.90094;0.5168152
a;8705605643432;-3.3995056;-9.278732;0.1826477
a;8705625785034;-3.7977295;-9.260422;0.5913696
a;8705645926636;-4.31073;-9.948151;0.44177246
a;8705666068237;-4.256363;-9.787323;0.28367615
a;8705686209839;-3.994522;-9.581131;0.7262268
a;8705706351440;-4.081314;-9.705368;0.90982056
a;8705726493042;-4.2694244;-9.910187;0.6938782
a;8705746634643;-4.216034;-9.224442;0.56463623
a;8705766776245;-4.181198;-8.6819;0.9583893
a;8705786917846;-4.1072235;-8.476501;1.2142334
a;8705807059448;-3.9771729;-8.840256;0.9061737
a;8705827201050;-3.7445984;-8.772186;0.81211853
a;8705847342651;-3.6518555;-9.287399;1.0805969
a;8705867484253;-3.408844;-9.463577;1.1784363
a;8705887625854;-3.544754;-9.583496;1.0726929
a;8705907767456;-3.6085052;-9.616165;0.6789093
a;8705927909057;-2.989441;-9.83876;0.6839447
a;8705948050659;-2.3420105;-9.596848;2.5887756
a;8705968192261;-3.2437286;-9.055496;3.626114
a;8705988333862;-3.3998566;-10.059906;2.4060516
a;8706008475464;-3.263382;-9.123581;2.627365
a;8706028617065;-3.0789185;-8.818817;2.7877655
a;8706048758667;-3.3753357;-8.525604;2.7979279
a;8706068900268;-3.8881073;-9.411407;1.6928711
a;8706089041870;-4.3513947;-9.678421;1.0401611
a;8706109183471;-4.365616;-9.499359;1.0047455
a;8706129325073;-4.3723145;-9.165939;1.2950745
a;8706149466675;-4.3771667;-9.108307;1.2716217
a;8706169608276;-4.6271515;-9.452911;0.9445038
a;8706189749878;-4.972183;-9.250992;0.9223175
a;8706209891479;-4.887146;-9.07251;0.9221039
a;8706230033081;-4.8978577;-8.82785;0.9466553
a;8706250174682;-4.9606323;-8.464767;1.1846161
a;8706270316284;-4.949341;-8.48201;0.89785767
a;8706290457886;-5.3126984;-8.774933;0.3591156
a;8706310599487;-5.5749817;-8.308334;0.26046753
a;8706330741089;-5.539917;-7.9636383;0.27290344
a;8706350882690;-5.3618317;-7.905884;0.3919525
a;8706371024292;-5.1887054;-7.7677765;0.50901794
a;8706391165893;-5.46727;-7.251419;1.2424774
a;8706411307495;-5.6627655;-7.3813477;1.4916534
a;8706431449096;-5.936981;-7.4465637;1.1986084
a;8706451590698;-5.7995605;-7.3488617;1.061966
a;8706471732300;-5.723068;-7.2030334;1.0088348
a;8706491873901;-5.8308716;-7.2811737;0.85754395
a;8706512015503;-5.8948364;-7.4720764;0.8497772
a;8706532157104;-5.770996;-7.4631805;0.67793274
a;8706552298706;-5.830658;-7.5484314;0.31802368
a;8706572440307;-5.608841;-7.296402;0.555603
a;8706592581909;-5.2924194;-7.5631256;1.2985382
a;8706612723511;-5.3484955;-7.9320526;1.1329803
a;8706632865112;-5.182968;-8.224075;0.65104675
a;8706653006714;-5.118759;-7.8923645;0.6855011
a;8706673148315;-5.386444;-7.453903;0.6084442
a;8706693289917;-5.3601074;-7.6546936;0.289917
a;8706713431518;-5.2182617;-7.8831787;0.43875122
a;8706733573120;-4.9643707;-8.1138;0.6300049
a;8706753714721;-4.9816895;-7.9380646;0.45335388
a;8706773856323;-5.0741577;-7.8761444;0.024429321
a;8706793997925;-4.9114532;-7.989319;-0.25828552
a;8706814139526;-4.949188;-8.128189;-0.35517883
a;8706834281128;-4.834366;-8.951324;-0.006942749
a;8706854422729;-4.876343;-9.307083;0.26618958
a;8706874564331;-4.7738647;-8.747162;0.51060486
a;8706894705932;-4.4723053;-8.277176;0.5503235
a;8706914847534;-4.055023;-7.9414215;0.50346375
a;8706934989136;-3.6388702;-7.655945;0.48406982
a;8706955130737;-3.3823547;-7.203766;0.9748535
a;8706975272339;-3.157486;-6.4263153;1.5663757
a;8706995413940;-2.7084656;-6.104141;1.8035736
a;8707015555542;-2.3189697;-5.965622;1.6684875
a;8707035697143;-1.8738403;-5.6307373;1.5487976
a;8707055838745;-1.2007904;-4.972122;1.4653015
a;8707075980346;-0.40071106;-4.719162;1.5059967
a;8707096121948;0.34158325;-4.8759613;1.3858337
a;8707116263550;0.9903717;-5.6682434;1.5266571
a;8707136405151;2.0240326;-6.794464;1.6901398
a;8707156546753;3.2782745;-8.0251465;2.0230408
a;8707176688354;4.5824127;-9.306564;2.1316223
a;8707196829956;5.6153717;-10.330566;1.8010254
a;8707216971557;6.5810547;-10.985962;1.4564972
a;8707237113159;6.8418274;-10.831741;1.0521393
a;8707257254761;6.850006;-9.679047;0.82289124
a;8707277396362;7.750946;-8.750778;0.3451233
a;8707297537964;9.445984;-9.503479;0.38523865
a;8707317679565;10.368607;-10.426819;0.6996155
a;8707337821167;10.258041;-9.5677185;0.9105835
a;8707357962768;10.396179;-8.277191;0.9520874
a;8707378104370;10.536636;-7.2728577;0.44844055
a;8707398245971;10.90802;-6.617096;0.08470154
a;8707418387573;11.260681;-6.7046967;-0.026351929
a;8707438529175;11.56131;-6.9979553;-0.07450867
a;8707458670776;11.406433;-6.704193;-0.103897095
a;8707478812378;11.648315;-6.524353;-0.14552307
a;8707498953979;11.339767;-6.439377;-0.4078064
a;8707519095581;11.148331;-6.3776855;-0.38085938
a;8707539237182;10.924835;-5.9905853;-0.38775635
a;8707559378784;10.464813;-5.431076;-0.28379822
a;8707579520386;10.393097;-5.102478;-0.3599701
a;8707599661987;10.166702;-4.7330627;-0.36114502
a;8707619803589;9.891907;-4.51062;-0.36364746
a;8707639945190;9.678406;-4.321411;-0.5295105
a;8707660086792;9.582474;-4.310028;-0.6974182
a;8707680228393;9.37381;-4.2059937;-0.82881165
a;8707700369995;9.226303;-4.0526733;-0.866745
a;8707720511596;9.143417;-3.8355255;-0.8544922
a;8707740653198;9.063232;-3.6787567;-0.93167114
a;8707760794800;8.978394;-3.5794983;-1.0193329
a;8707780936401;9.014465;-3.501648;-1.0988464
a;8707801078003;9.109467;-3.4689178;-1.1260071
a;8707821219604;9.132736;-3.4061737;-1.1864319
a;8707841361206;9.206955;-3.2784576;-1.1445007
a;8707861502807;9.2065735;-3.331787;-1.0782166
a;8707881644409;9.152359;-3.3508759;-1.0354462
a;8707901786011;9.139984;-3.3166199;-0.96868896
a;8707921927612;9.165405;-3.33284;-0.78993225
a;8707942069214;9.242676;-3.192566;-0.5389252
a;8707962210815;9.257568;-3.1012878;-0.23712158
a;8707982352417;9.2799225;-2.959259;-0.07244873
a;8708002494018;9.38147;-3.0756226;0.070388794
a;8708022635620;9.243866;-2.726303;0.27519226
a;8708042777221;9.186111;-2.5626068;0.3251953
a;8708062918823;9.079407;-2.6127625;0.15411377
a;8708083060425;9.008362;-3.11174;-0.12130737
a;8708103202026;8.969559;-3.6178436;-0.4439392
a;8708123343628;8.94339;-3.6754303;-0.5826111
a;8708143485229;8.999237;-3.5637207;-0.5712738
a;8708163626831;9.059219;-3.6947784;-0.66903687
a;8708183768432;9.140503;-3.8311157;-0.7555237
a;8708203910034;9.145203;-3.8129272;-0.78186035
a;8708224051636;9.122009;-3.7884216;-0.8588562
a;8708244193237;9.114548;-3.814087;-0.8872986
a;8708264334839;9.130692;-3.8768005;-0.9189911
a;8708284476440;9.135101;-3.9396362;-0.9224243
a;8708304618042;9.11853;-3.9365692;-0.9528351
a;8708324759643;9.134842;-3.9486084;-0.94070435
a;8708344901245;9.134979;-3.954071;-0.86058044
a;8708365042846;9.131714;-3.9159088;-0.8658447
a;8708385184448;9.171173;-3.8745117;-0.7921753
a;8708405326050;9.1657715;-3.9125519;-0.7535858
a;8708425467651;9.165039;-3.9017334;-0.75379944
a;8708445609253;9.198105;-3.8572693;-0.76760864
a;8708465750854;9.235382;-3.8207092;-0.7487793
a;8708485892456;9.229385;-3.7805786;-0.7456207
a;8708506034057;9.235565;-3.7390442;-0.7461548
a;8708526175659;9.207321;-3.653839;-0.7471771
a;8708546317261;9.216019;-3.6147919;-0.71614075
a;8708566458862;9.214111;-3.5598907;-0.7281952
a;8708586600464;9.194229;-3.5148315;-0.6528473
a;8708606742065;9.159164;-3.490265;-0.64904785
a;8708626883667;9.131561;-3.4964142;-0.5940399
a;8708647025268;9.10022;-3.4513397;-0.5575409
a;8708667166870;9.111786;-3.404129;-0.43917847
a;8708687308471;9.096909;-3.3885345;-0.4182129
a;8708707450073;9.141937;-3.4196472;-0.41252136
a;8708727591675;9.178452;-3.4578247;-0.4562683
a;8708747733276;9.189285;-3.533081;-0.46195984
a;8708767874878;9.20372;-3.6452332;-0.50302124
a;8708788016479;9.152344;-3.754074;-0.60572815
a;8708808158081;9.112137;-3.7715302;-0.6483154
a;8708828299682;9.088806;-3.8046722;-0.66329956
a;8708848441284;9.067688;-3.7983856;-0.7087555
a;8708868582886;9.089203;-3.7480774;-0.6636658
a;8708888724487;9.16597;-3.6600952;-0.631897
a;8708908866089;9.195053;-3.7164001;-0.65600586
a;8708929007690;9.200027;-3.7292328;-0.65045166
a;8708949149292;9.177856;-3.7352905;-0.689621
a;8708969290893;9.139435;-3.775772;-0.6932373
a;8708989432495;9.138977;-3.7063904;-0.68148804
a;8709009574096;9.162613;-3.6834412;-0.61717224
a;8709029715698;9.177811;-3.6995697;-0.63739014
a;8709049857300;9.161865;-3.7054138;-0.6471863
a;8709069998901;9.179626;-3.6818848;-0.6589966
a;8709090140503;9.173447;-3.658844;-0.6127777
a;8709110282104;9.181824;-3.6161041;-0.5990906
a;8709130423706;9.177155;-3.6135254;-0.566864
a;8709150565307;9.17514;-3.632492;-0.5939789
a;8709170706909;9.1879425;-3.6250763;-0.6331024
a;8709190848511;9.187546;-3.6061401;-0.63931274
a;8709210990112;9.184006;-3.5758667;-0.64527893
a;8709231131714;9.185532;-3.5807037;-0.62138367
a;8709251273315;9.179306;-3.614441;-0.63542175
a;8709271414917;9.20433;-3.614151;-0.6427765
a;8709291556518;9.177704;-3.6161652;-0.67375183
a;8709311698120;9.149155;-3.5752869;-0.6520996
a;8709331839721;9.10199;-3.5947266;-0.6451416
a;8709351981323;9.118195;-3.5993958;-0.6951752
a;8709372122925;9.151184;-3.6212769;-0.73973083
a;8709392264526;9.163666;-3.6224518;-0.7112732
a;8709412406128;9.118393;-3.625534;-0.7066803
a;8709432547729;9.098541;-3.6785278;-0.708374
a;8709452689331;9.093079;-3.6788025;-0.67922974
a;8709472830932;9.08223;-3.7505493;-0.61039734
a;8709492972534;9.088135;-3.8048553;-0.5582123
a;8709513114136;9.109863;-3.9159088;-0.5972595
a;8709533255737;9.223709;-4.1527863;-0.6448517
a;8709553397339;9.427551;-4.646805;-0.5460205
a;8709573538940;9.801773;-5.556732;-0.46894836
a;8709593680542;10.3641815;-7.106369;-1.0263519
a;8709613822143;10.859573;-7.966934;-1.1281738
a;8709633963745;10.744171;-8.049591;-0.89494324
a;8709654105346;10.67688;-8.934906;-1.3676147
a;8709674246948;11.035492;-10.093948;-1.8061218
a;8709694388550;11.29158;-10.245911;-1.99646
a;8709714530151;11.151352;-10.041962;-1.6566162
a;8709734671753;10.702484;-9.924271;-1.3856049
a;8709754813354;10.394104;-10.342133;-1.7833252
a;8709774954956;9.88475;-10.904572;-2.0122986
a;8709795096557;9.322433;-10.513596;-1.7832642
a;8709815238159;8.572189;-10.120377;-0.58781433
a;8709835379761;7.8717957;-10.231323;-0.23220825
a;8709855521362;7.061722;-10.10228;-0.6587982
a;8709875662964;6.1275635;-9.475281;-0.5057068
a;8709895804565;5.3887024;-7.963043;0.46315002
a;8709915946167;4.7248535;-7.0888977;1.7875824
a;8709936087768;3.84523;-6.334427;2.0347137
a;8709956229370;2.727356;-5.25473;1.6448822
a;8709976370971;1.4676514;-3.964981;2.1761017
a;8709996512573;0.6259613;-3.1317139;3.0565186
a;8710016654175;0.121017456;-3.1649933;3.565567
a;8710036795776;-0.074920654;-3.5395203;3.5013123
a;8710056937378;-0.32432556;-3.2186432;4.2402344
a;8710077078979;-0.9763336;-2.9485474;5.2118225
a;8710097220581;-1.4642334;-4.0072174;5.7540894
a;8710117362182;-1.5042114;-5.1610413;5.4377594
a;8710137503784;-1.8137207;-5.153122;5.1550446
a;8710157645386;-2.0439758;-4.997177;5.3497314
a;8710177786987;-1.7664642;-5.554947;6.3598633
a;8710197928589;-1.7559662;-6.4842224;6.2552185
a;8710218070190;-1.960434;-7.2000427;6.338455
a;8710238211792;-2.0220032;-7.1338654;7.21994
a;8710258353393;-1.9867706;-7.119934;7.774292
a;8710278494995;-2.410202;-7.206375;7.039612
a;8710298636596;-2.5139465;-7.232773;6.1849365
a;8710318778198;-2.4725952;-6.746521;5.9088287
a;8710338919800;-2.3929749;-6.253647;6.180832
a;8710359061401;-2.3782043;-6.47435;6.4044647
a;8710379203003;-2.3896942;-6.6651154;6.4181213
a;8710399344604;-2.2829132;-6.8804474;7.254257
a;8710419486206;-2.432312;-7.067444;7.5329742
a;8710439627807;-2.2582703;-7.1168365;7.393738
a;8710459769409;-2.3770752;-7.169571;6.7514343
a;8710479911011;-2.2314606;-6.906616;6.754257
a;8710500052612;-2.3186035;-6.693054;6.805435
a;8710520194214;-2.4263153;-6.8071136;7.1156006
a;8710540335815;-2.352295;-6.9246216;6.878113
a;8710560477417;-2.4521942;-6.8561096;6.613785
a;8710580619018;-2.2430267;-7.1775208;6.3993835
a;8710600760620;-2.1615753;-7.108673;6.464096
a;8710620902221;-2.246048;-7.1443634;6.441559
a;8710641043823;-2.179245;-7.35907;6.3419952
a;8710661185425;-2.1618652;-7.25473;6.482971
a;8710681327026;-1.9881287;-7.208191;6.769058
a;8710701468628;-2.0844727;-6.871628;7.473938
a;8710721610229;-2.4075317;-6.9089355;8.104416
a;8710741751831;-2.7096252;-7.151245;7.6835938
a;8710761893432;-3.006485;-7.1606293;6.653763
a;8710782035034;-3.2636414;-7.4479523;5.901428
a;8710802176636;-3.2207336;-7.697464;5.6852875
a;8710822318237;-3.2021942;-7.754425;5.925583
a;8710842459839;-3.1343384;-7.0615387;6.5779724
a;8710862601440;-3.0036163;-6.3652344;7.066864
a;8710882743042;-2.7641144;-5.9763794;7.1850586
a;8710902884643;-2.550705;-5.5834656;6.811203
a;8710923026245;-2.1272125;-5.3406982;6.4854126
a;8710943167846;-1.5122375;-4.9235535;6.9719696
a;8710963309448;-0.9011078;-4.3983;7.6178436
a;8710983451050;-0.51885986;-4.065033;8.314117
a;8711003592651;-0.17945862;-4.1422577;8.8207855
a;8711023734253;0.056762695;-4.666107;9.335663
a;8711043875854;0.13194275;-4.9997864;9.545364
a;8711064017456;0.07418823;-4.6063385;9.462311
a;8711084159057;-0.055267334;-4.0517426;9.308258
a;8711104300659;-0.12756348;-3.9379578;9.226318
a;8711124442261;-0.21833801;-4.1345215;9.088959
a;8711144583862;-0.29405212;-4.2637177;8.978058
a;8711164725464;-0.37789917;-4.2318573;8.865555
a;8711184867065;-0.45910645;-4.02092;8.768585
a;8711205008667;-0.45251465;-3.8815308;8.675156
a;8711225150268;-0.3996277;-3.7529144;8.625015
a;8711245291870;-0.3798523;-3.8323822;8.682434
a;8711265433471;-0.39736938;-3.9709625;8.541306
a;8711285575073;-0.38035583;-4.0510864;8.516541
a;8711305716675;-0.3907318;-4.1078644;8.671005
a;8711325858276;-0.37216187;-4.2940063;8.906647
a;8711345999878;-0.32810974;-4.3165894;9.119324
a;8711366141479;-0.38883972;-4.2014465;8.958939
a;8711386283081;-0.5216675;-3.9712677;8.94986
a;8711406424682;-0.49905396;-4.030792;8.716766
a;8711426566284;-0.5322876;-4.1320343;8.69046
a;8711446707886;-0.505249;-3.9714355;8.881027
a;8711466849487;-0.31433105;-3.9131622;9.044708
a;8711486991089;-0.46769714;-3.770172;9.234695
a;8711507132690;-0.6427765;-3.954193;8.964096
a;8711527274292;-0.5274811;-4.256073;8.622131
a;8711547415893;-0.36369324;-3.9483948;8.653854
a;8711567557495;-0.35147095;-3.9344177;8.661011
a;8711587699096;-0.3837433;-4.078964;8.780457
a;8711607840698;-0.5474396;-4.3098755;8.780014
a;8711627982300;-0.5472717;-4.414749;8.800583
a;8711648123901;-0.54655457;-4.246704;8.768646
a;8711668265503;-0.5661316;-4.097168;8.778122
a;8711688407104;-0.57748413;-4.087723;8.879181
a;8711708548706;-0.5453644;-4.114197;8.91066
a;8711728690307;-0.5366211;-4.052429;8.956741
a;8711748831909;-0.45507813;-4.028427;8.856323
a;8711768973511;-0.43954468;-3.9819489;8.72316
a;8711789115112;-0.4378662;-4.0898285;8.71814
a;8711809256714;-0.4715271;-4.2362823;8.781372
a;8711829398315;-0.47413635;-4.295868;8.884872
a;8711849539917;-0.47183228;-4.163574;8.856308
a;8711869681518;-0.4873352;-4.1046753;8.774994
a;8711889823120;-0.54100037;-4.1629333;8.792511
a;8711909964721;-0.47462463;-4.272049;8.883728
a;8711930106323;-0.32958984;-4.3054047;8.9374695
a;8711950247925;-0.3929596;-4.1719513;8.867004
a;8711970389526;-0.5434265;-4.027115;8.904297
a;8711990531128;-0.33277893;-4.2402496;8.252518
a;8712010672729;-0.9157562;-3.658661;9.111374
a;8712030814331;-0.16548157;-3.9609833;9.289368
