a;69510745648794;2.8073273;-1.4747009;9.14061
a;69510765790396;2.8236847;-1.6788483;9.022644
a;69510785931997;2.8120575;-1.6970215;8.917908
a;69510806073599;2.6179352;-0.5705719;8.907501
a;69510826215200;2.831894;-2.442337;8.323395
a;69510846356802;3.035263;-1.531723;9.30159
a;69510866498404;3.1420898;-1.5080872;9.138931
a;69510886640005;2.669983;-1.2542572;9.110718
a;69510906781607;2.9564056;-1.2219238;9.199921
a;69510926923208;3.0345306;-1.5513611;9.043991
a;69510947064810;2.9819183;-1.6909485;8.9878235
a;69510967206411;2.9893951;-1.5059052;9.067184
a;69510987348013;2.8303833;-1.4698792;9.016632
a;69511007489614;2.8452148;-1.6094818;8.912415
a;69511027631216;2.9777985;-1.4164734;8.915573
a;69511047772818;3.087677;-1.2811432;8.973251
a;69511067914419;3.3417206;-0.9948425;9.077728
a;69511088056021;3.4827576;-0.07865906;9.142426
a;69511108197622;3.5621948;0.999527;9.38797
a;69511128339224;3.631134;1.6204376;9.575897
a;69511148480825;3.9307861;2.0139923;9.968475
a;69511168622427;4.1460724;2.1054993;10.545868
a;69511188764029;4.146393;0.47138977;10.403702
a;69511208905630;4.325012;-2.9706116;9.304871
a;69511229047232;3.958084;-7.4287567;8.52771
a;69511249188833;2.925583;-9.675842;7.9535217
a;69511269330435;0.6063843;-10.391022;7.502426
a;69511289472036;-0.9479675;-10.5298;6.7955627
a;69511309613638;-1.9788666;-10.13295;5.1930237
a;69511329755239;-2.5168304;-10.129959;3.8418884
a;69511349896841;-2.769638;-9.838913;3.3080597
a;69511370038443;-1.70401;-8.643387;4.157425
a;69511390180044;-0.3287201;-6.4098816;4.9799194
a;69511410321646;0.44354248;-5.1615295;4.9200745
a;69511430463247;0.048736572;-4.5388794;6.197342
a;69511450604849;-0.26643372;-3.8013916;8.372574
a;69511470746450;0.055877686;-3.795929;8.572647
a;69511490888052;-0.048980713;-4.1427155;8.699478
a;69511511029654;-0.3219452;-4.4793854;8.585541
a;69511531171255;-0.7171936;-5.1076508;8.090759
a;69511551312857;-0.8822479;-5.552109;7.7266693
a;69511571454458;-0.37617493;-7.2182465;8.298218
a;69511591596060;0.20295715;-7.046356;9.229401
a;69511611737661;-0.97880554;-5.959961;8.765503
a;69511631879263;-1.176712;-7.1639404;7.462906
a;69511652020864;-0.9833374;-7.7699127;7.138443
a;69511672162466;-1.0765991;-7.866989;6.526703
a;69511692304068;-1.0514221;-6.9728394;6.5142365
a;69511712445669;-0.97914124;-6.8621216;6.6117554
a;69511732587271;-0.91064453;-6.7491302;7.001663
a;69511752728872;-0.77119446;-6.471924;7.6079254
a;69511772870474;-0.83161926;-6.7352753;7.707901
a;69511793012075;-0.8124695;-6.7870483;7.2053223
a;69511813153677;-1.013092;-6.7665405;6.6849976
a;69511833295279;-1.0278168;-6.8809967;6.7983704
a;69511853436880;-0.79875183;-6.8746643;7.0811615
a;69511873578482;-0.870224;-6.8727417;7.1937103
a;69511893720083;-1.0366516;-6.9049225;7.085541
a;69511913861685;-1.0306091;-6.8133087;6.967148
a;69511934003286;-0.99502563;-6.5858;6.967392
a;69511954144888;-0.910553;-6.90831;7.0226593
a;69511974286489;-0.9145355;-6.9071655;7.2916718
a;69511994428091;-0.7939606;-6.505005;7.3745575
a;69512014569693;-0.44322205;-5.827301;7.464203
a;69512034711294;-0.46707153;-6.2042236;7.3230286
a;69512054852896;-0.49510193;-6.845108;7.5423126
a;69512074994497;-0.5290222;-6.899475;7.7512207
a;69512095136099;-0.697525;-6.7430725;7.587967
a;69512115277700;-0.88449097;-6.486603;7.3969116
a;69512135419302;-0.9588623;-6.3806915;7.201645
a;69512155560904;-0.966095;-6.430893;7.251541
a;69512175702505;-0.93566895;-6.420059;7.1970215
a;69512195844107;-0.9543457;-6.314316;7.0355377
a;69512215985708;-0.9267731;-6.3035583;7.0499268
a;69512236127310;-0.7441559;-6.4163055;7.1536865
a;69512256268911;-0.54315186;-6.3941956;7.2686005
a;69512276410513;-0.24105835;-6.4357147;7.1302185
a;69512296552114;0.31124878;-6.399887;7.0899506
a;69512316693716;1.454773;-5.889786;7.186142
a;69512336835318;2.60495;-5.3874817;7.6551514
a;69512356976919;3.951126;-4.6469116;7.6582794
a;69512377118521;4.430725;-4.230667;7.186142
a;69512397260122;4.073639;-3.5763092;6.322876
a;69512417401724;3.7854614;-3.3935547;5.768036
a;69512437543325;3.5773163;-3.145691;5.9171906
a;69512457684927;3.256195;-2.713745;6.3003387
a;69512477826529;3.0480652;-3.3176422;6.432266
a;69512497968130;3.6719055;-5.20105;7.234268
a;69512518109732;6.369293;-11.70369;7.808029
a;69512538251333;11.21962;-20.031967;4.4928894
a;69512558392935;7.2838593;-20.031967;1.1915436
a;69512578534536;-0.026184082;-20.031967;4.5717316
a;69512598676138;-2.1525726;-20.031967;2.4828186
a;69512618817739;-0.17858887;-17.378601;-4.4246674
a;69512638959341;2.019638;-4.701996;-10.164383
a;69512659100943;3.4738464;6.061859;-10.740814
a;69512679242544;2.8433685;16.763046;-11.03064
a;69512699384146;1.4801178;18.967438;-11.7118225
a;69512719525747;2.5911407;18.884247;-13.0924225
a;69512739667349;4.654587;18.967438;-6.392273
a;69512759808950;4.1466064;16.656403;3.588562
a;69512779950552;7.8770905;13.645554;6.7855225
a;69512800092154;16.504196;4.7056427;-3.2280273
a;69512820233755;18.824982;-17.500977;-20.213547
a;69512840375357;-0.68115234;-20.031967;-16.534866
a;69512860516958;-7.288513;-20.031967;-18.344666
a;69512880658560;-2.069168;-20.031967;-16.595932
a;69512900800161;5.829376;-16.261734;-9.511581
a;69512920941763;15.359787;1.4460449;-3.5368195
a;69512941083364;17.391205;18.330383;-5.450638
a;69512961224966;3.3421936;18.967438;2.528656
a;69512981366568;3.2733002;18.967438;5.0204926
a;69513001508169;15.0104065;17.165909;3.7963257
a;69513021649771;19.192352;2.8464203;1.3283386
a;69513041791372;19.495438;-16.44246;-16.527878
a;69513061932974;8.624817;-20.031967;-20.19664
a;69513082074575;-1.8584747;-20.031967;-18.663376
a;69513102216177;-3.254364;-20.031967;-15.968384
a;69513122357779;2.2647705;-20.031967;-10.96817
a;69513142499380;12.890244;-10.481079;-9.887054
a;69513162640982;19.31166;11.306259;-9.561493
a;69513182782583;13.301315;18.967438;-7.035553
a;69513202924185;0.878006;18.967438;-5.812439
a;69513223065786;2.9671936;18.967438;-0.39764404
a;69513243207388;2.9316254;13.709702;7.0697174
a;69513263348989;3.3321686;5.582596;8.7035675
a;69513283490591;14.570282;-9.996994;-8.10257
a;69513303632193;14.629898;-19.848724;-20.109695
a;69513323773794;0.8147125;-20.031967;-12.424454
a;69513343915396;-1.8348694;-20.031967;-13.218613
a;69513364056997;2.031128;-20.031967;-10.848358
a;69513384198599;7.029724;-7.8455963;-8.716141
a;69513404340200;17.433075;9.082306;-7.7660675
a;69513424481802;10.976318;18.927963;-9.895309
a;69513444623404;0.11857605;18.967438;-10.320618
a;69513464765005;2.9775085;18.967438;1.2943573
a;69513484906607;2.914688;15.763031;6.4943542
a;69513505048208;2.7740784;6.2085876;9.789734
a;69513525189810;17.83722;-4.1049194;-10.411301
a;69513545331411;15.146484;-20.031967;-20.105652
a;69513565473013;2.757309;-20.031967;-8.766983
a;69513585614614;-5.6437225;-20.031967;-4.8836975
a;69513605756216;0.7242737;-20.031967;-7.950836
a;69513625897818;6.4018097;-11.5811;-10.431107
a;69513646039419;15.975983;3.8535156;-8.52121
a;69513666181021;13.871002;18.953323;-13.842209
a;69513686322622;-3.1460724;18.967438;-7.552002
a;69513706464224;0.9792023;18.967438;-0.19018555
a;69513726605825;3.571289;15.831833;3.7719269
a;69513746747427;3.72258;6.115326;6.8710175
a;69513766889029;12.278183;1.5533142;0.25691223
a;69513787030630;19.495438;-17.284958;-20.213547
a;69513807172232;3.572647;-20.031967;-8.536118
a;69513827313833;0.2944336;-20.031967;3.5660553
a;69513847455435;-1.3298798;-20.031967;-6.808136
a;69513867597036;3.685791;-18.22551;-9.084381
a;69513887738638;11.618118;-2.9095764;-7.1206512
a;69513907880239;18.073318;14.968002;-11.106461
a;69513928021841;6.1785736;18.967438;-9.358795
a;69513948163443;-1.5388031;18.967438;-6.407028
a;69513968305044;0.30325317;18.577866;0.92807007
a;69513988446646;0.7233429;12.174545;4.9353333
a;69514008588247;1.9876862;5.765152;6.1615753
a;69514028729849;14.515045;-8.693619;-7.068039
a;69514048871450;16.075272;-20.031967;-19.86795
a;69514069013052;8.806259;-20.031967;0.78590393
a;69514089154654;0.14749146;-20.031967;4.0934296
a;69514109296255;-0.7048645;-20.031967;-2.5453796
a;69514129437857;3.9582062;-13.854294;-5.46196
a;69514149579458;7.4428406;-2.4524689;-5.786621
a;69514169721060;12.060654;16.541656;-10.074249
a;69514189862661;3.2835693;18.967438;-7.6153717
a;69514210004263;-1.4666748;18.967438;-6.597351
a;69514230145864;-0.8001404;17.486664;-0.81925964
a;69514250287466;-2.2585907;9.091507;6.43454
a;69514270429068;0.49298096;2.7229462;7.5342407
a;69514290570669;15.536316;-14.002029;-9.841751
a;69514310712271;12.349869;-20.031967;-15.3641205
a;69514330853872;3.5962677;-20.031967;6.6182404
a;69514350995474;-3.4161682;-20.031967;2.3372498
a;69514371137075;0.27494812;-19.329636;-2.8836517
a;69514391278677;2.0951233;-9.008606;-3.565567
a;69514411420279;3.994751;5.3423004;-5.1688232
a;69514431561880;2.5006104;18.902145;-5.893448
a;69514451703482;-3.0838928;18.967438;-6.6090393
a;69514471845083;0.65060425;16.902954;-4.958069
a;69514491986685;-2.3022003;10.594208;3.03096
a;69514512128286;-0.098861694;1.6381378;5.9648895
a;69514532269888;12.891647;-13.233612;-1.3072357
a;69514552411489;12.934097;-20.031967;-12.747452
a;69514572553091;2.866867;-20.031967;-0.44612122
a;69514592694693;-4.475403;-19.51532;5.9131165
a;69514612836294;-5.78508;-12.349243;3.3227997
a;69514632977896;-4.682831;-5.301712;0.23100281
a;69514653119497;-4.8439484;-1.1193695;-0.6725006
a;69514673261099;-5.030945;1.2633057;-1.7216797
a;69514693402700;-4.911957;-0.47766113;-0.918808
a;69514713544302;-4.256195;-4.1237946;1.3396759
a;69514733685904;-4.4717407;-7.2799225;1.8768005
a;69514753827505;-4.0069885;-10.932922;1.5641022
a;69514773969107;-3.547287;-12.846695;0.8103485
a;69514794110708;-4.1011047;-13.107117;0.38330078
a;69514814252310;-4.1660767;-11.066986;0.07447815
a;69514834393911;-3.4955444;-10.139801;-0.045181274
a;69514854535513;-2.9856415;-10.699097;0.03492737
a;69514874677114;-2.3562622;-12.81163;0.27693176
a;69514894818716;-1.3226318;-12.794769;1.3556824
a;69514914960318;-1.8202972;-9.913284;2.7135468
a;69514935101919;-2.2230072;-7.5106506;1.8470001
a;69514955243521;-1.0135345;-11.15123;-0.18424988
a;69514975385122;1.712204;-15.7939;0.36242676
a;69514995526724;1.0732574;-11.578735;2.0946808
a;69515015668325;-0.76275635;-8.785797;2.2982788
a;69515035809927;-0.95803833;-9.151245;1.3479156
a;69515055951529;-1.356308;-9.695801;0.8257446
a;69515076093130;-1.5328217;-10.020966;1.7423096
a;69515096234732;-1.6350708;-8.828613;2.792694
a;69515116376333;-1.1917725;-9.328247;2.2601166
a;69515136517935;-1.4332733;-10.073395;0.75138855
a;69515156659536;-2.0033264;-9.529999;0.71409607
a;69515176801138;-1.335083;-8.359253;1.0778809
a;69515196942739;-0.6321411;-8.199799;1.2857208
a;69515217084341;-1.1434479;-9.288223;1.1501007
a;69515237225943;-1.8186493;-8.975586;0.8676758
a;69515257367544;-1.6303558;-8.135178;0.044647217
a;69515277509146;-0.6689148;-8.151855;-0.49588013
a;69515297650747;-0.061813354;-9.218613;-0.39466858
a;69515317792349;-0.52012634;-9.857681;-0.5264282
a;69515337933950;-1.0769348;-9.700546;-0.78234863
a;69515358075552;-1.0617218;-9.2855835;-2.0650024
a;69515378217154;-0.6384125;-9.767807;-3.8353882
a;69515398358755;-0.13432312;-10.989685;-5.367584
a;69515418500357;-0.45225525;-10.610153;-4.741272
a;69515438641958;-0.27540588;-10.119019;-4.9226837
a;69515458783560;0.4890747;-11.171509;-4.6463776
a;69515478925161;0.30485535;-8.78064;-3.1693573
a;69515499066763;-0.74061584;-11.158524;-1.6315308
a;69515519208364;-1.2111053;-10.652771;-1.5820007
a;69515539349966;-1.4706116;-8.59082;-1.6552734
a;69515559491568;-1.4888458;-8.946625;-2.4779053
a;69515579633169;-1.6803284;-9.397247;-0.8203125
a;69515599774771;-2.1336517;-8.301727;0.17012024
a;69515619916372;-1.8032227;-9.562225;-0.19500732
a;69515640057974;-1.2621307;-11.428223;-0.87132263
a;69515660199575;-1.3740082;-13.255432;-1.484314
a;69515680341177;-1.8564606;-13.251007;-1.7472076
a;69515700482779;-3.6796417;-11.138626;-2.067688
a;69515720624380;-4.4561615;-17.12854;-2.2334137
a;69515740765982;-4.765686;-16.451935;-1.3898773
a;69515760907583;-5.5607452;-10.018799;-1.168335
a;69515781049185;-6.1744995;-9.7260895;-1.7333221
a;69515801190786;-5.232773;-7.4760895;-2.8316803
a;69515821332388;-3.6051636;-4.037445;-3.6600037
a;69515841473989;-2.5331116;-1.3628082;-1.9268799
a;69515861615591;-2.5970001;-3.2984772;0.20411682
a;69515881757193;-2.7030792;-0.18013;0.7798004
a;69515901898794;-2.858429;0.259964;-1.0332947
a;69515922040396;-2.1935883;-9.235077;-3.7211914
a;69515942181997;-1.6980286;-11.056778;0.34817505
a;69515962323599;-4.69252;-6.1137085;2.6307983
a;69515982465200;-4.1008453;-8.27388;0.5054779
a;69516002606802;-3.8323364;-9.547928;-0.966568
a;69516022748404;-2.8491058;-11.972931;-0.86099243
a;69516042890005;-3.0086517;-11.404877;0.015090942
a;69516063031607;-2.8422852;-10.287125;-0.62127686
a;69516083173208;-1.8767853;-11.302567;-1.3452911
a;69516103314810;-1.7708588;-11.946045;-2.6517792
a;69516123456411;-2.3430939;-11.366455;-2.4487152
a;69516143598013;-2.1621246;-11.27504;-2.1664124
a;69516163739614;-2.6201324;-11.3398285;-1.7821655
a;69516183881216;-1.7189789;-12.022537;-2.983139
a;69516204022818;-1.587677;-12.600723;-2.8611908
a;69516224164419;-1.2310944;-13.053345;-1.3700562
a;69516244306021;-1.3913269;-12.556;0.28053284
a;69516264447622;-1.4833069;-11.634933;0.97950745
a;69516284589224;-1.3447876;-10.381653;1.1227722
a;69516304730825;-0.68240356;-9.974121;-0.14395142
a;69516324872427;-0.6213379;-10.531906;-1.1480865
a;69516345014029;-0.79971313;-11.449005;-2.0822601
a;69516365155630;-1.278122;-10.858627;-2.2271423
a;69516385297232;-1.644455;-10.480225;-2.0419006
a;69516405438833;-1.587265;-10.29332;-1.537674
a;69516425580435;-1.461029;-10.428268;-0.7686615
a;69516445722036;-1.314209;-10.500046;-0.5237732
a;69516465863638;-1.550415;-10.81929;0.16352844
a;69516486005239;-1.5870972;-10.830612;0.30522156
a;69516506146841;-1.9202118;-10.272003;0.24865723
a;69516526288443;-2.1310425;-9.556259;0.57185364
a;69516546430044;-2.0704803;-8.902206;0.9577942
a;69516566571646;-1.6943817;-9.604889;0.6686554
a;69516586713247;-1.9431915;-9.708633;0.83877563
a;69516606854849;-2.014145;-9.381668;0.96932983
a;69516626996450;-2.0312347;-9.029175;1.3381348
a;69516647138052;-2.0888977;-9.029724;1.582016
a;69516667279654;-2.2231445;-9.064423;1.7307434
a;69516687421255;-2.1045685;-9.767975;1.4785614
a;69516707562857;-2.3230286;-9.781799;1.298584
a;69516727704458;-2.2049103;-9.218857;1.4142914
a;69516747846060;-2.088089;-8.610596;1.5894623
a;69516767987661;-2.0483856;-8.9964905;1.4002686
a;69516788129263;-2.103485;-9.837036;1.0452728
a;69516808270864;-2.1955414;-10.169617;0.6298981
a;69516828412466;-2.2964325;-8.9604645;1.1177521
a;69516848554068;-2.28302;-8.719223;1.8933105
a;69516868695669;-2.2305145;-9.162003;2.4910126
a;69516888837271;-2.0187225;-10.223465;2.7795715
a;69516908978872;-1.8415985;-11.167084;3.250763
a;69516929120474;-1.6940155;-11.869446;3.3099213
a;69516949262075;-1.4342499;-11.920807;3.1849823
a;69516969403677;-1.3544312;-11.4309845;3.9198303
a;69516989545279;-1.2937164;-10.941681;4.1039734
a;69517009686880;-1.1051636;-10.326202;4.170578
a;69517029828482;-0.9522705;-9.992249;4.006485
a;69517049970083;-0.89746094;-9.458893;3.6812897
a;69517070111685;-1.1788635;-9.143723;3.2934875
a;69517090253286;-1.3469543;-9.323502;2.9066315
a;69517110394888;-1.6482544;-9.236069;2.5307617
a;69517130536489;-1.958664;-8.619446;2.3963318
a;69517150678091;-2.298935;-8.493347;2.3485413
a;69517170819693;-2.6596222;-8.394562;2.200943
a;69517190961294;-3.020813;-8.081665;1.9298859
a;69517211102896;-3.2896118;-7.590454;1.5795593
a;69517231244497;-3.4535675;-7.2976074;1.2149658
a;69517251386099;-3.738678;-6.7901917;0.70425415
a;69517271527700;-4.0067444;-6.2612305;0.3506012
a;69517291669302;-4.440399;-5.559967;-0.15621948
a;69517311810904;-4.5109863;-5.578247;-0.71099854
a;69517331952505;-4.908188;-5.962723;-1.4391327
a;69517352094107;-4.939804;-6.1167755;-2.00531
a;69517372235708;-4.8689117;-7.12648;-2.740219
a;69517392377310;-4.7448273;-7.5949707;-2.6828918
a;69517412518911;-4.672806;-7.6940002;-3.0086212
a;69517432660513;-4.536606;-7.9311523;-3.336502
a;69517452802114;-4.5093384;-8.447418;-3.9562073
a;69517472943716;-3.6893463;-9.333145;-3.7147217
a;69517493085318;-3.7537842;-9.425247;-3.2389526
a;69517513226919;-3.2515411;-10.286072;-3.9383392
a;69517533368521;-3.3607635;-10.074432;-3.7111053
a;69517553510122;-3.2046509;-9.532791;-2.615036
a;69517573651724;-2.58609;-10.69606;-2.9134521
a;69517593793325;-2.1751556;-11.805222;-2.9165497
a;69517613934927;-1.5581665;-11.68428;-2.9086761
a;69517634076529;-1.7174377;-11.009354;-1.9325562
a;69517654218130;-1.6405029;-11.842056;-1.6117096
a;69517674359732;-0.7826843;-13.595184;-1.3010559
a;69517694501333;-0.5233612;-15.419037;-0.95817566
a;69517714642935;0.45176697;-15.19194;0.9701843
a;69517734784536;0.5971222;-14.06958;4.223297
a;69517754926138;0.485672;-12.164841;4.7936554
a;69517775067739;0.97717285;-10.868011;1.7593842
a;69517795209341;0.43426514;-11.123795;-0.7163391
a;69517815350943;-0.34736633;-11.417297;-2.0574188
a;69517835492544;-1.3138123;-11.612076;-2.5778809
a;69517855634146;-1.820282;-11.165344;-2.0971832
a;69517875775747;-2.0216064;-10.587143;-1.3771057
a;69517895917349;-1.8447723;-10.272034;-0.9324188
a;69517916058950;-1.6074066;-10.067093;-3.3569336E-4
a;69517936200552;-1.4028625;-9.738785;0.80436707
a;69517956342154;-1.2869415;-9.65654;1.0750732
a;69517976483755;-1.210968;-9.70697;1.4765015
a;69517996625357;-1.2972412;-9.084763;2.0259094
a;69518016766958;-1.1707153;-9.152496;1.5862885
a;69518036908560;-1.2373657;-8.902054;0.94644165
a;69518057050161;-1.5274353;-8.974655;0.9160614
a;69518077191763;-1.9690399;-9.309631;1.3000336
a;69518097333364;-2.1547546;-9.414658;1.3028259
a;69518117474966;-2.2269745;-9.104309;0.58291626
a;69518137616568;-2.2166138;-9.037064;0.22813416
a;69518157758169;-2.4512634;-8.863739;0.8142395
a;69518177899771;-2.2582092;-9.356308;1.3947449
a;69518198041372;-2.259842;-9.343826;1.2529755
a;69518218182974;-2.3072052;-9.357697;0.68899536
a;69518238324575;-2.2490082;-9.697998;0.5414276
a;69518258466177;-2.5339355;-9.230423;1.0410767
a;69518278607779;-2.5647736;-9.008484;1.2049713
a;69518298749380;-2.4050598;-8.811722;1.5335083
a;69518318890982;-2.2012024;-9.074539;1.9445496
a;69518339032583;-1.670517;-9.941696;2.1350555
a;69518359174185;-1.6265411;-10.490753;2.7664337
a;69518379315786;-1.5532837;-11.119583;3.6592712
a;69518399457388;-1.4723969;-11.321381;4.1427155
a;69518419598989;-1.0831757;-10.636536;4.185074
a;69518439740591;-0.6947174;-10.027084;4.4188538
a;69518459882193;-0.5821228;-10.571243;3.9750214
a;69518480023794;-0.7288971;-10.5802;4.1716766
a;69518500165396;-0.83854675;-9.682861;4.1582336
a;69518520306997;-0.7819214;-9.6384735;3.526062
a;69518540448599;-1.1833344;-9.542236;2.837204
a;69518560590200;-1.5656586;-8.898178;2.3449097
a;69518580731802;-2.1055908;-8.582809;2.2480927
a;69518600873404;-2.461258;-8.213806;2.0474548
a;69518621015005;-3.0125732;-8.267151;1.4951019
a;69518641156607;-3.4558105;-8.192169;1.1173401
a;69518661298208;-3.7985992;-7.948654;0.800827
a;69518681439810;-4.205139;-7.5085144;0.5565491
a;69518701581411;-4.5460052;-7.4177704;0.21011353
a;69518721723013;-4.568268;-7.362152;-0.14315796
a;69518741864614;-4.7934875;-7.147934;-0.38250732
a;69518762006216;-4.9213104;-6.882309;-0.4041443
a;69518782147818;-5.1013947;-6.8923645;-0.3447113
a;69518802289419;-5.180847;-7.0854645;-0.8401947
a;69518822431021;-4.6792145;-7.3167114;-1.5638428
a;69518842572622;-4.575531;-7.2949524;-1.8421478
a;69518862714224;-4.6756897;-6.6573334;-1.1723785
a;69518882855825;-4.844467;-6.423233;-1.5879822
a;69518902997427;-4.231537;-8.155762;-3.1635132
a;69518923139029;-3.5766907;-9.262222;-3.695572
a;69518943280630;-3.6363525;-8.797684;-2.4150696
a;69518963422232;-3.5755768;-8.309616;-1.6607971
a;69518983563833;-3.3418121;-8.981461;-1.4442291
a;69519003705435;-2.4620667;-12.045349;-4.3115845
a;69519023847036;-2.087265;-13.125809;-5.6540375
a;69519043988638;-2.0877228;-12.158432;-3.5352173
a;69519064130239;-1.7575836;-11.982849;-2.1307678
a;69519084271841;-1.2030945;-13.7425995;-3.0256958
a;69519104413443;-1.0040588;-12.88179;-3.0681152
a;69519124560839;-1.1130829;-11.337463;-1.4179535
a;69519144702441;-0.89941406;-12.107086;-0.65385437
a;69519164844042;-0.4913025;-13.230682;-0.91004944
a;69519184985644;0.37104797;-14.032608;0.15763855
a;69519205127245;0.48155212;-13.77829;2.6879272
a;69519225268847;0.10609436;-12.831055;5.445587
a;69519245410449;0.017562866;-12.102753;5.2543335
a;69519265552050;-0.2509613;-10.292145;2.418213
a;69519285693652;-0.513916;-9.977203;0.2207489
a;69519305835253;-1.2043304;-10.01033;-0.9123993
a;69519325976855;-1.8509216;-9.809525;-1.0739746
a;69519346118456;-2.0535583;-9.6896515;-0.39891052
a;69519366260058;-2.1343384;-9.513794;0.47406006
a;69519386401659;-2.0107574;-9.76178;0.57032776
a;69519406543261;-2.11792;-8.971207;1.239685
a;69519426684863;-1.9898376;-8.616745;1.7435913
a;69519446826464;-1.7673035;-9.217865;1.659378
a;69519466968066;-1.7707214;-8.983353;1.3998413
a;69519487109667;-1.7050629;-8.667816;1.8091736
a;69519507251269;-1.4933014;-8.488495;1.9832916
a;69519527392870;-1.4433441;-8.259598;1.766983
a;69519547534472;-1.4781189;-8.862381;1.7792969
a;69519567676074;-1.6278839;-9.116364;1.8125153
a;69519587817675;-1.633255;-9.095795;2.0041046
a;69519607959277;-1.4627686;-9.871872;2.2683716
a;69519628100878;-1.5339661;-9.762939;2.3467407
a;69519648242480;-1.5502014;-9.865036;2.1122437
a;69519668384081;-1.8366547;-9.670502;2.1460571
a;69519688525683;-2.2683258;-10.196289;2.40773
a;69519708667284;-2.4909515;-9.987366;2.690628
a;69519728808886;-2.3395844;-9.372055;2.7498322
a;69519748950488;-2.4119263;-9.287552;3.0673218
a;69519769092089;-2.4136353;-10.19696;2.9029083
a;69519789233691;-2.5407104;-9.76593;2.916809
a;69519809375292;-2.5704498;-9.537567;3.4645844
a;69519829516894;-2.2751617;-9.966507;3.603012
a;69519849658495;-2.086731;-10.237122;3.4943695
a;69519869800097;-2.0184479;-11.317612;3.4697266
a;69519889941699;-2.1992493;-10.817078;3.1570435
a;69519910083300;-2.3352203;-10.101364;2.9930725
a;69519930224902;-2.475235;-9.666061;2.9150696
a;69519950366503;-2.590271;-9.673828;3.1130981
a;69519970508105;-2.5083923;-9.330139;2.7873077
a;69519990649706;-2.495575;-8.773972;2.5990753
a;69520010791308;-2.6743927;-8.644913;3.0236816
a;69520030932909;-2.52417;-9.088516;2.8979645
a;69520051074511;-2.686737;-8.760132;2.8641663
a;69520071216113;-2.3988342;-9.510696;2.912445
a;69520091357714;-2.8599243;-9.305649;3.7226257
a;69520111499316;-3.0562744;-9.2691345;3.4113007
a;69520131640917;-3.428543;-8.552261;3.4714508
a;69520151782519;-3.6132813;-8.216263;3.4386902
a;69520171924120;-3.4078217;-8.373352;3.1139526
a;69520192065722;-3.665039;-8.178894;2.839447
a;69520212207324;-4.172516;-7.884781;2.6712494
a;69520232348925;-4.2625732;-8.074081;2.2775726
a;69520252490527;-4.4913483;-7.819931;2.2396545
a;69520272632128;-4.5695343;-7.8995667;1.8138428
a;69520292773730;-4.538147;-8.388733;1.4015503
a;69520312915331;-4.9253693;-7.835602;1.6909485
a;69520333056933;-5.325363;-7.4733887;1.5605469
a;69520353198534;-5.573883;-7.132889;1.4120789
a;69520373340136;-5.598221;-7.3207245;1.3553772
a;69520393481738;-5.5595093;-7.7008667;1.8765259
a;69520413623339;-5.7603607;-7.8355865;2.6661835
a;69520433764941;-5.7062073;-8.434418;1.9319
a;69520453906542;-5.5575867;-8.886093;0.98246765
a;69520474048144;-5.742462;-9.480804;0.8671417
a;69520494189745;-6.71286;-8.0746155;1.3550568
a;69520514331347;-6.9936523;-7.6964264;1.2751923
a;69520534472949;-6.850586;-7.8028564;1.2322693
a;69520554614550;-6.7019043;-7.694229;0.81881714
a;69520574756152;-7.076172;-7.858078;0.9395447
a;69520594897753;-7.3732452;-7.3606567;1.2811127
a;69520615039355;-7.198868;-7.3236694;1.0586548
a;69520635180956;-6.753296;-7.51149;0.89030457
a;69520655322558;-7.008209;-7.234131;0.7185211
a;69520675464159;-7.30455;-7.411682;0.6850128
a;69520695605761;-6.9112244;-7.638565;0.40444946
a;69520715747363;-7.0097656;-7.618088;0.3401947
a;69520735888964;-7.165207;-7.523926;0.27763367
a;69520756030566;-7.0046997;-7.5504303;0.25556946
a;69520776172167;-6.837631;-7.7977295;0.018081665
a;69520796313769;-6.3731384;-7.3856354;0.10295105
a;69520816455370;-6.009964;-7.41864;0.20301819
a;69520836596972;-6.226883;-7.4467316;0.120895386
a;69520856738574;-5.947937;-6.529129;0.5186157
a;69520876880175;-5.5173035;-8.092529;0.6775818
a;69520897021777;-3.9910278;-9.785706;-1.0154877
a;69520917163378;-2.8886108;-10.620331;0.3377533
a;69520937304980;-3.100769;-9.170425;1.4967651
a;69520957446581;-1.707428;-7.276947;0.77381897
a;69520977588183;-1.1577454;-7.654892;0.911911
a;69520997729784;-1.3033752;-8.334442;0.8346405
a;69521017871386;-2.281189;-6.904999;0.98091125
a;69521038012988;-3.4570313;-5.924011;1.214386
a;69521058154589;-3.9830017;-6.4348297;1.6484222
a;69521078296191;-4.3627014;-6.5169067;2.4058685
a;69521098437792;-5.909195;-5.300064;2.0505981
a;69521118579394;-6.4474335;-5.723068;2.352951
a;69521138720995;-6.534149;-6.116272;2.4581451
a;69521158862597;-6.737076;-5.90831;3.1914978
a;69521179004199;-6.829422;-5.6047974;3.47641
a;69521199145800;-6.6958313;-7.1516724;3.3187866
a;69521219287402;-6.1717377;-10.130737;4.0939484
a;69521239429003;-5.3313446;-10.408508;5.898926
a;69521259570605;-5.9418335;-9.321655;7.0140686
a;69521279712206;-5.8105316;-9.210922;6.9326324
a;69521299853808;-4.939499;-8.797409;6.4997864
a;69521319995409;-4.5698853;-8.853851;6.4882507
a;69521340137011;-3.7908325;-8.125504;6.7040863
a;69521360278613;-3.4031677;-7.9875336;6.6342926
a;69521380420214;-3.2724457;-7.942917;6.425293
a;69521400561816;-3.0208893;-8.092239;6.253601
a;69521420703417;-2.4653625;-8.987381;6.295288
a;69521440845019;-1.8171539;-8.48819;7.111252
a;69521460986620;-1.7441406;-6.979538;7.0975647
a;69521481128222;-1.765213;-7.4234924;6.229004
a;69521501269824;-1.4434357;-8.544601;6.763092
a;69521521411425;-0.5204315;-8.107285;8.828384
a;69521541553027;-0.6015625;-6.708664;9.337692
a;69521561694628;-1.1944122;-6.6306915;8.928833
a;69521581836230;-0.6320038;-6.449005;8.234909
a;69521601977831;-0.26948547;-7.028305;7.6652374
a;69521622119433;-0.4769745;-8.111801;7.340027
a;69521642261034;-1.0889893;-6.6111755;7.829727
a;69521662402636;-1.4851837;-6.487793;7.2913055
a;69521682544238;-1.2327881;-7.19014;6.5320435
a;69521702685839;-0.9355469;-7.3058777;6.322998
a;69521722827441;-1.04393;-7.0472565;6.3848267
a;69521742969042;-1.1184845;-7.17157;6.688446
a;69521763110644;-0.9999542;-6.840561;7.1984863
a;69521783252245;-1.0427094;-7.035446;7.2364044
a;69521803393847;-1.0478516;-7.048218;7.146698
a;69521823535449;-0.9339142;-6.6082306;7.135391
a;69521843677050;-1.0034637;-6.376297;7.1021423
a;69521863818652;-0.9443207;-6.6188354;7.246231
a;69521883960253;-0.930603;-6.7284546;7.4399567
a;69521904101855;-0.87068176;-6.8117676;7.3789063
a;69521924243456;-0.82676697;-6.7869415;7.0962067
a;69521944385058;-0.96847534;-6.850296;6.8760986
a;69521964526659;-1.0286407;-6.904068;6.9721527
a;69521984668261;-0.9155426;-6.956497;7.007721
a;69522004809863;-0.88952637;-6.891632;7.1100464
a;69522024951464;-0.9235382;-6.7953186;7.170227
a;69522045093066;-0.88352966;-6.8779907;7.1484985
a;69522065234667;-0.85639954;-6.800003;7.143753
a;69522085376269;-0.92796326;-6.6295624;7.1530304
a;69522105517870;-0.94877625;-6.7544403;7.1132813
a;69522125659472;-0.81796265;-6.8542175;7.154358
a;69522145801074;-0.88772583;-6.9250336;7.0797577
a;69522165942675;-0.98791504;-6.881119;6.9954987
a;69522186084277;-0.8929596;-6.962845;7.045578
a;69522206225878;-0.85292053;-6.836502;7.2035065
a;69522226367480;-0.93318176;-6.6295776;7.133316
a;69522246509081;-1.0197144;-6.780472;7.016922
a;69522266650683;-0.9957428;-6.874939;6.9268036
a;69522286792284;-0.94447327;-6.7895203;7.140686
a;69522306933886;-0.8485718;-6.8940277;7.186798
a;69522327075488;-0.9062195;-6.983536;7.0700836
a;69522347217089;-0.97102356;-6.9404907;7.087204
a;69522367358691;-0.8807373;-6.901993;7.137253
a;69522387500292;-0.87142944;-6.7354736;7.243271
a;69522407641894;-0.94563293;-6.640335;7.333954
a;69522427783495;-0.94462585;-6.7704773;7.2299805
a;69522447925097;-0.99269104;-6.800308;7.1092987
a;69522468066699;-0.95222473;-6.7384033;7.1639557
a;69522488208300;-0.9126587;-6.720047;7.115814
a;69522508349902;-0.8486023;-6.609619;7.071579
a;69522528491503;-0.84817505;-6.8345795;7.0359344
a;69522548633105;-0.8539276;-6.957962;7.0537567
a;69522568774706;-0.8495331;-6.8019867;7.1457367
a;69522588916308;-0.87280273;-6.718643;7.1680603
a;69522609057909;-0.88313293;-6.675415;7.1977844
a;69522629199511;-0.87739563;-6.6253815;7.1812744
a;69522649341113;-0.9177551;-6.7325745;7.124771
a;69522669482714;-0.8986511;-6.82547;7.2032013
a;69522689624316;-0.89634705;-6.974594;7.223007
a;69522709765917;-0.86764526;-6.911957;7.2463837
a;69522729907519;-0.903183;-6.735733;7.1924744
a;69522750049120;-0.92637634;-6.7985687;7.0950623
a;69522770190722;-0.93807983;-6.7824707;7.1336823
a;69522790332324;-0.92781067;-6.814148;7.111145
a;69522810473925;-0.9083557;-6.7621307;7.1617126
a;69522830615527;-0.9172363;-6.677292;7.2326202
a;69522850757128;-0.8836365;-6.7359314;7.2593384
a;69522870898730;-0.84007263;-6.8025513;7.2160645
a;69522891040331;-0.93434143;-6.8220215;7.1884155
a;69522911181933;-0.95617676;-6.7657776;7.1976624
a;69522931323534;-0.88604736;-6.8326874;7.2109375
a;69522951465136;-0.8628998;-6.8604584;7.1349945
a;69522971606738;-0.9141998;-6.8111115;7.102585
a;69522991748339;-0.9282379;-6.7286987;7.027176
a;69523011889941;-0.942749;-6.585327;7.078125
a;69523032031542;-0.9922943;-6.6423187;7.154892
a;69523052173144;-0.99650574;-6.8181;7.2848053
a;69523072314745;-0.9198303;-6.7609406;7.285965
a;69523092456347;-0.8965759;-6.6910553;7.1713104
a;69523112597949;-0.93582153;-6.7270355;7.1982117
a;69523132739550;-0.9399872;-6.682968;7.2764435
a;69523152881152;-0.92959595;-6.6748505;7.23053
a;69523173022753;-0.8841858;-6.762863;7.159897
a;69523193164355;-0.8626709;-6.7524414;7.0879364
a;69523213305956;-0.98197937;-6.6765137;7.1708984
a;69523233447558;-0.9192505;-6.7019196;7.2418365
a;69523253589159;-0.86564636;-6.8342743;7.2257385
a;69523273730761;-0.9445801;-6.887375;7.2031097
a;69523293872363;-0.9132538;-6.7595673;7.1922607
a;69523314013964;-0.9610138;-6.7589874;7.2030487
a;69523334155566;-0.93722534;-6.7250366;7.131836
a;69523354297167;-0.9420929;-6.841156;7.164856
a;69523374438769;-0.8938446;-6.7954407;7.162903
a;69523394580370;-0.8869324;-6.800354;7.091751
a;69523414721972;-0.95407104;-6.7693634;7.109207
a;69523434863574;-0.94363403;-6.683609;7.068924
a;69523455005175;-0.84866333;-6.885498;7.218994
a;69523475146777;-0.78482056;-6.925476;7.2815857
a;69523495288378;-0.8849182;-6.7217865;7.193451
a;69523515429980;-0.8865509;-6.7369995;7.1251526
a;69523535571581;-0.8586426;-6.6659393;7.0876617
a;69523555713183;-0.84724426;-6.75972;7.0151825
a;69523575854784;-0.83380127;-6.7430115;7.3026886
a;69523595996386;-0.7947693;-6.9548035;7.6702423
a;69523616137988;-0.72854614;-6.720627;7.5182343
a;69523636279589;-0.63243103;-6.5054016;7.7194366
a;69523656421191;-0.48442078;-6.3825073;7.727356
a;69523676562792;-0.36735535;-6.476242;7.9476624
a;69523696704394;-0.20709229;-6.7048035;8.208527
a;69523716845995;-0.27456665;-6.692871;8.106476
a;69523736987597;-0.32336426;-6.366791;8.174225
a;69523757129199;-0.25450134;-5.5808563;8.289413
a;69523777270800;-0.20697021;-5.340744;8.11824
a;69523797412402;-0.052856445;-4.715027;8.278366
a;69523817554003;-0.16342163;-4.320465;7.8088074
a;69523837695605;-0.17279053;-4.342819;7.533432
a;69523857837206;-0.1816101;-4.1625977;7.5630646
a;69523877978808;-0.24786377;-4.6954956;7.560364
a;69523898120409;-0.27708435;-6.183365;7.253113
a;69523918262011;-0.21887207;-7.5494995;7.6333466
a;69523938403613;-0.07467651;-7.7614594;7.6650543
a;69523958545214;-0.28819275;-9.197342;6.381241
a;69523978686816;-0.2713318;-10.15889;5.618698
a;69523998828417;0.21759033;-9.14949;7.0151978
a;69524018970019;0.4277649;-7.711487;8.321777
a;69524039111620;0.07434082;-6.828659;8.63829
a;69524059253222;-0.19865417;-5.9647064;8.287796
a;69524079394824;-0.20947266;-5.519104;8.511383
a;69524099536425;-0.0745697;-4.9332733;8.771027
a;69524119678027;0.53733826;-3.6682281;8.586975
a;69524139819628;1.2011566;-2.6934814;8.402374
a;69524159961230;1.2711182;-1.9059143;8.695404
a;69524180102831;1.3471985;-1.291626;9.064194
a;69524200244433;1.5369415;-0.76605225;9.420425
a;69524220386034;1.9670258;-0.76589966;9.268219
a;69524240527636;2.3260193;-0.8416443;9.08754
a;69524260669238;2.4841614;-0.5857849;9.239655
a;69524280810839;2.5685883;0.0045928955;9.700104
a;69524300952441;2.5562744;0.5147095;10.106049
a;69524321094042;2.7207184;0.12004089;9.964752
a;69524341235644;2.7074432;-0.9890137;9.357788
a;69524361377245;2.666031;-1.1753387;8.904785
a;69524381518847;2.3668213;-1.0113678;8.671707
a;69524401660449;2.0451508;-0.89941406;8.742462
a;69524421802050;2.010498;-0.7850647;9.192352
a;69524441943652;2.2378998;-0.886322;9.353867
a;69524462085253;2.2941284;-1.3563232;9.125839
a;69524482226855;2.3437347;-1.3601227;9.1262665
a;69524502368456;2.415451;-0.9620209;9.180008
a;69524522510058;2.4752808;-0.7172241;9.257599
a;69524542651659;2.5074463;-0.7742157;9.324249
a;69524562793261;2.4726868;-0.98731995;9.188187
a;69524582934863;2.4619446;-1.0828705;9.0660095
a;69524603076464;2.472519;-0.76431274;9.1492
a;69524623218066;2.3821259;-0.5461731;9.147324
