a;13204258773867;-0.74401855;0.6622925;9.523621
a;13204278915468;-0.7584839;0.6210022;9.334976
a;13204299057070;-0.8114624;1.0445251;9.6315155
a;13204319198672;1.1186676;1.0936584;9.408936
a;13204339340273;-2.052414;1.6918488;9.491608
a;13204359481875;0.9451599;2.9548798;9.914566
a;13204379623476;-0.20957947;1.7426758;9.891586
a;13204399765078;-0.39179993;0.7085266;9.749481
a;13204419906679;-0.55685425;0.3335266;9.6579895
a;13204440048281;-0.319458;0.081085205;9.750519
a;13204460189883;-0.4936676;-0.23040771;9.815918
a;13204480331484;-1.2003784;0.15740967;10.887711
a;13204500473086;-1.3306885;-0.58291626;11.284988
a;13204520614687;-1.8997345;-1.3624573;10.157715
a;13204540756289;-2.7458496;-1.5792389;9.125305
a;13204560897890;-2.5535736;-1.5545349;7.904358
a;13204581039492;-2.1322021;-0.648468;10.042511
a;13204601181093;-2.089859;-0.86065674;11.099762
a;13204621322695;-2.312973;-2.8085938;9.341568
a;13204641464297;-2.8313904;-2.8048248;7.485016
a;13204661605898;-2.6835175;-0.26409912;8.440552
a;13204681747500;-1.8625946;1.0318146;10.204224
a;13204701889101;-1.485733;0.12243652;9.565384
a;13204722030703;-2.1859436;-1.8656311;7.2328033
a;13204742172304;-2.539917;-2.3149261;6.6167755
a;13204762313906;-1.7552948;-2.7803955;7.361847
a;13204782455508;-1.7221375;-3.6233978;7.729889
a;13204802597109;-1.9835968;-3.9610596;7.73703
a;13204822738711;-1.746933;-3.3079987;8.361374
a;13204842880312;-1.6614075;-2.3503418;9.362717
a;13204863021914;-1.6792908;-2.6621246;8.994766
a;13204883163515;-1.8848419;-3.5005035;8.289261
a;13204903305117;-1.906662;-3.1912842;8.814377
a;13204923446718;-1.7080994;-2.2103271;10.818314
a;13204943588320;-1.4168243;-2.8835754;10.948074
a;13204963729922;-2.079132;-4.383728;9.708405
a;13204983871523;-2.2587585;-4.1474304;9.4474945
a;13205004013125;-2.050827;-4.1349945;8.961426
a;13205024154726;-2.093689;-4.2260437;8.555817
a;13205044296328;-2.1011658;-4.0375977;8.551254
a;13205064437929;-1.9216614;-3.998581;8.718643
a;13205084579531;-1.832962;-4.011032;8.69603
a;13205104721133;-1.8876495;-3.8582458;8.581207
a;13205124862734;-1.8155823;-3.9421082;8.642731
a;13205145004336;-1.7849884;-3.9618378;8.820663
a;13205165145937;-1.7944183;-3.9293365;8.699799
a;13205185287539;-1.784729;-4.0567627;8.33783
a;13205205429140;-1.6711884;-4.0612946;8.291275
a;13205225570742;-1.6376953;-4.1249695;8.50885
a;13205245712343;-1.7063599;-3.9121246;8.766342
a;13205265853945;-1.6180573;-4.0010986;8.510101
a;13205285995547;-1.8669281;-4.032547;9.081589
a;13205306137148;-1.9067535;-4.327957;8.628693
a;13205326278750;-1.722641;-4.333313;8.08255
a;13205346420351;-1.3672943;-4.268173;8.408051
a;13205366561953;-1.6446381;-3.442505;9.10994
a;13205386703554;-1.5198975;-3.939331;9.259567
a;13205406845156;-1.6227112;-3.8890076;9.36174
a;13205426986758;-1.7047882;-3.8668823;9.275055
a;13205447128359;-1.8027954;-3.9838562;9.104431
a;13205467269961;-1.8363342;-3.7602997;8.969803
a;13205487411562;-1.7025757;-3.7574463;8.635284
a;13205507553164;-1.6480408;-3.829193;8.571671
a;13205527694765;-1.5828247;-3.8377686;8.447556
a;13205547836367;-1.540802;-3.7136993;8.536102
a;13205567977968;-1.4297028;-3.4227448;8.334824
a;13205588119570;-1.0482788;-3.3725128;7.724121
a;13205608261172;-0.2099762;-2.8077393;7.369049
a;13205628402773;0.3695221;-1.6601563;6.8889008
a;13205648544375;0.9641571;-0.95581055;6.5744324
a;13205668685976;1.5776215;-1.0974731;5.611496
a;13205688827578;1.623642;-1.213028;4.680374
a;13205708969179;1.6650391;-1.3380585;3.8565826
a;13205729110781;1.7118073;-1.7689819;3.5506287
a;13205749252383;1.8070679;-2.8026123;3.504898
a;13205769393984;2.478424;-2.583313;3.39328
a;13205789535586;3.4876251;-3.1604004;4.6281586
a;13205809677187;4.4529877;-3.9526367;4.4945526
a;13205829818789;4.795212;-3.421936;4.0628967
a;13205849960390;5.0016785;-4.557846;3.3691406
a;13205870101992;6.446991;-8.642944;4.5036926
a;13205890243593;9.463089;-13.792419;5.779312
a;13205910385195;9.75679;-12.536179;5.1067963
a;13205930526797;8.800171;-8.63121;2.8844604
a;13205950668398;10.047714;-7.4046173;0.2480774
a;13205970810000;11.697952;-7.6898346;-0.55371094
a;13205990951601;12.29837;-8.186356;-0.39622498
a;13206011093203;12.275894;-9.14711;-0.4844818
a;13206031234804;12.311462;-9.923538;-0.8522949
a;13206051376406;12.112793;-9.22084;-0.82447815
a;13206071518008;12.084915;-7.7520447;0.20481873
a;13206091659609;12.086761;-6.228531;1.5939178
a;13206111801211;11.608917;-4.901535;2.6491852
a;13206131942812;10.768478;-3.882187;2.8365784
a;13206152084414;10.159744;-3.3512726;2.7038116
a;13206172226015;9.838287;-3.3465576;2.422058
a;13206192367617;9.591812;-2.9700775;2.420395
a;13206212509218;9.487122;-1.3679199;2.8792877
a;13206232650820;9.439667;-0.880249;2.7356567
a;13206252792422;9.312363;-1.7368011;2.063568
a;13206272934023;9.1128235;-2.3957825;1.6699066
a;13206293075625;8.957535;-2.3800354;1.8989105
a;13206313217226;8.920456;-2.4487;1.8928375
a;13206333358828;8.938843;-2.6770172;1.7359772
a;13206353500429;9.059036;-2.9543304;1.1410828
a;13206373642031;9.309769;-3.3577728;0.2531128
a;13206393783633;9.270508;-3.628769;-0.16978455
a;13206413925234;9.078995;-3.5899658;-0.20292664
a;13206434066836;9.005646;-3.1346893;0.14761353
a;13206454208437;9.165741;-2.335907;0.85531616
a;13206474350039;9.439804;-1.9528046;1.3471222
a;13206494491640;9.581512;-1.9528046;1.3867188
a;13206514633242;9.468414;-2.2060852;1.2768097
a;13206534774843;9.395493;-2.6186218;1.1910858
a;13206554916445;9.404129;-2.944107;0.9764404
a;13206575058047;9.409958;-3.0298767;0.8120117
a;13206595199648;9.358093;-2.9247131;0.7787781
a;13206615341250;9.296417;-2.8504028;0.8453827
a;13206635482851;9.3172455;-2.9193115;0.9157715
a;13206655624453;9.32196;-3.0503082;0.9836426
a;13206675766054;9.144409;-3.0086212;1.1191254
a;13206695907656;9.148499;-2.9693909;1.0929108
a;13206716049258;9.25975;-3.0546875;0.98246765
a;13206736190859;9.339966;-3.0731506;1.009491
a;13206756332461;9.368118;-3.0023804;1.0694427
a;13206776474062;9.34639;-2.9380798;1.063385
a;13206796615664;9.300903;-2.9287262;1.0288696
a;13206816757265;9.375458;-2.885727;0.97950745
a;13206836898867;9.42543;-2.8090363;0.9321594
a;13206857040468;9.3363495;-2.7763977;1.0528564
a;13206877182070;9.208221;-2.7887115;1.0811462
a;13206897323672;9.222717;-2.8756409;1.0530243
a;13206917465273;9.260757;-2.9010773;1.0604095
a;13206937606875;9.297684;-2.9031677;1.044281
a;13206957748476;9.309082;-2.909134;1.0729675
a;13206977890078;9.219315;-2.8927917;1.083252
a;13206998031679;9.224228;-2.9247284;1.0927124
a;13207018173281;9.303253;-2.8942719;1.0145416
a;13207038314883;9.316269;-2.8915863;1.0365143
a;13207058456484;9.276688;-2.8734589;1.0748901
a;13207078598086;9.275497;-2.8721771;1.0756073
a;13207098739687;9.325821;-2.8817139;1.0855713
a;13207118881289;9.328262;-2.862381;1.0937195
a;13207139022890;9.26561;-2.8634949;1.0661926
a;13207159164492;9.204086;-2.8778381;1.0815887
a;13207179306093;9.250046;-2.882187;1.0417175
a;13207199447695;9.326935;-2.849594;1.0135956
a;13207219589297;9.302414;-2.8215027;1.0930786
a;13207239730898;9.233856;-2.8434448;1.1029663
a;13207259872500;9.240601;-2.8204346;1.0990448
a;13207280014101;9.250122;-2.8402863;1.0646362
a;13207300155703;9.26503;-2.867157;1.0601044
a;13207320297304;9.256287;-2.8299408;1.0195007
a;13207340438906;9.320099;-2.8209686;0.9820099
a;13207360580508;9.350189;-2.8029175;0.9737396
a;13207380722109;9.27536;-2.7903442;1.0436859
a;13207400863711;9.219955;-2.7285461;1.128067
a;13207421005312;9.238342;-2.7084808;1.090332
a;13207441146914;9.288284;-2.7872925;1.0700684
a;13207461288515;9.266785;-2.8600311;1.0478973
a;13207481430117;9.246155;-2.8960571;1.0803528
a;13207501571718;9.281494;-2.9201355;1.1456757
a;13207521713320;9.334244;-2.9342804;1.1571808
a;13207541854922;9.300858;-2.9583282;1.1459045
a;13207561996523;9.263626;-2.9883118;1.1572876
a;13207582138125;9.261887;-2.9512482;1.2113342
a;13207602279726;9.295395;-2.9526367;1.1770477
a;13207622421328;9.329559;-2.9480286;1.1199188
a;13207642562929;9.28714;-2.9207764;1.0666809
a;13207662704531;9.285538;-2.8746796;1.0541382
a;13207682846133;9.25798;-2.8469086;1.0637665
a;13207702987734;9.25238;-2.8077087;1.1547089
a;13207723129336;9.264725;-2.8486023;1.1237488
a;13207743270937;9.310898;-2.8540955;1.0093536
a;13207763412539;9.286682;-2.8811646;1.038208
a;13207783554140;9.314392;-2.8856812;1.0863495
a;13207803695742;9.321518;-2.8678436;1.0833893
a;13207823837343;9.277145;-2.8476868;1.0895233
a;13207843978945;9.2825775;-2.8607178;1.0848083
a;13207864120547;9.28952;-2.8708649;1.1188354
a;13207884262148;9.268936;-2.8598785;1.1079407
a;13207904403750;9.246979;-2.83844;1.0765991
a;13207924545351;9.255829;-2.8705292;1.0705566
a;13207944704179;9.289795;-2.900711;1.0578766
a;13207964845780;9.301239;-2.9132385;1.082428
a;13207984987382;9.301361;-2.8888245;1.0898285
a;13208005128984;9.259171;-2.8658142;1.0868683
a;13208025270585;9.21257;-2.850296;1.0882721
a;13208045412187;9.268463;-2.8788757;1.0760193
a;13208065553788;9.276367;-2.8950195;1.0856018
a;13208085695390;9.2994995;-2.9092102;1.0988159
a;13208105836991;9.3160095;-2.8983765;1.0787659
a;13208125978593;9.258347;-2.8634033;1.0731964
a;13208146120194;9.267395;-2.8484802;1.0193481
a;13208166261796;9.331131;-2.8516693;1.0178223
a;13208186403398;9.249695;-2.8197784;1.1018066
a;13208206544999;9.237076;-2.8424072;1.1444244
a;13208226686601;9.350433;-2.8950806;1.0973511
a;13208246828202;9.379272;-2.9694366;1.0807953
a;13208266969804;9.290543;-2.9725037;1.1365356
a;13208287111405;9.229065;-2.9393463;1.1522675
a;13208307253007;9.2883;-2.9022675;1.1855774
a;13208327394609;9.395355;-2.907898;1.128952
a;13208347536210;9.393753;-2.8899994;1.0800629
a;13208367677812;9.357834;-2.8558197;1.0232544
a;13208387819413;9.291168;-2.8725433;0.99542236
a;13208407961015;9.253357;-2.8309326;1.0389252
a;13208428102616;9.282059;-2.802536;1.0861359
a;13208448244218;9.324341;-2.802887;1.0801697
a;13208468385819;9.298355;-2.810028;1.0533295
a;13208488527421;9.236679;-2.8654633;0.99368286
a;13208508669023;9.222961;-2.929062;0.985672
a;13208528810624;9.2309265;-2.9073792;1.0786438
a;13208548952226;9.205444;-2.918747;1.0400848
a;13208569093827;9.238983;-2.8511963;1.0961761
a;13208589235429;9.159637;-2.949585;1.094162
a;13208609377030;9.126343;-2.9758606;1.1056976
a;13208629518632;9.154037;-2.9701385;1.114624
a;13208649660234;9.257889;-2.9985504;1.1498718
a;13208669801835;9.279999;-3.0753784;1.1055908
a;13208689943437;9.169998;-3.091919;1.1954498
a;13208710085038;9.050369;-3.1108398;1.2689667
a;13208730226640;8.94516;-3.099701;1.3559418
a;13208750368241;8.785782;-3.16156;1.6589508
a;13208770509843;8.773102;-3.188614;1.8237457
a;13208790651444;8.837524;-3.4899597;2.0917053
a;13208810793046;9.351395;-3.6936188;3.346939
a;13208830934648;11.04808;-5.3573303;5.4760284
a;13208851076249;13.486588;-7.8793793;6.867035
a;13208871217851;16.223648;-11.771301;7.055496
a;13208891359452;19.268799;-16.021286;6.474869
a;13208911501054;19.495438;-19.964142;4.7877502
a;13208931642655;19.495438;-20.031967;3.1007996
a;13208951784257;19.495438;-19.281616;4.9338074
a;13208971925859;19.432846;-15.176163;2.7124634
a;13208992067460;16.442276;-10.136612;-2.770691
a;13209012209062;13.225067;-2.9704742;-7.9226074
a;13209032350663;14.2994995;3.6606903;-12.13501
a;13209052492265;15.463562;13.382889;-13.174362
a;13209072633866;9.847809;18.967438;-9.681335
a;13209092775468;-0.87760925;18.967438;-8.52858
a;13209107881669;-1.6575165;18.967438;-13.954987
a;13209128023271;7.114929;18.967438;-11.226395
a;13209143129472;12.0634;18.38704;-4.3088226
a;13209163271073;13.707626;0.056915283;3.7066956
a;13209183412675;17.64418;-19.644348;2.4836884
a;13209203554276;19.495438;-20.031967;-5.932022
a;13209223695878;16.89775;-20.031967;16.710724
a;13209243837480;9.798676;-19.758545;3.2969666
a;13209263979081;10.322845;-9.374115;-6.915924
a;13209284120683;17.823242;7.979065;-11.51207
a;13209304262284;19.384033;18.967438;-9.932022
a;13209324403886;2.234085;18.967438;-10.62027
a;13209344545487;-2.6851807;18.967438;-9.538376
a;13209364687089;13.271606;18.967438;-7.0135345
a;13209384828691;12.069885;2.457428;0.7012634
a;13209404970292;14.323578;-19.870178;0.11553955
a;13209425111894;8.926498;-20.031967;-9.466507
a;13209445253495;5.6228333;-20.031967;17.729065
a;13209465395097;5.8193054;-20.031967;5.8511047
a;13209485536698;7.095871;-6.8469696;-13.817413
a;13209505678300;17.186462;15.851242;-18.32425
a;13209525819901;14.246826;18.967438;-11.928543
a;13209545961503;-4.9552765;18.967438;-9.481308
a;13209566103105;11.2556;18.967438;-0.7234192
a;13209586244706;15.332581;13.7187805;-3.7544708
a;13209606386308;12.521164;-14.136826;-2.6313019
a;13209626527909;9.533676;-20.031967;-11.129639
a;13209646669511;7.6615753;-20.031967;13.438843
a;13209666811112;6.5177765;-20.031967;12.714935
a;13209686952714;6.3333893;-15.733719;-3.502411
a;13209707094316;13.06369;9.844513;-17.037033
a;13209727235917;19.495438;18.967438;-14.123718
a;13209747377519;0.81321716;18.967438;-10.197357
a;13209767519120;7.1363373;18.967438;-5.2646637
a;13209787660722;15.342117;15.009766;-8.016663
a;13209807802323;16.049805;-12.502808;-3.2827911
a;13209827943925;15.489273;-20.031967;-8.97702
a;13209848085526;10.400314;-20.031967;7.052002
a;13209868227128;5.638336;-20.031967;12.235275
a;13209888368730;2.9453735;-16.154327;-0.13092041
a;13209908510331;5.209839;7.550354;-10.767044
a;13209928651933;14.876572;18.967438;-13.785004
a;13209948793534;8.519363;18.967438;-9.806854
a;13209968935136;5.2522583;18.967438;-4.9454956
a;13209989076737;12.526596;16.938065;-5.6939087
a;13210009218339;12.802078;3.747635;-6.7296143
a;13210029359941;15.14801;-15.80545;-3.0569305
a;13210049501542;18.493118;-19.773972;1.9275818
a;13210069643144;19.330566;-20.031967;7.61705
a;13210089784745;16.403152;-15.876968;8.081192
a;13210109926347;16.682175;-9.9288025;2.6935425
a;13210130067948;18.950256;-7.572754;-1.0751648
a;13210150209550;19.495438;-11.538544;2.1622772
a;13210170351151;19.466003;-15.144882;2.8419952
a;13210190492753;16.59224;-12.3767395;1.8155975
a;13210210634355;13.215973;-9.66127;1.47258
a;13210230775956;11.515884;-7.8897705;1.5745697
a;13210250917558;10.589432;-5.973999;2.2625122
a;13210271059159;10.886505;-4.499893;2.9936981
a;13210291200761;10.700012;-3.5607758;2.3074493
a;13210311342362;9.479385;-4.260376;1.5205841
a;13210331483964;8.60318;-5.300873;0.5789032
a;13210351625566;8.39119;-5.6163177;-0.09341431
a;13210371767167;8.426559;-5.2497406;-0.09063721
a;13210391908769;8.276779;-4.671921;0.115097046
a;13210412050370;7.9674835;-3.983429;0.8982544
a;13210432191972;8.408813;-3.2835846;1.3485413
a;13210452333573;8.932724;-0.27449036;2.7677917
a;13210472475175;8.861237;2.318924;4.7602997
a;13210492616776;8.231354;0.16383362;3.8527374
a;13210512758378;8.744461;-2.4785614;1.5199585
a;13210532899980;9.291595;-2.973877;0.81243896
a;13210553041581;9.075867;-3.2845612;0.41352844
a;13210573183183;9.205994;-4.462738;0.016098022
a;13210593324784;10.147842;-5.086685;-0.17419434
a;13210613466386;10.489548;-4.150589;-0.18029785
a;13210633607987;9.612457;-3.0884094;0.012939453
a;13210653749589;9.104538;-2.9574127;0.46151733
a;13210673891191;9.202896;-3.0191803;1.2704315
a;13210694032792;9.171219;-2.9623108;1.8499298
a;13210714174394;9.046463;-3.3328094;1.6296692
a;13210734315995;9.295822;-3.720337;1.1588898
a;13210754457597;9.395538;-3.613617;0.9338379
a;13210774599198;9.162155;-3.526352;1.0462799
a;13210794740800;8.9782715;-3.6681519;1.0283508
a;13210814882401;9.013962;-3.667801;0.9372711
a;13210835024003;9.01886;-3.6145172;0.8099823
a;13210855165605;8.990173;-3.5418396;0.767395
a;13210875307206;8.928024;-3.412445;0.8670502
a;13210895448808;9.006012;-3.377182;1.0355682
a;13210915590409;9.207413;-3.3328247;1.0531616
a;13210935732011;9.223618;-3.3173218;1.0003357
a;13210955873612;9.05191;-3.289215;0.9395447
a;13210976015214;9.006729;-3.3200989;0.9167023
a;13210996156816;9.085175;-3.3532104;1.0391235
a;13211016298417;9.114151;-3.3388672;1.1670227
a;13211036440019;9.155197;-3.4543915;1.1813965
a;13211056581620;9.099457;-3.5786896;1.1483917
a;13211076723222;9.009872;-3.6240234;1.1380615
a;13211096864823;9.086105;-3.6903229;1.074295
a;13211117006425;9.155334;-3.7818146;1.0135651
a;13211137148026;9.085831;-3.7922516;1.0559387
a;13211157289628;9.054428;-3.7817993;1.033371
a;13211177431230;9.090469;-3.7318726;1.0368195
a;13211197572831;9.044617;-3.7114563;1.0817566
a;13211217714433;9.044174;-3.6945343;1.1368256
a;13211237856034;9.013336;-3.6402283;1.0945587
a;13211257997636;9.033279;-3.6227875;1.1161346
a;13211278139237;9.073822;-3.601944;1.0780334
a;13211298280839;9.064758;-3.5850067;1.0060577
a;13211318422441;9.055115;-3.5820923;1.0545044
a;13211338564042;9.078674;-3.5731812;1.0399475
a;13211358705644;9.089966;-3.6338654;1.039093
a;13211378847245;9.076828;-3.65094;1.0747986
a;13211398988847;9.036194;-3.6702118;1.0693665
a;13211419130448;8.999695;-3.6960602;1.1011963
a;13211439272050;9.035477;-3.70549;1.0592804
a;13211459413651;9.061981;-3.7135315;1.0913239
a;13211479555253;9.049042;-3.690796;1.0717926
a;13211499696855;9.064682;-3.6678925;1.0319519
a;13211519838456;9.01561;-3.6791992;1.0493011
a;13211539980058;9.006882;-3.64711;1.0722351
a;13211560121659;9.06102;-3.6529846;1.0510864
a;13211580263261;9.086533;-3.6429138;1.0001221
a;13211600404862;9.104462;-3.6119537;1.0410156
a;13211620546464;9.079239;-3.640503;1.0322266
a;13211640688066;9.026535;-3.6474457;1.0166626
a;13211660829667;9.004974;-3.6102753;1.057785
a;13211680971269;9.046646;-3.616928;1.0335846
a;13211701112870;9.131866;-3.6335602;0.9959717
a;13211721254472;9.077881;-3.6219788;1.0431671
a;13211741396073;9.014206;-3.6270142;1.0470581
a;13211761537675;9.05278;-3.6188354;1.014801
a;13211781679276;9.063858;-3.6306152;1.0433502
a;13211801820878;8.989639;-3.651245;1.0274963
a;13211821962480;9.036621;-3.647812;1.0559845
a;13211842104081;9.152756;-3.6829834;1.0107269
a;13211862245683;9.087326;-3.6958466;1.0428925
a;13211882387284;9.012466;-3.6302643;1.0598907
a;13211902528886;9.038727;-3.6372986;1.0551453
a;13211922670487;9.062286;-3.658249;1.0956726
a;13211942812089;9.084915;-3.642868;1.0557098
a;13211962953691;9.054184;-3.6441193;1.0484161
a;13211983095292;9.061218;-3.6172943;1.0564423
a;13212003236894;9.031464;-3.6253204;1.0603638
a;13212023378495;9.067459;-3.6578522;1.087326
a;13212043520097;9.094803;-3.6623077;1.1057739
a;13212063661698;9.039841;-3.662506;1.0688782
a;13212083803300;9.033676;-3.670456;1.0854492
a;13212103944901;9.074905;-3.6537018;1.0555573
a;13212124086503;9.097336;-3.6538086;1.040741
a;13212144228105;9.058655;-3.5936432;1.0964661
a;13212164369706;9.006805;-3.5684052;1.0723114
a;13212184511308;9.066071;-3.5911865;1.0464935
a;13212204652909;9.093521;-3.596283;1.0729218
a;13212224794511;9.07579;-3.6014252;1.0689392
a;13212244936112;9.070129;-3.6163177;1.058136
a;13212265077714;9.122955;-3.6358643;1.0645447
a;13212285219316;9.106415;-3.6401215;1.0323792
a;13212305360917;9.013611;-3.6207123;1.0547638
a;13212325502519;9.039871;-3.6293335;1.0692291
a;13212345644120;9.065567;-3.6131897;1.0498505
a;13212365785722;9.075562;-3.5888977;1.1053925
a;13212385927323;9.107056;-3.5613098;1.0763397
a;13212406068925;9.047134;-3.5728455;1.0885468
a;13212426210526;9.036697;-3.6057587;1.0677032
a;13212446352128;9.096848;-3.5684357;1.065155
a;13212466493730;9.043945;-3.5943909;1.0503693
a;13212486635331;9.031326;-3.602417;1.0971069
a;13212506776933;9.151581;-3.5895538;1.0695801
a;13212526918534;9.100357;-3.6259308;1.085846
a;13212547060136;8.995911;-3.581192;1.1664429
a;13212567201737;8.93808;-3.6483612;1.0780334
a;13212587343339;8.978134;-3.6968079;1.0865479
a;13212607484941;9.018509;-3.6662598;1.1582947
a;13212627626542;9.022354;-3.7075043;1.1659851
a;13212647768144;9.065338;-4.0334625;1.2506561
a;13212667909745;9.202209;-4.7072144;1.4592133
a;13212688051347;9.33519;-4.9142;1.9597473
a;13212708192948;9.634903;-5.5064087;3.3483582
a;13212728334550;10.549164;-6.946991;5.375595
a;13212748476151;11.291824;-9.04689;5.9001617
a;13212768617753;11.888519;-10.918396;5.7848053
a;13212788759355;12.834747;-13.53035;7.036682
a;13212808900956;13.346237;-15.074173;7.7335052
a;13212829042558;12.9678955;-14.814636;7.3552094
a;13212849184159;11.908798;-14.23053;6.694977
a;13212869325761;10.754517;-13.189621;6.6023865
a;13212889467362;9.532928;-12.296799;5.731842
a;13212909608964;7.679123;-10.625214;4.7049103
a;13212929750566;5.666336;-8.66861;3.869049
a;13212949892167;4.0314026;-7.280197;2.8874512
a;13212970033769;2.7417908;-6.332489;1.5368958
a;13212990175370;1.4273987;-5.602936;1.2024231
a;13213010316972;0.3532257;-4.850357;1.6267548
a;13213030458573;0.010177612;-4.496994;2.4225006
a;13213050600175;-0.10501099;-4.238907;2.3292542
a;13213070741776;-0.7196045;-3.8845367;1.7295837
a;13213090883378;-0.7515106;-4.648468;1.59021
a;13213111024980;-0.30021667;-5.7532654;2.292282
a;13213131166581;-0.14857483;-5.77005;2.1006622
a;13213151308183;-0.75878906;-5.785507;2.0893555
a;13213171449784;-1.3743591;-4.761688;3.7004242
a;13213191591386;-1.7608948;-4.2152405;4.371887
a;13213211732987;-2.5178223;-3.6824036;3.9041595
a;13213231874589;-2.888733;-4.452179;4.193619
a;13213246980790;-2.7797546;-5.585617;4.5736847
a;13213267122392;-3.0163574;-5.6641083;4.4714355
a;13213287263993;-3.3043365;-3.9892273;4.875107
a;13213307405595;-2.2307587;-2.9174347;7.6740265
a;13213327547196;-1.6282196;-4.851776;8.538712
a;13213347688798;-3.0422668;-6.8832855;7.8029785
a;13213367830400;-4.0559845;-9.294769;5.922577
a;13213387972001;-3.613739;-8.102158;4.5443726
a;13213408113603;-3.6020813;-7.1182556;5.4308014
a;13213428255204;-4.0415955;-7.830307;5.7874756
a;13213448396806;-4.0326233;-6.6990967;6.8772736
a;13213468538407;-4.428879;-5.845413;6.5247803
a;13213488680009;-5.0753784;-6.5917816;5.92601
a;13213508821610;-5.0984497;-6.552841;5.868622
a;13213528963212;-4.4234314;-6.009079;5.705124
a;13213549104814;-4.0476837;-5.3521576;5.5661774
a;13213569246415;-3.8471832;-5.240265;6.157608
a;13213589388017;-3.810318;-5.38089;6.265335
a;13213609529618;-3.2554321;-4.8750916;6.2218323
a;13213629671220;-3.3228607;-4.9667206;5.179947
a;13213649812821;-4.0078583;-6.380417;4.88649
a;13213669954423;-3.7436981;-6.7563934;4.721756
a;13213690096025;-3.783081;-5.263489;5.0150757
a;13213710237626;-4.2703857;-4.604431;4.731125
a;13213730379228;-4.715912;-5.270859;4.220001
a;13213750520829;-5.4551086;-5.4931793;3.6233826
a;13213770662431;-5.6194763;-5.097107;4.027054
a;13213790804032;-5.1215515;-5.454666;5.7467804
a;13213810945634;-5.131546;-4.18367;5.2425385
a;13213831087235;-6.025299;-2.490509;3.9366608
a;13213851228837;-6.864853;-2.4457245;2.2204437
a;13213871370439;-6.672867;-3.8335114;1.8377228
a;13213891512040;-5.359665;-4.5141144;4.7782288
a;13213911653642;-4.1163025;-6.248596;5.709549
a;13213931795243;-4.099777;-7.672104;5.6790924
a;13213951936845;-3.6121216;-8.655914;6.2012634
a;13213972078446;-2.4542084;-10.803207;2.104889
a;13213992220048;-2.7898712;-9.128311;2.2402496
a;13214012361650;-2.4199066;-9.168289;4.1596527
a;13214032503251;-0.8684387;-9.688782;6.1282654
a;13214052644853;-0.32200623;-10.3020935;7.2996674
a;13214072786454;0.55355835;-11.360535;7.8266296
a;13214092928056;1.8082733;-12.263306;8.018646
a;13214113069657;1.6179504;-10.126816;7.9432373
a;13214133211259;0.7872925;-8.457947;7.994812
a;13214153352860;1.8919067;-9.930466;9.154892
a;13214173494462;2.996231;-12.0512085;10.258759
a;13214193636064;2.6265717;-10.156845;9.416229
a;13214213777665;3.2407684;-6.6311035;11.876984
a;13214233919267;2.7107544;-5.0597534;12.674744
a;13214254060868;1.4761505;-9.430328;6.0023346
a;13214274202470;3.053711;-11.978867;3.8096008
a;13214294344071;2.9627533;-8.726059;4.8582916
a;13214314485673;1.6324463;-8.504639;6.775955
a;13214334627275;2.0244598;-8.798981;8.13269
a;13214354768876;2.4496765;-8.346359;7.4087524
a;13214374910478;1.778305;-8.111847;5.765518
a;13214395052079;1.1494751;-8.252106;5.6990204
a;13214415193681;1.5593414;-7.8249817;6.9519043
a;13214435335282;1.925827;-8.14502;7.5098114
a;13214455476884;0.7484131;-8.577209;7.1647797
a;13214475618485;0.1362915;-9.417648;7.179016
a;13214495760087;0.48031616;-8.767746;6.65361
a;13214515901689;0.15527344;-6.8726044;5.6730194
a;13214536043290;-1.28685;-7.511139;4.866867
a;13214556184892;-1.3986359;-9.275116;4.994568
a;13214576326493;-0.33389282;-8.399063;5.855072
a;13214596468095;-0.12043762;-7.2140045;5.975403
a;13214616609696;-1.8460541;-7.818985;4.927002
a;13214636751298;-2.5788727;-8.877792;5.362015
a;13214656892900;-1.3866272;-9.410706;6.090378
a;13214677034501;-1.0548401;-7.9503937;5.2839813
a;13214697176103;-2.882248;-7.015793;4.335724
a;13214717317704;-3.6241913;-7.4096985;4.8004913
a;13214737459306;-2.5325012;-7.9819946;5.5880737
a;13214757600907;-1.8366699;-6.7569427;5.813629
a;13214777742509;-2.3392334;-5.612137;6.0973206
a;13214797884110;-2.7654724;-6.256256;6.60054
a;13214818025712;-2.9372559;-6.7000427;6.0641327
a;13214838167314;-3.0569916;-5.891342;5.4859467
a;13214858308915;-3.407013;-4.523056;5.7243805
a;13214878450517;-3.6870422;-4.585129;7.5572815
a;13214898592118;-2.8939362;-6.2752075;9.0442505
a;13214918733720;-2.2306824;-7.36084;9.475708
a;13214938875321;-2.932129;-7.3274536;8.475922
a;13214959016923;-3.6362762;-6.877899;7.767151
a;13214979158525;-4.206787;-6.861328;7.5299683
a;13214999300126;-4.461075;-7.630707;6.74675
a;13215019441728;-4.3180695;-8.584625;5.4499664
a;13215039583329;-3.2888184;-6.6127777;4.104721
a;13215059724931;-3.5086823;-4.7256927;4.080307
a;13215079866532;-3.4133148;-4.926071;4.107834
a;13215100008134;-3.9765015;-5.4899597;4.1622314
a;13215120149735;-4.057953;-4.5817413;3.0567932
a;13215140291337;-3.9400635;-3.574646;2.0141296
a;13215160432939;-4.2040863;-3.3892975;1.6926117
a;13215180574540;-4.118866;-3.6861267;2.7924347
a;13215200716142;-3.86586;-3.3493347;2.6197205
a;13215220857743;-4.139908;-2.2098541;2.0325623
a;13215240999345;-4.9971466;-2.5226288;1.3683624
a;13215261140946;-4.75473;-3.953247;1.7072754
a;13215281282548;-3.8034515;-6.0823517;3.10318
a;13215301424150;-3.9750977;-6.4773254;2.963272
a;13215321565751;-5.0192413;-6.635544;2.0194397
a;13215341707353;-4.015091;-9.294327;2.9953766
a;13215361848954;-1.0529938;-12.130539;5.580475
a;13215381990556;-0.23901367;-11.791367;4.958435
a;13215402132157;-1.843399;-10.106689;3.3031616
a;13215422273759;-0.69958496;-11.460144;4.8927
a;13215442415360;2.353714;-13.097229;6.4008484
a;13215462556962;2.7722473;-11.98674;5.471405
a;13215482698564;1.658371;-11.564148;3.9723663
a;13215502840165;3.8980408;-12.179932;6.9264526
a;13215522981767;6.455002;-12.654907;8.231262
a;13215543123368;6.1271057;-12.335358;7.54834
a;13215563264970;5.191742;-12.896881;7.9920197
a;13215583406571;6.5635223;-11.427719;11.010971
a;13215603548173;5.8876038;-8.724457;10.700027
a;13215623689775;3.928238;-7.76268;8.533844
a;13215643831376;3.648285;-8.100189;8.680878
a;13215663972978;3.7783508;-8.950882;8.935471
a;13215684114579;3.7400513;-9.156448;9.708267
a;13215704256181;3.5588837;-8.568329;9.416718
a;13215724397782;2.4346619;-7.169922;8.595108
a;13215744539384;3.0020752;-7.2052307;8.91066
a;13215764680985;4.1965027;-6.6382446;9.477356
a;13215784822587;2.7869415;-6.257324;10.725281
a;13215804964189;1.5379944;-7.9085083;9.824402
a;13215825105790;1.1573486;-8.981232;7.9202423
a;13215845247392;-0.2083435;-8.411453;5.288925
a;13215865388993;-2.558548;-7.7014465;3.8110352
a;13215885530595;-2.5757751;-8.125641;3.7806396
a;13215905672196;-0.9206848;-8.268097;2.92128
a;13215925813798;-1.2980499;-8.151184;3.14859
a;13215945955400;-2.6722412;-7.8424377;3.83667
a;13215966097001;-2.4750824;-7.456543;4.017563
a;13215986238603;-1.6203766;-7.0693665;4.3658447
a;13216006380204;-2.4280853;-5.8739777;4.882202
a;13216026521806;-3.6798248;-6.9944305;5.888809
a;13216046663407;-3.3388824;-8.341095;5.8608246
a;13216066805009;-3.6297913;-6.298126;4.466675
a;13216086946610;-4.2497864;-3.6124878;4.6929626
a;13216107088212;-4.3085938;-3.3956757;6.2141113
a;13216127229814;-3.914093;-5.032669;8.121262
a;13216147371415;-3.06398;-6.324005;10.106445
a;13216167513017;-2.620575;-6.962677;11.379288
a;13216187654618;-2.8583374;-6.7852173;11.027679
a;13216207796220;-2.9815521;-5.9662933;9.543533
a;13216227937821;-3.7767944;-6.7448883;7.1713257
a;13216248079423;-5.05838;-8.895142;7.093811
a;13216268221025;-4.0309143;-8.70755;6.2276154
a;13216288362626;-3.926056;-7.453583;5.0295258
a;13216308504228;-4.547287;-5.127304;4.5727997
a;13216328645829;-4.340378;-3.8904266;3.7858582
a;13216348787431;-4.7226257;-4.0192413;3.7879028
a;13216368929032;-4.5275116;-3.2944794;3.4962769
a;13216389070634;-4.4587708;-2.1278229;2.724945
a;13216409212235;-4.3192596;-1.0338593;1.9694824
a;13216429353837;-3.9114227;-1.4000702;2.3041534
a;13216449495439;-4.106476;-2.6207275;2.8177185
a;13216469637040;-4.3033905;-3.1296997;3.4924622
a;13216489778642;-4.6764526;-2.7116852;3.1547089
a;13216509920243;-5.4707184;-2.091751;1.6134644
a;13216530061845;-5.775955;-2.8072052;1.3256073
a;13216550203446;-5.1681213;-4.442215;2.8583984
a;13216570345048;-5.077362;-4.9153595;3.8931122
a;13216590486650;-6.0345917;-4.5028534;2.657959
a;13216610628251;-6.4756775;-4.468689;1.5239868
a;13216630769853;-5.2243195;-6.943741;4.2530975
a;13216650911454;-3.765976;-7.717743;6.126007
a;13216671053056;-4.24057;-7.317932;4.1344147
a;13216691194657;-5.29274;-7.3369293;1.9685974
a;13216711336259;-3.6723633;-9.691788;5.974457
a;13216731477860;-0.4997406;-11.681137;8.233765
a;13216751619462;0.09159851;-11.522919;6.0130005
a;13216771761064;-0.52464294;-12.114838;3.688202
a;13216791902665;1.9524689;-14.194992;6.2940674
a;13216812044267;4.541504;-12.749847;7.376602
a;13216832185868;3.958252;-11.0425415;6.739746
a;13216852327470;3.6238708;-12.50737;7.374954
a;13216872469071;5.7380524;-12.667755;8.699829
a;13216892610673;6.8455505;-9.226868;9.51062
a;13216912752275;5.6909027;-7.5254974;9.224426
a;13216932893876;4.7795258;-9.67041;9.527786
a;13216953035478;5.835739;-11.370819;8.987442
a;13216973177079;5.083603;-8.019196;7.6583405
a;13216993318681;2.3971252;-5.913803;7.0088654
a;13217013460282;2.738266;-8.571075;10.478531
a;13217033601884;4.721985;-7.2766113;10.060791
a;13217053743485;4.966568;-7.757599;7.6432953
a;13217073885087;5.172943;-5.578247;8.3220215
a;13217094026689;4.4436035;-4.632477;9.837372
a;13217114168290;4.3461;-7.9675903;8.532257
a;13217134309892;3.6916656;-10.051315;5.7720947
a;13217154451493;1.4317322;-10.133255;5.5210876
a;13217174593095;-0.35977173;-10.35228;6.240265
a;13217194734696;-0.30433655;-10.394974;6.2241364
a;13217214876298;0.35028076;-9.33049;6.588455
a;13217235017900;0.37620544;-9.578308;6.180588
a;13217255159501;0.113586426;-9.781845;5.6193237
a;13217275301103;-0.5660858;-8.359222;5.574112
a;13217295442704;-0.3405609;-7.831375;5.976013
a;13217315584306;0.14776611;-8.433929;5.2121887
a;13217335725907;-1.1098022;-8.439285;4.69812
a;13217355867509;-1.8306885;-8.377533;4.614258
a;13217376009110;-1.5398254;-7.947464;4.3376617
a;13217396150712;-1.7481842;-7.7246246;4.180771
a;13217416292314;-2.3608704;-7.187561;4.2338715
a;13217436433915;-1.5226898;-5.818878;5.268265
a;13217456575517;-2.415741;-5.7467194;6.298523
a;13217476717118;-3.3779144;-6.3265533;6.9093475
a;13217496858720;-3.8816223;-7.1258545;7.0559845
a;13217517000321;-4.832321;-8.479874;5.8783264
a;13217537141923;-4.79451;-7.7018127;7.0783844
a;13217557283525;-4.409424;-6.575226;7.734558
a;13217577425126;-4.85376;-6.645447;6.180969
a;13217597566728;-5.094269;-6.789551;5.771042
a;13217617708329;-5.274124;-6.112091;6.972519
a;13217637849931;-4.7448273;-4.7876434;7.951416
a;13217657991532;-5.1762085;-4.0647125;6.9318237
a;13217678133134;-5.5755463;-3.5707245;5.6334686
a;13217698274735;-5.627594;-3.312271;5.5569153
a;13217718416337;-6.0369263;-3.3776398;6.3135986
a;13217738557939;-6.1795197;-3.9430847;6.436737
a;13217758699540;-5.860916;-4.49559;5.594513
a;13217778841142;-5.419922;-4.3563232;5.099777
a;13217798982743;-5.2838287;-3.707367;5.2584076
a;13217819124345;-5.413025;-3.6398315;6.7784576
a;13217839265946;-5.207596;-4.036545;7.951065
a;13217859407548;-5.118469;-4.8955994;7.04541
a;13217879549150;-5.275238;-5.4584045;5.567322
a;13217899690751;-5.4127655;-5.9995117;5.6604614
a;13217919832353;-5.457382;-6.6323853;6.739258
a;13217939973954;-5.0549164;-6.723007;5.927826
a;13217960100269;-4.4632416;-6.2617493;5.1513824
a;13217980241870;-4.411545;-5.7686462;6.4145813
a;13218000383472;-3.9618225;-4.985718;8.4608
a;13218020525073;-3.282074;-5.1105957;7.2878113
a;13218040666675;-3.5269165;-6.090637;5.687607
a;13218060808277;-3.803711;-6.1632843;6.3026886
a;13218080949878;-3.4049225;-5.490631;7.8383636
a;13218101091480;-3.1557312;-5.235306;7.5736694
a;13218121233081;-3.4482727;-5.3914185;6.5442963
a;13218141374683;-3.704834;-5.1576385;6.693451
a;13218161516284;-2.6066437;-6.316437;7.234024
a;13218181657886;-2.732666;-5.541855;7.7071075
a;13218201799488;-4.2387085;-6.4333344;7.941574
a;13218221941089;-5.2330017;-6.075119;6.9393616
a;13218242082691;-5.21138;-5.3108063;6.7773743
a;13218262224292;-5.5498657;-4.984253;6.8351135
a;13218282365894;-5.105957;-5.6280975;6.580612
a;13218302507495;-4.087555;-5.5976563;7.0834503
a;13218322649097;-3.5181885;-5.3608093;7.632263
a;13218342790698;-3.1035004;-5.656616;7.4197083
a;13218362932300;-2.627533;-6.9301147;6.7209473
a;13218383073902;-1.9537201;-5.9830933;7.0160217
a;13218403215503;-1.8098907;-4.9123383;6.5236206
a;13218423357105;-1.8376617;-4.4185486;5.5302734
a;13218443498706;-1.1319122;-3.5512543;5.668396
a;13218463640308;-0.6108246;-3.4743042;5.4513397
a;13218483781909;-1.1008453;-4.2590485;4.986862
a;13218503923511;-1.2547913;-4.7419586;4.644699
a;13218524065113;-0.9523773;-4.6516266;4.2681427
a;13218544206714;-0.5726929;-3.9814148;4.3666534
a;13218564348316;-0.65553284;-3.470337;4.4316254
a;13218584489917;-0.6626892;-3.649063;4.4470367
a;13218604631519;-0.20143127;-4.0463104;4.20636
a;13218624773120;0.36042786;-3.7940216;3.581894
a;13218644914722;-0.19389343;-4.120987;2.9223328
a;13218665056323;-1.2408905;-4.778061;2.598404
a;13218685197925;-0.69158936;-5.8106537;3.3961487
a;13218705339527;0.48155212;-6.621704;4.348694
a;13218725481128;0.7041931;-6.7994995;3.9165344
a;13218745622730;-0.23422241;-7.048538;2.829239
a;13218765764331;-0.7260895;-8.407944;2.4801636
a;13218785905933;0.881546;-10.936722;3.589386
a;13218806047534;2.858841;-11.901825;4.794327
a;13218826189136;3.2473602;-10.33728;4.87529
a;13218846330738;3.443863;-10.079575;4.2409363
a;13218866472339;3.9430847;-11.678848;3.903183
a;13218886613941;4.840927;-12.117416;5.405075
a;13218906755542;5.720871;-10.715729;6.2660065
a;13218926897144;6.58757;-9.577362;6.4218597
a;13218947038745;7.0125275;-8.541672;5.8171844
a;13218967180347;7.1611633;-7.448715;4.5003357
a;13218987321948;8.043823;-6.4846344;3.5498505
a;13219007463550;10.216568;-5.739807;5.0638733
a;13219027605152;12.24498;-5.6803284;5.0384674
a;13219047746753;13.29512;-5.9871063;2.8389435
a;13219067888355;14.333786;-6.426544;1.6627655
a;13219088029956;14.820435;-7.179718;2.7340088
a;13219108171558;13.963684;-7.63739;4.042343
a;13219128313159;12.161774;-7.3845215;4.2819214
a;13219148454761;10.361084;-6.3966675;3.9975586
a;13219168596363;9.825546;-5.232559;3.5479736
a;13219188737964;10.596008;-4.614319;2.926651
a;13219208879566;10.883102;-4.1788483;2.265686
a;13219229021167;10.237732;-2.7973175;3.2017822
a;13219249162769;9.677139;-1.160492;3.4202728
a;13219269304370;9.385712;-1.5803833;2.4677734
a;13219289445972;9.130295;-2.868515;1.5546265
a;13219309587573;8.921875;-3.731079;1.2577515
a;13219329729175;8.677567;-3.8356934;0.94706726
a;13219349870777;8.668335;-3.4184723;0.66160583
a;13219370012378;8.390869;-3.0039063;0.39294434
a;13219390153980;8.304413;-2.8595734;0.48762512
a;13219410295581;8.491089;-2.7674866;0.738327
a;13219430437183;8.606537;-2.5960846;1.089325
a;13219450578784;8.665665;-2.7593842;1.1865082
a;13219470720386;8.978958;-3.1542969;0.8267822
a;13219490861988;9.653549;-3.5139008;0.3045044
a;13219511003589;9.935471;-3.726883;0.31477356
a;13219531145191;9.636688;-3.685196;0.5966644
a;13219551286792;9.531296;-3.5001678;0.80363464
a;13219571428394;9.691086;-3.2476654;0.82818604
a;13219591569995;9.706329;-3.0100555;0.8814087
a;13219611711597;9.51741;-2.8854065;1.0037079
a;13219631853198;9.38298;-2.7082367;1.1287842
a;13219651994800;9.338577;-2.691742;1.1161194
a;13219672136402;9.368057;-2.8813171;0.9887543
a;13219692278003;9.30864;-2.93898;0.9757385
a;13219712419605;9.154007;-2.9863434;0.90426636
a;13219732561206;9.12854;-3.220337;0.7024994
a;13219752702808;9.17244;-3.4546509;0.40960693
a;13219772844409;9.208038;-3.4798431;0.38298035
a;13219792986011;9.229721;-3.410553;0.3745575
a;13219813127613;9.226547;-3.2608032;0.44573975
a;13219833269214;9.065964;-3.0352936;0.62757874
a;13219853410816;9.044174;-2.7640991;0.8703613
a;13219873552417;9.168304;-2.4080505;1.1047211
a;13219893694019;9.301102;-2.2398071;1.2366638
a;13219913835620;9.30101;-2.3329163;1.2186737
a;13219933977222;9.2443695;-2.5935364;1.0729065
a;13219954118823;9.24884;-2.8685608;0.88526917
a;13219974260425;9.376633;-3.061737;0.6493225
a;13219994402027;9.3619995;-3.113205;0.61317444
a;13220014543628;9.241608;-3.161499;0.71565247
a;13220034685230;9.17337;-3.192505;0.82814026
a;13220054826831;9.101318;-3.2022552;0.8838959
a;13220074968433;9.134354;-3.228424;0.85469055
a;13220095110034;9.271881;-3.2303467;0.8410797
a;13220115251636;9.207382;-3.212326;0.8617096
a;13220135393238;9.167755;-3.2038116;0.8835144
a;13220155534839;9.359451;-3.1769867;0.88661194
a;13220175676441;9.323135;-3.1278992;0.8795929
a;13220195818042;9.206696;-3.0687714;0.92633057
a;13220215959644;9.218704;-3.0757751;0.9233093
a;13220236101245;9.315918;-3.1083832;0.9359131
a;13220256242847;9.411926;-3.1542358;0.90812683
a;13220276384448;9.34111;-3.0815735;0.9109955
a;13220296526050;9.272842;-3.0555115;0.86128235
a;13220316667652;9.315521;-3.171112;0.8132477
a;13220336809253;9.227936;-3.1850433;0.9273224
a;13220356950855;9.181885;-3.119751;0.9364929
a;13220377092456;9.217697;-3.121292;0.92185974
a;13220397234058;9.199432;-3.163025;0.9074707
a;13220417375659;9.201035;-3.185135;0.9469757
a;13220437517261;9.162827;-3.1738281;0.98376465
a;13220457658863;9.182907;-3.1726227;0.9519348
a;13220477800464;9.232803;-3.3186188;0.67559814
a;13220497942066;9.156113;-3.4507751;0.385849
a;13220518083667;9.129562;-3.4811707;0.60165405
a;13220538225269;9.28157;-3.127594;1.1818695
a;13220558366870;9.520981;-2.9763947;1.4893494
a;13220578508472;9.549484;-2.919754;1.4304199
a;13220598650073;9.326355;-3.0186768;1.1768951
a;13220618791675;9.109222;-3.2206573;0.7974396
a;13220638933277;9.110611;-3.240921;0.7398529
a;13220659074878;9.153778;-3.0091553;0.8297577
a;13220679216480;9.136307;-2.9357758;0.7949219
a;13220699358081;9.191849;-2.951645;0.801239
a;13220719499683;9.143753;-3.0062866;0.6749573
a;13220739641284;9.0469055;-3.0343628;0.53222656
a;13220759782886;9.156235;-3.104126;0.60806274
a;13220779924488;9.3688965;-3.0038605;0.76475525
a;13220800066089;9.372665;-2.8308105;0.8925476
a;13220820207691;9.361725;-2.7670746;0.95085144
a;13220840349292;9.444336;-2.8105164;0.96980286
a;13220860490894;9.516159;-2.843155;0.8998108
a;13220880632495;9.467712;-2.8843079;0.8650818
a;13220900774097;9.34082;-2.8396912;0.91101074
a;13220920915698;9.272873;-2.8053436;0.8261566
a;13220941057300;9.301788;-2.902649;0.82769775
a;13220961198902;9.273941;-2.9871368;0.88108826
a;13220981340503;9.185928;-2.9494019;1.020752
a;13221001482105;9.164917;-3.0282745;1.2148895
a;13221021623706;9.143753;-3.076294;1.2555237
a;13221041765308;9.101273;-3.0620728;1.0876923
a;13221061906909;9.061401;-3.1959991;0.9774933
a;13221082048511;9.133408;-3.2725677;0.87091064
a;13221102190113;9.276337;-3.2853546;0.9137268
a;13221122331714;9.317703;-3.4626465;0.8414612
a;13221142473316;9.318863;-3.6289825;0.7080078
a;13221162614917;9.330994;-3.549408;0.71032715
a;13221182756519;9.421188;-3.3287811;0.81607056
a;13221202898120;9.411316;-3.0019226;1.0187683
a;13221223039722;9.308212;-2.6931;1.1749878
a;13221243181323;9.268387;-2.4718323;1.3241272
a;13221263322925;9.240356;-2.4301147;1.3123016
a;13221283464527;9.2200775;-2.5621948;1.296936
a;13221303606128;9.239792;-2.7386932;1.1021576
a;13221323747730;9.193909;-2.9674988;0.9665222
a;13221343889331;9.197662;-3.0666199;1.0674133
a;13221364030933;9.27684;-3.0276642;1.0755615
a;13221384172534;9.2157135;-3.1109161;0.9659424
a;13221404314136;9.053665;-3.3721466;0.75453186
a;13221424455738;9.044434;-3.5115356;0.79556274
a;13221444597339;9.12442;-3.4733734;0.9243927
a;13221464738941;9.171509;-3.4211426;1.0063934
a;13221484880542;9.171066;-3.4098816;1.1434784
a;13221505022144;9.233154;-3.4099274;1.246582
a;13221525163745;9.274872;-3.3672333;1.3346252
a;13221545305347;9.26474;-3.2770233;1.3108673
a;13221565446948;9.200027;-3.2479095;1.1888275
a;13221585588550;9.129456;-3.2854004;1.0534973
a;13221605730152;9.155014;-3.22435;0.95610046
a;13221625871753;9.223343;-3.2317352;0.8765869
a;13221646013355;9.231033;-3.158615;0.90663147
a;13221666154956;9.18396;-3.0901031;0.9784241
a;13221686296558;9.197876;-3.108963;0.9777832
a;13221706438159;9.242828;-3.1253204;1.0023804
a;13221726579761;9.281723;-3.1095123;1.0373077
a;13221746721363;9.206177;-3.1043549;1.0019836
a;13221766862964;9.215759;-3.109314;1.0256042
a;13221787004566;9.250046;-3.1164093;1.02948
a;13221807146167;9.223572;-3.1486816;1.0412292
a;13221827287769;9.230087;-3.153366;1.0203857
a;13221847429370;9.287613;-3.1612396;1.0136719
a;13221867570972;9.31279;-3.1897278;0.94755554
a;13221887712573;9.377579;-3.2411804;0.9885254
a;13221907854175;9.275528;-3.221115;1.0972443
a;13221927995777;9.182571;-3.2008667;1.1613159
a;13221948137378;9.152466;-3.1975403;1.1417999
a;13221968278980;9.082855;-3.2052155;1.0389252
a;13221988420581;9.08194;-3.165619;0.93156433
a;13222008562183;9.176407;-3.1159058;0.8504791
a;13222028703784;9.200775;-3.1092834;0.8493347
a;13222048845386;9.22139;-3.0748444;0.9119415
a;13222068986988;9.204971;-3.0842438;1.0033417
a;13222089128589;9.19133;-3.08432;1.055069
a;13222109270191;9.239273;-3.135376;1.1065979
a;13222129411792;9.279724;-3.149582;1.1063232
a;13222149553394;9.245438;-3.1587677;1.08461
a;13222169694995;9.201447;-3.1645966;1.0785675
a;13222189836597;9.150269;-3.2190552;1.0170593
a;13222209978198;9.189789;-3.24469;0.9689026
a;13222230119800;9.19014;-3.267929;1.0038757
a;13222250261402;9.187607;-3.2841644;1.0213928
a;13222270403003;9.19606;-3.2545319;1.0393677
a;13222290544605;9.1892395;-3.2226715;1.0852203
a;13222310686206;9.205505;-3.182602;1.0456543
a;13222330827808;9.201065;-3.1640015;1.0877075
a;13222350969409;9.228714;-3.143631;1.0963745
a;13222371111011;9.246323;-3.1551056;1.0068665
a;13222391252613;9.238464;-3.1719055;0.98747253
a;13222411394214;9.160355;-3.1568909;1.0070801
a;13222431535816;9.122223;-3.136612;1.023407
a;13222451677417;9.213196;-3.1116333;1.0455017
a;13222471819019;9.29335;-3.2024994;1.0508728
a;13222491960620;9.1705475;-3.2139435;1.0548553
a;13222512102222;9.192139;-3.158844;1.0839233
a;13222532243823;9.192703;-3.2534485;1.055069
a;13222552385425;9.238037;-3.229248;1.0440216
a;13222572527027;9.247192;-3.1969757;1.0301361
a;13222592668628;9.223297;-3.2053833;1.0127411
a;13222612810230;9.169281;-3.190094;0.9899597
a;13222632951831;9.196762;-3.1777039;0.9931793
a;13222653093433;9.189392;-3.171524;1.056366
a;13222673235034;9.162659;-3.1702728;1.0872955
a;13222693376636;9.143555;-3.2117615;1.0715485
a;13222713518238;9.2043;-3.2030945;1.0097046
a;13222733659839;9.251923;-3.183319;0.98757935
a;13222753801441;9.276108;-3.2370605;0.9230499
a;13222773943042;9.228119;-3.097412;1.0342865
a;13222794084644;9.186905;-3.073166;1.0927124
a;13222814226245;9.2135315;-3.1455994;1.0283813
a;13222834367847;9.227905;-3.153534;0.97435
a;13222854509448;9.2226715;-3.2073212;1.0310669
a;13222874651050;9.199753;-3.296692;1.1061707
a;13222894792652;9.171005;-3.377243;1.2212067
a;13222914934253;9.185959;-3.563034;1.5759125
a;13222935075855;9.255737;-4.508209;1.5177917
a;13222955217456;9.945541;-6.0971375;1.4980316
a;13222975359058;10.036133;-6.352539;1.8799744
a;13222995500659;10.07399;-5.1632233;3.3600922
a;13223015642261;10.32399;-5.2704163;4.5177765
a;13223035783863;10.343735;-6.1947784;4.5301666
a;13223055925464;10.269424;-6.787201;4.3410797
a;13223076067066;10.093582;-7.434265;3.9738617
a;13223096208667;9.711777;-7.584732;3.542801
a;13223116350269;9.695145;-7.4868927;4.157303
a;13223136491870;9.956268;-7.4532776;5.044647
a;13223156633472;9.769714;-6.930435;5.429001
a;13223176775073;9.23851;-6.459976;5.7908325
a;13223196916675;8.725388;-6.32753;5.780731
a;13223217058277;7.8552704;-5.6979218;5.486786
a;13223237199878;6.907074;-5.0887756;5.587799
a;13223257341480;6.341629;-4.585541;5.6052856
a;13223277483081;5.9974823;-4.4611206;5.7366943
a;13223297624683;5.5293427;-4.13295;5.5472565
a;13223317766284;4.926132;-3.9165344;5.6541443
a;13223337907886;4.220932;-2.8152313;5.787033
a;13223358049488;3.5920715;-2.0407715;6.270233
a;13223378191089;3.2705688;-2.343811;6.60318
a;13223398332691;2.8721008;-2.044876;6.7120667
a;13223418474292;2.1912231;-1.4750366;6.621048
a;13223438615894;1.6548309;-1.2720642;6.7105255
a;13223458757495;1.4901123;-1.3726654;7.2442627
a;13223478899097;1.3046875;-1.5952454;7.4972076
a;13223499040698;0.9475708;-1.592865;7.65448
a;13223519182300;0.6842346;-1.4581451;7.645645
a;13223539323902;0.54963684;-0.84510803;7.75235
a;13223559465503;0.27537537;-0.886673;7.8558197
a;13223579607105;0.25938416;-1.0306244;8.123932
a;13223599748706;0.1327362;-1.0066223;8.237259
a;13223619890308;-0.22857666;-0.8387451;8.384384
a;13223640031909;-0.42774963;-0.5719147;8.503281
a;13223660173511;-0.31895447;-0.530838;8.87796
a;13223680315113;-0.30670166;-0.67041016;8.9300995
a;13223700456714;-0.90522766;-0.31896973;8.767151
a;13223720598316;-0.64707947;-0.17849731;9.109528
a;13223740739917;-0.25856018;-0.25881958;8.879654
a;13223760881519;-0.46218872;-0.35342407;9.114624
a;13223781023120;-0.53460693;-0.1161499;9.330521
a;13223801164722;-0.4638214;0.16821289;9.530853
a;13223821306323;-0.45365906;0.4194641;9.538055
a;13223841447925;-0.40348816;0.5560608;9.640778
a;13223861589527;0.009292603;0.2829895;9.929169
a;13223881731128;-0.001953125;0.2144165;10.188461
a;13223901872730;-0.18127441;0.5109253;10.06485
a;13223922014331;-0.2720337;0.62031555;9.813705
a;13223942155933;-0.16729736;0.5204468;9.778976
a;13223962297534;-0.19946289;0.424057;9.670013
