a;13307670805406;0.2772522;3.1204681;8.880051
a;13307690947008;0.46809387;3.5199738;9.061218
a;13307711088609;0.05845642;3.3384552;8.81691
a;13307731230211;0.24006653;3.16185;8.851685
a;13307751371812;0.08706665;3.0286407;8.755661
a;13307771513414;0.2461853;3.0325165;8.820984
a;13307791655016;0.4103241;3.4634247;9.024979
a;13307811796617;1.7462769;3.915207;9.002228
a;13307831938219;0.40016174;2.8004303;8.292511
a;13307852079820;0.5260315;2.6569672;8.589539
a;13307872221422;1.1065826;2.9369354;9.001617
a;13307892363023;0.56915283;2.9477234;9.054321
a;13307912504625;0.78256226;2.6428833;8.940735
a;13307932646226;0.9182892;2.3903809;8.964554
a;13307952787828;2.2055664;1.9621277;9.297913
a;13307972929430;1.5124512;2.379303;9.795471
a;13307993071031;0.7679901;2.4683228;9.773697
a;13308013212633;0.4249878;2.115036;10.41011
a;13308033354234;-0.2929077;1.4997406;10.848038
a;13308053495836;-1.5168762;0.57411194;11.486511
a;13308073637437;-2.5354004;0.02973938;10.392075
a;13308093779039;-3.2493134;-0.5286102;9.675049
a;13308113920641;-3.737381;-1.7470703;9.023178
a;13308134062242;-3.889557;-3.716034;7.12764
a;13308154203844;-4.156021;-5.360306;6.056305
a;13308174345445;-3.8821106;-5.289093;5.96933
a;13308194487047;-3.1042938;-4.943695;6.206955
a;13308214628648;-2.5618439;-4.647827;6.0331116
a;13308234770250;-2.3518066;-5.197281;6.1705017
a;13308254911851;-1.921814;-5.4488983;6.0390015
a;13308275053453;-1.437149;-5.992935;6.353195
a;13308295195055;-1.5853729;-6.616867;6.8175354
a;13308315336656;-1.0746918;-7.184906;7.662445
a;13308335478258;-0.47821045;-7.459854;9.062927
a;13308355619859;-0.44703674;-7.5341644;9.169632
a;13308375761461;-0.9853821;-7.530716;7.9765167
a;13308395903062;-1.6513672;-7.108261;6.992386
a;13308416044664;-2.173706;-6.753784;6.63443
a;13308436186266;-2.2013702;-7.180069;5.887741
a;13308456327867;-2.2418518;-8.40744;5.305588
a;13308476469469;-2.5447693;-7.9526367;6.116638
a;13308496611070;-1.9158783;-6.8018646;8.197189
a;13308516752672;-1.2920685;-7.903961;8.752533
a;13308536894273;-1.64534;-8.186066;7.698929
a;13308557035875;-1.8694305;-6.766144;6.598755
a;13308577177476;-1.5824127;-5.5590363;7.055542
a;13308597319078;-1.4717407;-5.342087;7.424362
a;13308617460680;-1.9319916;-5.016739;7.3087463
a;13308637602281;-2.2380066;-5.9571075;6.27388
a;13308657743883;-2.4816742;-7.2311096;5.5421143
a;13308677885484;-2.690384;-7.287567;6.26593
a;13308698027086;-2.4858856;-7.2845917;7.025955
a;13308718168687;-2.3079834;-7.749466;6.5800476
a;13308738310289;-2.3430328;-8.094696;5.989609
a;13308758451891;-2.280182;-7.8951874;5.7369385
a;13308778593492;-2.0776215;-7.7221527;5.801117
a;13308798735094;-1.6499634;-7.695282;5.990677
a;13308818876695;-1.6995239;-7.9239655;5.926285
a;13308839018297;-1.8859253;-7.670944;6.0440216
a;13308859159898;-1.8725891;-7.7039948;5.877014
a;13308879301500;-1.9382019;-7.8359528;5.8285065
a;13308899443101;-1.9323578;-7.753311;5.992462
a;13308919584703;-1.943512;-7.827057;6.0022583
a;13308939726305;-2.1138306;-7.9250793;5.850769
a;13308959867906;-2.0910492;-7.8651123;5.887726
a;13308980009508;-1.9769135;-8.022736;5.863098
a;13309000151109;-2.035263;-8.260666;5.64032
a;13309020292711;-2.0014954;-8.331512;6.571106
a;13309040434312;-2.2244873;-7.5407867;6.9290314
a;13309060575914;-1.9315491;-7.852295;6.454361
a;13309080717516;-1.7562561;-7.816818;6.673233
a;13309100859117;-1.8162842;-7.8717346;6.375412
a;13309121000719;-1.88031;-6.8940277;6.425232
a;13309141142320;-1.8288422;-6.4831543;6.5278473
a;13309161283922;-1.999115;-6.830429;6.1425323
a;13309181425523;-2.1128845;-7.0167847;6.000473
a;13309201567125;-2.1233063;-7.3698425;5.86821
a;13309221708726;-2.1983795;-7.566864;5.5758667
a;13309241850328;-2.274887;-7.3944855;5.785858
a;13309261991930;-2.2778625;-7.363327;6.0526733
a;13309282133531;-2.1947174;-7.7791595;5.847824
a;13309302275133;-2.242691;-8.170105;5.679245
a;13309322416734;-2.2234802;-8.11055;5.678879
a;13309342558336;-2.0677185;-7.9945374;5.95372
a;13309362699937;-2.0050812;-8.082825;6.0638123
a;13309382841539;-2.1107025;-8.154587;5.821884
a;13309402983141;-2.0826569;-8.306671;5.6091003
a;13309423124742;-2.0561829;-8.326538;5.416107
a;13309443266344;-2.0346985;-8.331863;5.242218
a;13309463407945;-2.0515747;-8.455566;5.2286835
a;13309483549547;-2.0642242;-8.380768;5.241928
a;13309503691148;-2.0027618;-8.155212;5.39505
a;13309523832750;-1.9091187;-8.040222;5.5365753
a;13309543974351;-1.9004211;-8.003464;5.6916504
a;13309564115953;-1.919632;-7.7496033;5.7929077
a;13309584257555;-1.9591522;-7.754135;5.7160645
a;13309604399156;-2.001587;-7.838318;5.632431
a;13309624540758;-1.9741669;-7.9627075;5.673584
a;13309644682359;-2.07901;-8.043762;5.717758
a;13309664823961;-2.264557;-7.962021;5.603592
a;13309684965562;-2.153717;-7.922455;5.451233
a;13309705107164;-2.0959473;-7.8742065;5.3075714
a;13309725248766;-2.06456;-7.96196;5.1259155
a;13309745390367;-1.9426422;-7.9960938;5.3743744
a;13309765531969;-1.7230988;-8.150986;5.672821
a;13309785673570;-1.5231628;-8.039642;7.081421
a;13309805815172;-1.6304626;-7.1728363;7.828003
a;13309825956773;-1.5342407;-6.623535;7.776993
a;13309846098375;-1.6164246;-6.5878754;7.0139465
a;13309866239976;-1.860611;-7.4188538;6.2808075
a;13309886381578;-1.8293915;-7.81192;5.7010345
a;13309906523180;-1.8877716;-8.348022;5.2201385
a;13309926664781;-2.1387634;-8.187866;5.6539
a;13309946806383;-2.1544037;-8.35054;5.4766846
a;13309966947984;-2.242508;-8.441101;5.168228
a;13309987089586;-2.1881104;-8.305695;5.2129517
a;13310007231187;-2.0541382;-8.21637;5.331848
a;13310027372789;-1.9216309;-8.216919;5.2966003
a;13310047514391;-1.907608;-8.19252;5.247452
a;13310067655992;-1.9298859;-8.210556;5.20874
a;13310087797594;-1.8647766;-8.365829;5.221695
a;13310107939195;-1.855011;-8.360748;5.269409
a;13310128080797;-1.8745422;-8.188568;5.3352356
a;13310148222398;-1.9629822;-8.087555;5.3581085
a;13310168364000;-1.9542694;-8.026581;5.4148865
a;13310188505601;-1.9941559;-8.123032;5.4692993
a;13310208647203;-1.9838257;-8.146591;5.5060425
a;13310228788805;-1.9623413;-8.2022705;5.417938
a;13310248930406;-2.010559;-8.250107;5.392868
a;13310269072008;-1.9731293;-8.2695465;5.366455
a;13310289213609;-1.9639893;-8.237061;5.3851776
a;13310309355211;-1.9086304;-8.176498;5.488205
a;13310329496812;-1.9335785;-8.183945;5.381851
a;13310349638414;-1.9695129;-8.194183;5.3994293
a;13310369780016;-1.9124603;-8.244537;5.393051
a;13310389921617;-1.9094543;-8.310867;5.35907
a;13310410063219;-1.9875793;-8.222275;5.3440857
a;13310430204820;-1.9647064;-8.223312;5.3594513
a;13310450346422;-1.986557;-8.271149;5.359024
a;13310470488023;-1.944397;-8.315491;5.3803864
a;13310490629625;-1.9093933;-8.451324;5.3864136
a;13310510771226;-1.9656067;-8.387726;5.282776
a;13310530912828;-1.9906464;-8.314117;5.312668
a;13310551054430;-1.9413452;-8.313385;5.305069
a;13310571196031;-1.9435577;-8.32019;5.2773895
a;13310591337633;-1.9310303;-8.33107;5.272156
a;13310611479234;-1.9767761;-8.324432;5.197647
a;13310631620836;-2.012207;-8.243134;5.1864777
a;13310651762437;-1.9875793;-8.227676;5.2119293
a;13310671904039;-1.95401;-8.369766;5.123871
a;13310692045641;-2.012848;-8.479813;5.0711517
a;13310712187242;-1.9552765;-8.516037;5.032608
a;13310732328844;-1.9607239;-8.505295;5.1172333
a;13310752470445;-2.0229645;-8.439163;5.1314545
a;13310772612047;-1.9838257;-8.371582;5.14122
a;13310792753648;-1.9482422;-8.344406;5.283264
a;13310812895250;-1.9615784;-8.392059;5.243149
a;13310833036851;-1.8940277;-8.435913;5.2053833
a;13310853178453;-1.9064178;-8.436066;5.245346
a;13310873320055;-1.9721375;-8.304825;5.309021
a;13310893461656;-1.9221191;-8.285492;5.2182465
a;13310913603258;-1.9096069;-8.341644;5.155594
a;13310933744859;-1.9225159;-8.448151;5.0971375
a;13310953886461;-1.9266357;-8.40152;5.1131134
a;13310974028062;-1.9788666;-8.334717;5.179764
a;13310994169664;-1.9918365;-8.33847;5.165756
a;13311014311266;-1.9612122;-8.387329;5.2026978
a;13311034452867;-1.906662;-8.420212;5.1834106
a;13311054594469;-1.9744263;-8.364624;5.1286163
a;13311074736070;-1.9849854;-8.28566;5.174515
a;13311094877672;-1.9770355;-8.334305;5.097412
a;13311115019273;-1.960083;-8.485565;5.1032867
a;13311135160875;-1.9589691;-8.480804;5.0789948
a;13311155302476;-1.8863983;-8.473724;4.950424
a;13311175444078;-1.6469574;-8.488403;5.421982
a;13311195585680;-1.6799469;-8.036118;5.9676514
a;13311215727281;-1.6255798;-7.7101593;6.0131226
a;13311235868883;-1.4888;-7.611603;5.821457
a;13311256010484;-1.6313477;-8.474533;5.1731415
a;13311276152086;-1.7626648;-8.788696;5.0625305
a;13311296293687;-1.8614349;-8.959473;4.473465
a;13311316435289;-2.002472;-8.819214;4.5773315
a;13311336576891;-2.1353455;-8.6562805;4.7786713
a;13311356718492;-2.1488647;-8.716385;4.8476563
a;13311376860094;-2.0582428;-8.599136;4.9079285
a;13311397001695;-2.0069885;-8.492874;4.9519653
a;13311417143297;-1.9433594;-8.462509;4.8836365
a;13311437284898;-1.8985596;-8.476883;4.87883
a;13311457426500;-1.8339233;-8.5550995;4.904602
a;13311477568101;-1.7855225;-8.584061;4.977707
a;13311497709703;-1.8263855;-8.626297;5.038513
a;13311517851305;-1.8871765;-8.481522;5.064621
a;13311537992906;-1.8591309;-8.322769;5.1499023
a;13311558134508;-1.8113403;-8.291992;5.139969
a;13311578276109;-1.7702179;-8.26886;5.1221313
a;13311598417711;-1.6671143;-8.29509;4.9798737
a;13311618559312;-1.6539764;-8.2152405;4.888504
a;13311638700914;-1.5993958;-8.12854;4.852783
a;13311658842516;-1.497467;-7.9611664;4.8852386
a;13311678984117;-1.1925812;-7.687088;5.0221405
a;13311699125719;-0.8818512;-7.4150696;5.0676727
a;13311719267320;-0.73391724;-7.216461;4.756836
a;13311739408922;-0.63331604;-7.1221924;4.626404
a;13311759550523;-0.23652649;-6.568466;4.835037
a;13311779692125;0.15995789;-6.3863983;5.2164917
a;13311799833726;0.424057;-6.9809875;5.343994
a;13311819975328;0.5551605;-7.279724;5.3000183
a;13311840116930;0.3836975;-6.929474;5.3858795
a;13311860258531;0.3557434;-6.611908;5.4661713
a;13311880400133;0.595459;-6.7869263;5.9365845
a;13311900541734;0.942276;-6.7773743;6.2192993
a;13311920683336;1.2121735;-7.211975;5.983597
a;13311940824937;1.1142273;-6.9944763;5.396393
a;13311960966539;1.1495209;-6.8476105;4.9639587
a;13311981108141;1.4113159;-6.983429;4.73674
a;13312001249742;1.7193909;-6.78566;4.3296356
a;13312021391344;1.873642;-6.464691;4.338501
a;13312041532945;2.3806305;-7.236374;4.4297333
a;13312061674547;3.0070496;-7.8530273;4.4219666
a;13312081816148;3.3827362;-7.16835;4.3269043
a;13312101957750;3.8926392;-6.8602295;4.111908
a;13312122099351;4.587784;-7.534683;4.072891
a;13312142240953;5.2529907;-7.832947;3.9456635
a;13312162382555;5.4987335;-7.0424194;3.628601
a;13312182524156;5.857132;-6.675934;3.6303406
a;13312202665758;6.85347;-7.7835236;3.7468414
a;13312222807359;7.897476;-8.3013;3.279541
a;13312242948961;8.315018;-7.045532;3.0003967
a;13312263090562;8.710373;-6.251648;2.8772125
a;13312283232164;9.184662;-6.1738586;2.8933258
a;13312303373766;9.517334;-5.8591156;3.1978912
a;13312323515367;9.869995;-5.5354767;3.1364288
a;13312343656969;10.45816;-5.5361633;2.9298248
a;13312363798570;11.094482;-5.718582;2.5526276
a;13312383940172;11.408615;-5.649048;2.2265778
a;13312404081773;11.37764;-5.389984;1.716629
a;13312424223375;11.438034;-5.1516724;1.4823456
a;13312444364976;11.499008;-4.877472;1.6534882
a;13312464506578;11.112106;-4.684082;1.9952545
a;13312484648180;10.37442;-4.54982;2.000412
a;13312504789781;9.805832;-4.325638;1.8475037
a;13312524931383;9.52417;-4.031662;1.6921234
a;13312545072984;9.425293;-3.5946045;1.5686798
a;13312565214586;9.668259;-3.1733398;1.4736328
a;13312585356187;9.536179;-2.7720642;1.3934479
a;13312605497789;9.158203;-2.278595;1.682724
a;13312625639391;9.03186;-1.7615051;1.9920044
a;13312645780992;8.830414;-1.920929;1.7423859
a;13312665922594;8.414322;-2.5828705;1.3311462
a;13312686064195;8.462036;-3.1807861;1.1207886
a;13312706205797;8.874924;-3.4989471;0.7768097
a;13312726347398;9.117905;-3.6429596;0.4342804
a;13312746489000;9.002121;-3.4852448;0.23635864
a;13312766630601;9.231277;-3.1513367;0.28831482
a;13312786772203;9.519699;-2.8986664;0.54953
a;13312806913805;9.4427185;-2.758957;0.85084534
a;13312827055406;9.360168;-2.517517;0.7894592
a;13312847197008;9.471054;-2.327896;0.4036255
a;13312867338609;9.370117;-2.1689148;0.52020264
a;13312887480211;8.948837;-1.9276428;0.6315613
a;13312907621812;9.30072;-2.2154694;0.73558044
a;13312927763414;9.93692;-2.7485352;0.788147
a;13312947905016;9.862198;-2.9397278;0.9608307
a;13312968046617;9.33609;-2.7628326;0.8667755
a;13312988188219;9.013611;-2.5119934;0.69493103
a;13313008329820;9.2668;-2.4837494;0.76441956
a;13313028471422;9.255463;-2.6721802;0.62142944
a;13313048613023;9.08577;-2.649994;0.32730103
a;13313068754625;9.288971;-2.6013947;0.19970703
a;13313088896226;9.528717;-2.5460052;0.2632599
a;13313109037828;9.80835;-2.3875275;0.48335266
a;13313129179430;9.775009;-2.1934814;0.7105255
a;13313149285406;9.157959;-2.058319;0.7218323
a;13313169427008;8.831589;-2.2101288;0.52012634
a;13313189568609;9.648392;-2.6229248;0.6260681
a;13313209710211;10.058304;-2.8901215;0.9482269
a;13313229851812;9.708405;-2.7966003;1.0839386
a;13313249993414;9.337738;-2.7962036;0.7830353
a;13313270135016;8.923569;-2.4827423;0.7108917
a;13313290276617;8.476883;-2.0186005;0.41204834
a;13313310418219;9.333176;-1.6882324;0.13891602
a;13313330559820;10.730804;-2.036911;0.16682434
a;13313350701422;10.987305;-2.7881622;0.31254578
a;13313370843023;10.145859;-2.9334564;0.72724915
a;13313390984625;9.535934;-2.5329742;0.9774933
a;13313411126226;9.631058;-2.0914154;0.7990875
a;13313431267828;9.632462;-2.056015;0.664917
a;13313451409430;8.684357;-2.164215;0.7473602
a;13313471551031;7.9555206;-2.090622;0.78004456
a;13313491692633;7.951828;-1.9279785;0.68518066
a;13313511834234;8.629929;-1.9170227;0.63438416
a;13313531975836;9.494431;-2.111023;0.4451294
a;13313552117437;10.164993;-2.4062958;0.4316864
a;13313572259039;10.09787;-2.6693878;0.61735535
a;13313592400641;9.447876;-2.5897675;0.917511
a;13313612542242;9.156189;-2.3387299;0.7105408
a;13313632683844;9.82103;-2.0478973;0.12966919
a;13313652825445;10.270706;-2.1767578;0.13981628
a;13313672967047;9.923187;-2.4550323;0.65901184
a;13313693108648;9.450638;-2.6471405;1.2803955
a;13313713250250;9.360062;-2.5856628;1.2728119
a;13313733391851;9.259247;-2.5688171;1.0018921
a;13313753533453;8.831665;-2.549408;1.0225983
a;13313773675055;8.454239;-2.4597626;0.8982086
a;13313793816656;8.899002;-2.3746643;0.35336304
a;13313813958258;9.301239;-2.471756;0.32583618
a;13313834099859;9.352997;-2.5682068;0.6097107
a;13313854241461;9.578857;-2.6728058;0.6239319
a;13313874383062;9.583069;-2.9086304;0.5636139
a;13313894524664;9.453293;-3.087082;0.54551697
a;13313914666266;9.725021;-3.0811005;0.60272217
a;13313934807867;9.901978;-3.0579987;0.76956177
a;13313954949469;9.838638;-3.1265411;0.87623596
a;13313975091070;9.698013;-3.0549316;0.9763031
a;13313995232672;9.5429535;-3.0105286;0.9618225
a;13314015374273;9.320297;-2.7654877;1.2279053
a;13314035515875;9.2881775;-2.645279;1.2481079
a;13314055657476;9.510117;-2.7342377;1.082077
a;13314075799078;9.652008;-2.8976593;0.9488983
a;13314095940680;9.433914;-3.0720673;0.86535645
a;13314116082281;9.179871;-3.2167969;0.8038635
a;13314136223883;8.990051;-3.2799988;0.743927
a;13314156365484;8.941513;-3.2262573;0.68304443
a;13314176507086;9.125885;-3.0714111;0.6966095
a;13314196648687;9.297485;-3.0603485;0.7850189
a;13314216790289;9.239517;-3.0006561;0.8695526
a;13314236931891;9.184891;-2.925583;0.95376587
a;13314257073492;9.156754;-2.8034973;0.9217987
a;13314277215094;9.156342;-2.7878265;0.9068756
a;13314297356695;9.212082;-2.8156433;0.87490845
a;13314317498297;9.231873;-2.718872;0.80911255
a;13314337639898;9.21051;-2.6550293;0.90426636
a;13314357781500;9.311264;-2.6382751;0.997818
a;13314377923101;9.338257;-2.7324371;1.0024872
a;13314398064703;9.158981;-2.9860382;0.94973755
a;13314418206305;9.084503;-3.1677704;0.9328613
a;13314438347906;9.12117;-3.3029175;1.0205994
a;13314458489508;9.19722;-3.3635712;1.0700684
a;13314478631109;9.14032;-3.4487457;1.0755157
a;13314498772711;9.020752;-3.5285187;1.1164246
a;13314518914312;9.031921;-3.5727081;1.1456757
a;13314539055914;9.115173;-3.5513458;1.1176147
a;13314559197516;9.180527;-3.5619354;1.0753479
a;13314579339117;9.204544;-3.5196075;1.045105
a;13314599480719;9.193558;-3.4522705;1.0235596
a;13314619622320;9.164398;-3.3819122;1.0353241
a;13314639763922;9.138596;-3.2831573;1.0043335
a;13314659905523;9.139709;-3.2479706;0.96099854
a;13314680047125;9.141022;-3.1878357;0.9983368
a;13314700188726;9.151611;-3.1598053;1.0174255
a;13314720330328;9.252304;-3.1787567;0.9789276
a;13314740471930;9.252945;-3.1496735;0.94192505
a;13314760613531;9.149994;-3.1451263;0.89533997
a;13314780755133;9.104858;-3.1645355;0.9285126
a;13314800896734;9.145676;-3.1807098;0.981308
a;13314821038336;9.275253;-3.2350922;1.0054169
a;13314841179937;9.311722;-3.2663116;0.9675751
a;13314861321539;9.178757;-3.269806;1.0039063
a;13314881463141;9.101715;-3.2852783;1.0092316
a;13314901604742;9.156113;-3.364746;0.99076843
a;13314921746344;9.233627;-3.351059;0.9929657
a;13314941887945;9.208649;-3.3210144;1.024353
a;13314962029547;9.174774;-3.3522186;1.0456696
a;13314982171148;9.093201;-3.3556366;1.0543976
a;13315002312750;9.112671;-3.3694;1.0263062
a;13315022454351;9.194;-3.3900146;0.9791565
a;13315042595953;9.160767;-3.3642273;0.9837189
a;13315062737555;9.13765;-3.3175964;0.93907166
a;13315082879156;9.180222;-3.298935;0.9107361
a;13315103020758;9.153503;-3.244629;0.8691559
a;13315123162359;9.18013;-3.2293854;0.93666077
a;13315143303961;9.1427;-3.213379;0.9964752
a;13315163445562;9.162231;-3.18956;0.9997711
a;13315183587164;9.238266;-3.2151031;0.9187012
a;13315203728766;9.203766;-3.2728882;0.86628723
a;13315223870367;9.188232;-3.283554;0.90263367
a;13315244011969;9.222412;-3.2759705;0.9323883
a;13315264153570;9.223755;-3.2772064;0.9363251
a;13315284295172;9.193161;-3.2644043;0.9416809
a;13315304436773;9.125168;-3.2817535;0.96051025
a;13315324578375;9.128723;-3.2779083;0.97073364
a;13315344719976;9.173462;-3.2833862;0.93917847
a;13315364861578;9.180511;-3.2994843;0.9053345
a;13315385003180;9.165375;-3.3261108;0.93595886
a;13315405144781;9.176773;-3.2592468;0.981308
a;13315425286383;9.201614;-3.2850647;0.92933655
a;13315445427984;9.194702;-3.3014069;0.9395752
a;13315465569586;9.142502;-3.2859192;1.0025024
a;13315485711187;9.163162;-3.2961884;1.0285034
a;13315505852789;9.22316;-3.3310852;0.9362488
a;13315525994391;9.194504;-3.3603058;0.9101105
a;13315546135992;9.174591;-3.3608398;0.99494934
a;13315566277594;9.164764;-3.3496094;0.9917908
a;13315586419195;9.205338;-3.3135223;0.9490051
a;13315606560797;9.265564;-3.3598938;0.93930054
a;13315626702398;9.189575;-3.360199;1.0101471
a;13315646844000;9.187347;-3.3388977;0.94892883
a;13315666985601;9.148392;-3.347458;0.9508972
a;13315687127203;9.169342;-3.2970123;0.90675354
a;13315707268805;9.184631;-3.272522;0.9124756
a;13315727410406;9.1362915;-3.2818909;0.9226532
a;13315747552008;9.146545;-3.252945;0.9366913
a;13315767693609;9.177017;-3.265335;0.9236145
a;13315787835211;9.174606;-3.3018494;0.90904236
a;13315807976812;9.175308;-3.2976532;0.9189453
a;13315828118414;9.2057495;-3.2917023;0.9078064
a;13315848260016;9.177261;-3.2742615;0.9276886
a;13315868401617;9.142502;-3.2975159;0.94436646
a;13315888543219;9.1184845;-3.29393;0.923584
a;13315908684820;9.131592;-3.3274689;0.9295044
a;13315928826422;9.111176;-3.337143;0.957077
a;13315948968023;9.081909;-3.3782501;0.9579773
a;13315969109625;9.10817;-3.3797607;0.96635437
a;13315989251226;9.108459;-3.3893738;0.9438782
a;13316009392828;9.016983;-3.369461;0.9415436
a;13316029534430;9.021088;-3.3927002;1.0471497
a;13316049676031;8.809586;-3.4416656;1.3263245
a;13316069817633;8.51442;-3.8801727;1.7598419
a;13316089959234;9.302536;-4.98172;3.0350647
a;13316110100836;11.488205;-6.1634064;6.0847626
a;13316130242437;13.410065;-7.173752;5.9400635
a;13316150384039;15.808899;-12.327789;3.981659
a;13316170525641;19.323074;-19.130142;4.2265167
a;13316190667242;19.495438;-19.998825;5.869629
a;13316210808844;19.495438;-20.031967;5.0188293
a;13316230950445;19.495438;-19.799042;3.853714
a;13316251092047;19.495438;-16.475372;2.4498749
a;13316271233648;16.80951;-10.98291;-1.3600922
a;13316291375250;12.899536;-3.081253;-6.380493
a;13316311516851;12.396179;3.7349548;-10.466934
a;13316331658453;12.439713;9.828857;-15.377228
a;13316351800055;8.560669;18.789032;-15.112793
a;13316371941656;-5.855133;18.967438;-15.925888
a;13316392083258;-0.54211426;18.967438;-14.47113
a;13316412224859;15.731735;18.967438;1.0706024
a;13316432366461;6.591034;10.492538;5.181137
a;13316452508062;8.383621;-15.205185;2.986908
a;13316467614264;19.029556;-20.031967;-10.2603
a;13316487755865;18.669312;-20.031967;11.210754
a;13316507897467;10.034424;-20.031967;13.539093
a;13316528039068;5.992279;-17.270874;0.78904724
a;13316548180670;9.451675;-1.8255157;-4.3476715
a;13316568322271;18.139923;14.844772;-5.6931458
a;13316588463873;14.968109;18.967438;-9.945007
a;13316608605475;-4.1690826;18.967438;-13.632172
a;13316628747076;-0.23414612;18.967438;-10.633026
a;13316648888678;11.812897;18.682571;-0.27598572
a;13316669030279;8.367554;-2.9990692;7.411606
a;13316689171881;10.479141;-20.031967;1.8439484
a;13316709313482;1.0771179;-20.031967;-5.426773
a;13316729455084;1.8959961;-20.031967;16.926483
a;13316749596685;3.7358856;-18.981934;3.7818298
a;13316769738287;5.8325653;-5.0942993;-11.289551
a;13316789879889;16.805878;14.255844;-11.620316
a;13316810021490;14.682007;18.967438;-7.382141
a;13316830163092;-5.5027924;18.967438;-10.411224
a;13316850304693;7.970932;18.967438;-9.558853
a;13316870446295;16.43364;15.991394;-6.9503174
a;13316890587896;14.299927;-10.123322;0.9562378
a;13316910729498;14.055115;-20.031967;-5.6127625
a;13316930871100;2.207077;-20.031967;6.081665
a;13316951012701;0.54537964;-20.031967;15.191635
a;13316971154303;1.5157928;-18.382889;3.536148
a;13316991295904;6.1121063;-3.820572;-8.302139
a;13317011437506;17.107208;15.98407;-10.126923
a;13317031579107;15.076767;18.967438;-7.698181
a;13317051720709;-3.7239685;18.967438;-9.432022
a;13317071862310;6.2436523;18.967438;-8.286407
a;13317092003912;13.683823;10.765579;-5.7380524
a;13317112145514;13.165543;-11.194107;2.7587433
a;13317132287115;12.085922;-20.031967;3.730484
a;13317152428717;7.120102;-20.031967;8.913696
a;13317172570318;3.38945;-20.031967;13.0238495
a;13317192711920;0.38635254;-19.161484;4.7714844
a;13317212853521;-1.5058594;-7.0099335;0.3039093
a;13317232995123;0.770401;5.040222;-1.551117
a;13317253136725;4.131668;18.756317;-1.7181091
a;13317273278326;2.9272156;18.967438;-3.5026093
a;13317293419928;-1.9770355;18.967438;-5.0400696
a;13317313561529;2.1972961;15.930206;-3.994339
a;13317333703131;5.2140503;5.747299;-2.7003021
a;13317353844732;5.476181;-1.5677795;0.44984436
a;13317373986334;6.319046;-8.658997;3.8539581
a;13317394127935;7.408966;-8.796143;0.53619385
a;13317414269537;9.457718;-12.101639;-0.6423187
a;13317434411139;13.993469;-17.403076;1.5300446
a;13317454552740;17.97702;-13.158997;3.7108765
a;13317474694342;19.495438;-7.3848877;4.027893
a;13317494835943;19.495438;-7.5001373;2.9849243
a;13317514977545;19.495438;-10.93956;2.0405731
a;13317535119146;19.490753;-10.851364;1.0401917
a;13317555260748;16.989655;-10.371674;0.06085205
a;13317575402350;12.055038;-8.620789;0.7601166
a;13317595543951;8.799454;-4.9870453;2.0466156
a;13317615685553;9.067413;-2.3325348;3.1547852
a;13317635827154;11.183441;-1.5719147;3.5342712
a;13317655968756;12.085571;-2.0851898;2.9587555
a;13317676110357;11.689972;-3.5628357;2.0864258
a;13317696251959;10.55368;-4.5977325;1.607254
a;13317716393560;9.235382;-4.999008;1.7989349
a;13317736535162;8.046753;-4.606018;1.9322968
a;13317756676764;6.803665;-3.7629395;2.0646667
a;13317776818365;5.883972;-2.9434814;2.3751678
a;13317796959967;5.4548492;-2.3199615;2.7466888
a;13317817101568;5.8089447;-2.2839813;2.9294739
a;13317837243170;7.115082;-2.621521;2.6284637
a;13317857384771;8.267212;-3.0596313;2.0154724
a;13317877526373;8.716888;-3.6876678;1.4788513
a;13317897667975;9.122528;-4.263092;1.1180267
a;13317917809576;9.771164;-4.643173;0.94873047
a;13317937951178;10.012619;-4.616638;0.8321533
a;13317958092779;9.626694;-4.372223;0.7376251
a;13317978234381;9.32724;-4.095932;0.7363434
a;13317998375982;9.465286;-3.936264;0.7838135
a;13318018517584;9.682571;-3.8102112;0.9338379
a;13318038659185;9.74704;-3.7866058;0.9749298
a;13318058800787;9.689697;-3.7201538;0.98194885
a;13318078942389;9.556961;-3.5496368;1.0777283
a;13318099083990;9.3862;-3.465454;1.1366119
a;13318119225592;9.155319;-3.4865723;1.0454102
a;13318139367193;8.830292;-3.5841675;0.703537
a;13318159508795;8.593567;-3.896759;0.18632507
a;13318179650396;8.583206;-4.506775;0.25106812
a;13318199791998;8.600479;-4.4774323;0.8769989
a;13318219933600;8.7148285;-4.01915;1.3967285
a;13318240075201;9.08992;-3.6933136;1.3742523
a;13318260216803;9.473633;-3.0175476;1.7181702
a;13318280358404;9.675659;-2.423996;2.0820618
a;13318300500006;9.877609;-2.1403046;1.9755859
a;13318320641607;10.058685;-2.1972504;1.8416138
a;13318340783209;9.978195;-2.248993;1.6628113
a;13318360924810;9.709106;-2.7171783;1.3293457
a;13318381066412;9.425018;-3.020813;1.0986023
a;13318401208014;9.21489;-3.244522;0.95944214
a;13318421349615;8.9678955;-3.4340363;0.7509308
a;13318441491217;8.8094635;-3.4461823;0.71873474
a;13318461632818;8.642792;-3.3904724;0.7459259
a;13318481774420;8.523666;-3.2055664;0.9514923
a;13318501916021;8.444061;-2.9464417;1.1848907
a;13318522057623;8.498886;-2.8348236;1.4794617
a;13318542199225;8.634369;-2.8303986;1.7248383
a;13318562340826;8.724655;-3.05159;1.708786
a;13318582482428;8.884033;-3.3539124;1.4314117
a;13318602624029;9.096832;-3.4974518;1.3825378
a;13318622765631;9.172211;-3.7624207;1.2595978
a;13318642907232;9.227661;-3.878128;1.1504669
a;13318663048834;9.233612;-3.8649597;1.1607819
a;13318683190435;9.278793;-3.819992;1.1670074
a;13318703332037;9.30014;-3.7531128;1.3053284
a;13318723473639;9.185852;-3.707138;1.4246674
a;13318743615240;9.083237;-3.6578064;1.3420258
a;13318763756842;9.059265;-3.7279205;1.2568512
a;13318783898443;8.95015;-3.7125092;1.2987518
a;13318804040045;8.898163;-3.6487427;1.3613586
a;13318824181646;8.923874;-3.6670227;1.299118
a;13318844323248;8.963699;-3.6997528;1.2113495
a;13318864464850;9.009476;-3.6665344;1.275177
a;13318884606451;9.028198;-3.6758728;1.1988678
a;13318904748053;9.034195;-3.6683807;1.1969604
a;13318924889654;9.013306;-3.6992645;1.1904755
a;13318945031256;9.086243;-3.7542877;1.2117462
a;13318965172857;9.141388;-3.7496948;1.2737579
a;13318985314459;9.088669;-3.6904907;1.3240051
a;13319005456060;9.054108;-3.6132813;1.3796539
a;13319025597662;9.046478;-3.5245056;1.3987122
a;13319045739264;9.022415;-3.472519;1.3625793
a;13319065880865;9.059509;-3.4720001;1.2820435
a;13319086022467;9.1163025;-3.4594574;1.2675476
a;13319106164068;9.09964;-3.481247;1.2255096
a;13319126305670;9.076584;-3.4778137;1.1828613
a;13319146447271;9.08461;-3.4489288;1.2187958
a;13319166588873;9.091766;-3.4608154;1.2612152
a;13319186730475;9.074661;-3.448166;1.280365
a;13319206872076;9.073624;-3.4391174;1.2361298
a;13319227013678;9.04126;-3.456131;1.1811066
a;13319247155279;9.054169;-3.5091858;1.1991119
a;13319267296881;9.072861;-3.5223236;1.229538
a;13319287438482;9.072861;-3.5366821;1.2236786
a;13319307580084;9.050171;-3.5392303;1.2698059
a;13319327721685;9.0203705;-3.5061646;1.3154907
a;13319347863287;9.01004;-3.5154114;1.3006744
a;13319368004889;9.108429;-3.5;1.264389
a;13319388146490;9.148239;-3.4725952;1.2385101
a;13319408288092;9.074432;-3.4373932;1.2171783
a;13319428429693;9.056946;-3.4306183;1.2791595
a;13319448571295;9.055664;-3.4630585;1.2721558
a;13319468712896;9.077942;-3.4602356;1.3286743
a;13319488854498;9.086914;-3.4895172;1.3073883
a;13319508996100;9.11319;-3.5115051;1.2583618
a;13319529137701;9.078522;-3.5363007;1.2580261
a;13319549279303;9.031479;-3.541275;1.3143005
a;13319569420904;9.02977;-3.5355225;1.3156433
a;13319589562506;9.012283;-3.527588;1.3174133
a;13319609704107;8.996719;-3.537613;1.3359222
a;13319629845709;9.062424;-3.5700073;1.2680359
a;13319649987310;9.059113;-3.5813599;1.3219604
a;13319670128912;9.066528;-3.5622406;1.3733978
a;13319690270514;9.053543;-3.550476;1.3216553
a;13319710412115;9.01886;-3.5587616;1.3319244
a;13319730553717;9.030655;-3.5440674;1.3553619
a;13319750695318;9.053696;-3.541214;1.3359375
a;13319770836920;9.058365;-3.5209045;1.3049469
a;13319790978521;9.053467;-3.494995;1.2970886
a;13319811120123;9.048935;-3.4859161;1.3081818
a;13319831261725;9.061951;-3.5142365;1.3205566
a;13319851403326;9.04274;-3.4914703;1.3062592
a;13319871544928;9.0325775;-3.4812317;1.3597565
a;13319891686529;9.049713;-3.5046234;1.3365479
a;13319911828131;9.063339;-3.5351257;1.3487091
a;13319931969732;9.039871;-3.548233;1.3299866
a;13319952111334;9.047562;-3.528717;1.3463135
a;13319972252935;9.071823;-3.5422363;1.3711853
a;13319992394537;9.074448;-3.5537567;1.3303375
a;13320012536139;9.069565;-3.53273;1.3335419
a;13320032677740;9.055908;-3.502884;1.3632965
a;13320052819342;9.0550995;-3.5169525;1.3072205
a;13320072960943;9.065918;-3.4888458;1.3155212
a;13320093102545;9.085083;-3.4599152;1.2651062
a;13320113244146;9.058655;-3.4639893;1.2489014
a;13320133385748;9.054428;-3.4207;1.2849884
a;13320153527350;9.004425;-3.410141;1.2793121
a;13320173668951;9.067535;-3.4267578;1.2846222
a;13320193810553;9.117859;-3.4799957;1.3346558
a;13320213952154;9.052734;-3.49292;1.3451996
a;13320234093756;8.9831085;-3.518341;1.3685303
a;13320254235357;9.009644;-3.5428467;1.3799591
a;13320274376959;9.0898285;-3.6852112;1.3783722
a;13320294518560;9.246948;-3.9896698;1.5176392
a;13320314660162;9.620789;-4.5783234;1.9402924
a;13320334801764;10.021164;-5.3421936;2.828003
a;13320354943365;10.687958;-6.4242096;3.7483826
a;13320375084967;11.74498;-7.574875;4.6389923
a;13320395226568;12.201584;-9.033691;4.9940186
a;13320415368170;12.0854645;-10.009323;5.837631
a;13320435509771;11.913055;-10.56459;7.0376434
a;13320455651373;11.511948;-11.184036;7.564911
a;13320475792975;10.6119995;-11.744827;6.72316
a;13320495934576;9.540619;-11.507599;6.661743
a;13320516076178;8.232422;-10.175125;7.3360443
a;13320536217779;6.8565826;-9.585114;7.1592407
a;13320556359381;5.602646;-8.9157715;6.1742706
a;13320576500982;4.3539886;-8.145248;5.2805786
a;13320596642584;3.2090607;-7.2786713;4.2069855
a;13320611748785;2.3433685;-6.63118;3.9393463
a;13320631890387;1.5196838;-5.949768;4.237747
a;13320652031988;0.9769592;-5.416855;4.1233826
a;13320672173590;1.022934;-5.665085;3.965744
a;13320692315191;0.66108704;-5.5750885;3.3384857
a;13320712456793;-0.09661865;-4.842819;4.0748596
a;13320732598394;-0.16540527;-4.8598022;5.335083
a;13320752739996;0.4834137;-6.117279;4.338501
a;13320772881598;-0.039505005;-6.561569;2.795868
a;13320793023199;-0.7794037;-5.5942535;3.1516418
a;13320813164801;-0.6428528;-6.1115417;3.1292572
a;13320833306402;-0.35853577;-5.9323425;3.4345856
a;13320853448004;0.18321228;-5.539871;4.421463
a;13320873589605;0.3155365;-5.5809937;3.9523315
a;13320893731207;-0.5053406;-5.410858;3.4213257
a;13320913872809;-0.97554016;-6.3999786;3.379959
a;13320934014410;-0.6189575;-6.10643;4.538101
a;13320954156012;-0.14208984;-4.8216095;5.9203033
a;13320974297613;0.19874573;-4.364563;6.0523987
a;13320994439215;-0.75946045;-5.048004;6.498001
a;13321014580816;-2.6573944;-7.0157776;6.853821
a;13321034722418;-2.7634583;-9.17482;5.620224
a;13321054864019;-1.800003;-9.846588;4.0433044
a;13321075005621;-2.6661682;-8.265625;4.168518
a;13321095147223;-2.579239;-4.3011017;7.5802765
a;13321115288824;-1.6689453;-5.077057;8.398987
a;13321135430426;-1.7666321;-8.349365;6.6876373
a;13321155572027;-2.187317;-9.792984;5.1273804
a;13321175713629;-2.5095215;-8.814117;5.52417
a;13321195855230;-2.5891113;-7.135727;6.960083
a;13321215996832;-3.0599976;-7.061905;6.849472
a;13321236138434;-3.7275238;-7.2747498;6.268463
a;13321256280035;-3.8071136;-6.950882;6.537369
a;13321276421637;-3.2975006;-7.0313263;6.247757
a;13321296563238;-3.2335358;-7.218506;5.6963806
a;13321316704840;-4.041168;-7.4107666;5.140671
a;13321336846441;-3.8222046;-5.8794556;6.0468445
a;13321356988043;-3.2684784;-6.0352783;6.2813263
a;13321377129644;-3.1542969;-5.4008026;6.7514343
a;13321397271246;-3.6169434;-4.3369904;7.237076
a;13321417412848;-4.88974;-5.666931;6.151367
a;13321437554449;-5.13031;-6.6157837;5.510208
a;13321457696051;-4.538849;-5.2273407;5.691223
a;13321477837652;-4.3949127;-3.2178192;6.8124084
a;13321497979254;-5.206711;-3.8905334;6.543747
a;13321518120855;-5.518051;-5.514145;5.723526
a;13321538262457;-5.2921906;-4.5838013;5.231949
a;13321558404059;-4.7407837;-4.2640533;7.0573883
a;13321578545660;-6.070938;-4.78421;5.2103577
a;13321598687262;-6.332779;-7.705826;3.3282013
a;13321618828863;-5.767761;-7.2561493;3.559784
a;13321638970465;-5.307541;-5.5144653;3.4957275
a;13321659112066;-5.4526978;-4.7085724;2.9953156
a;13321679253668;-5.0466766;-5.1578674;3.7539673
a;13321699395269;-4.9473877;-4.7991943;2.7939606
a;13321719536871;-4.147064;-5.059265;2.476471
a;13321739678473;-2.6555023;-8.024643;7.1541595
a;13321759820074;-2.6027527;-10.068878;4.6204834
a;13321779961676;-2.562149;-7.778534;3.9605713
a;13321800103277;-2.5762177;-6.0995026;3.342636
a;13321820244879;-0.79330444;-9.44043;2.2232819
a;13321840386480;0.9328766;-12.323868;3.938095
a;13321860528082;1.3711548;-11.588913;4.5582275
a;13321880669684;1.2275543;-10.272568;3.8443756
a;13321900811285;2.695694;-9.692627;5.28006
a;13321920952887;3.9506683;-11.63147;4.3261566
a;13321941094488;3.7966309;-12.164185;3.461029
a;13321961236090;3.8686218;-9.5056;4.1625824
a;13321981377691;4.1754456;-8.748138;5.2285767
a;13322001519293;4.241745;-9.829269;5.564728
a;13322021660894;3.8513184;-10.767761;5.174301
a;13322041802496;4.148941;-10.527542;5.138382
a;13322061944098;4.6898804;-9.7413025;4.2983093
a;13322082085699;6.4902954;-11.59816;5.234558
a;13322102227301;9.130844;-14.034073;10.406235
a;13322122368902;7.7589874;-9.085434;10.697693
a;13322142510504;5.2004547;-6.4739227;6.1633606
a;13322162652105;5.2736664;-9.5035095;3.3500366
a;13322182793707;5.708664;-10.381409;6.802353
a;13322202935309;5.517685;-8.396469;7.836334
a;13322223076910;4.480606;-8.685852;6.887909
a;13322243218512;4.3573;-9.622421;6.7406616
a;13322263360113;4.130249;-8.854614;6.123413
a;13322283501715;3.4509583;-7.4318085;5.7751923
a;13322303643316;2.4166107;-8.841339;5.138214
a;13322323784918;1.2718201;-9.105225;5.545059
a;13322343926519;1.5245209;-8.743301;6.125244
a;13322364068121;1.0829163;-9.119141;5.1881866
a;13322384209723;-0.35002136;-10.0816345;4.634201
a;13322404351324;-0.5206604;-10.056381;4.485016
a;13322424492926;-0.18101501;-8.146332;5.249237
a;13322444634527;-0.76716614;-8.709686;5.1440125
a;13322464776129;-1.4868317;-9.096619;4.661804
a;13322484917730;-1.3986664;-7.6502533;4.7795105
a;13322505059332;-0.75634766;-6.8602905;4.886093
a;13322525200934;-0.7729645;-7.3442993;4.987732
a;13322545342535;-1.2909698;-7.3623047;4.3463593
a;13322565484137;-1.6274719;-6.564636;4.432312
a;13322585625738;-1.4348297;-5.170639;5.243408
a;13322605767340;-1.274704;-4.1106415;5.9111786
a;13322625908941;-1.4388275;-4.160202;7.1266937
a;13322646050543;-1.5806122;-4.2238007;7.888794
a;13322666192144;-1.2872314;-4.656555;8.646744
a;13322686333746;-0.93125916;-5.143814;8.950226
a;13322706475348;-0.56108093;-5.9141693;8.628738
a;13322726616949;-0.092544556;-7.4973907;8.997055
a;13322746758551;-1.0956268;-8.099121;8.132248
a;13322766900152;-1.7481995;-7.761734;5.205841
a;13322787041754;-2.1144104;-7.6174774;5.023239
a;13322807183355;-2.926361;-7.3923035;4.745468
a;13322827324957;-2.5671387;-6.364517;5.257019
a;13322847466559;-2.8265076;-5.6111603;5.654999
a;13322867608160;-2.8396454;-5.597275;4.385132
a;13322887749762;-3.0088348;-5.6455536;3.774475
a;13322907891363;-3.8982544;-5.6151123;3.4975128
a;13322928032965;-3.934204;-5.369583;3.3886566
a;13322948174566;-3.6231842;-5.1582336;2.7434387
a;13322968316168;-3.7446136;-5.37088;2.2135925
a;13322988457769;-3.8515472;-6.0860596;3.261383
a;13323008599371;-3.6078796;-6.0241547;3.9120026
a;13323028740973;-3.5865479;-5.6845856;2.599762
a;13323048882574;-4.003937;-6.169586;0.4051056
a;13323069024176;-3.5640411;-8.364822;0.81121826
a;13323089165777;-1.9141998;-9.6041565;3.9713135
a;13323109307379;-0.94358826;-7.8092957;4.5066376
a;13323129448980;-2.0041656;-7.5637207;2.1101685
a;13323149624793;-2.257187;-9.371353;0.6954346
a;13323169766395;0.60910034;-10.197525;2.2195282
a;13323189907996;3.5701294;-10.374741;4.5951385
a;13323210049598;5.127426;-11.82988;4.5661926
a;13323230191199;6.792679;-13.791595;3.3242188
a;13323250332801;7.4424896;-12.223618;3.459198
a;13323270474402;9.310471;-11.740219;2.8383026
a;13323290616004;11.749405;-11.613785;3.1184845
a;13323310757605;12.401047;-10.471619;3.1946716
a;13323330899207;12.632568;-8.604492;4.227707
a;13323351040809;12.601837;-7.023987;5.18573
a;13323371182410;11.540451;-7.850815;5.532837
a;13323391324012;10.171478;-8.304398;4.8190155
a;13323411465613;10.351288;-7.893585;4.472946
a;13323431607215;9.646011;-6.9188385;3.9595947
a;13323451748816;7.5636597;-6.685501;3.9039612
a;13323471890418;7.5437775;-7.1509247;3.4237213
a;13323492032020;8.928909;-7.425827;3.0027466
a;13323512173621;7.716034;-8.694855;3.868042
a;13323532315223;7.9065857;-9.840805;3.6925964
a;13323552456824;7.6775055;-8.982864;2.9965668
a;13323572598426;5.764038;-8.981552;3.3478851
a;13323592740027;4.6683044;-10.882843;4.263504
a;13323612881629;5.8030243;-10.827637;4.087204
a;13323633023230;5.4888306;-9.082626;3.9042206
a;13323653164832;4.2022552;-9.656921;4.1409454
a;13323673306434;3.8378906;-10.220963;4.540573
a;13323693448035;3.68721;-9.177017;5.0186462
a;13323713589637;3.4741516;-7.96579;5.308548
a;13323733731238;2.264038;-9.3424225;4.600708
a;13323753872840;1.1508789;-11.369629;4.4455566
a;13323774014441;1.0683136;-11.109833;4.291031
a;13323794156043;0.84843445;-8.304932;4.220215
a;13323814297645;0.6628723;-8.519363;3.872528
a;13323834439246;0.40275574;-10.315033;3.7797394
a;13323854580848;0.18869019;-9.472519;4.2699585
a;13323874722449;0.1796112;-7.789505;4.898041
a;13323894864051;0.14016724;-7.813263;4.8283997
a;13323915005652;-0.49905396;-7.565277;4.05307
a;13323935147254;-1.215683;-6.4625244;4.086136
a;13323955288855;-1.000473;-6.5559998;4.98085
a;13323975430457;-0.44032288;-7.1134033;5.11969
a;13323995572059;-0.5419159;-6.042801;4.524185
a;13324015713660;-0.838089;-4.764694;4.7963257
a;13324035855262;-1.096405;-4.166382;5.8282623
a;13324055996863;-1.2007904;-5.38768;7.1979218
a;13324076138465;-0.7171173;-7.2778473;8.441254
a;13324096280066;-0.42112732;-7.6455536;8.588821
a;13324116421668;-0.8100891;-7.4696198;7.539688
a;13324136563270;-1.5224762;-7.376068;6.6191864
a;13324156704871;-1.5502167;-7.344269;5.7978973
a;13324176846473;-1.2659607;-7.9546814;5.579071
a;13324196988074;-1.6070862;-7.4093018;4.683319
a;13324217129676;-1.6387329;-6.214752;4.7213135
a;13324237271277;-1.7705688;-5.9590607;4.035324
a;13324257412879;-1.8004456;-6.2108154;3.162857
a;13324277554480;-2.3408356;-6.1925507;2.868744
a;13324297696082;-2.2577515;-6.1250305;3.3642426
a;13324317837684;-2.4635468;-5.7790985;4.3903656
a;13324337979285;-2.8574524;-5.990036;4.059143
a;13324358120887;-3.0292358;-6.3645477;2.5952911
a;13324378262488;-3.2386322;-6.4635773;1.6073761
a;13324398404090;-3.1022797;-7.274948;2.9177551
a;13324418545691;-2.729309;-7.694992;5.798065
a;13324438687293;-2.4577637;-7.0958557;5.2538757
a;13324458828895;-2.8667755;-5.291641;3.1769714
a;13324478970496;-2.8403015;-7.1467896;2.6035004
a;13324499112098;-1.590271;-9.193161;4.0429535
a;13324519253699;-0.7579498;-9.667908;5.6434937
a;13324539395301;-0.56529236;-8.882095;5.359741
a;13324559536902;0.3575592;-8.118866;6.742737
a;13324579678504;2.3635101;-9.698761;7.0020447
a;13324599820105;3.1018677;-10.984573;5.2814636
a;13324619961707;2.7631989;-10.4131775;4.134369
a;13324640103309;3.25206;-9.559647;4.1560516
a;13324660244910;5.83963;-10.213181;4.8634186
a;13324680386512;8.13942;-10.903137;4.37883
a;13324700528113;7.3597565;-11.138611;1.4180145
a;13324720669715;6.463196;-9.65126;1.1554718
a;13324740811316;9.194382;-8.30455;2.9994202
a;13324760952918;11.643845;-9.18425;2.4910736
a;13324781094520;13.189957;-10.74939;3.6003265
a;13324801236121;13.564224;-10.476532;7.062149
a;13324821377723;10.257767;-6.6017914;8.522415
a;13324841519324;8.594833;-6.513504;6.197998
a;13324861660926;7.310974;-7.049423;3.2980804
a;13324881802527;6.8186035;-8.424591;3.9960785
a;13324901944129;9.081696;-9.579849;4.962326
a;13324922085730;8.460587;-8.614792;4.6209106
a;13324942227332;7.5165405;-8.521698;4.1742554
a;13324962368934;7.515213;-8.733688;4.7408447
a;13324982510535;7.571991;-8.741058;4.5859833
a;13325002652137;6.4920654;-8.206589;3.6641083
a;13325022793738;3.4524078;-9.53804;4.2366486
a;13325042935340;3.6237183;-11.30928;5.3039703
a;13325063076941;4.4952087;-9.509445;4.995758
a;13325083218543;3.8775482;-7.608597;3.97052
a;13325103360145;1.6462097;-9.403091;3.2924042
a;13325123501746;1.2587585;-11.347153;4.537491
a;13325143643348;2.35878;-8.823776;4.972931
a;13325163784949;2.8943481;-7.567444;5.5386963
a;13325183926551;1.181015;-9.291397;4.725525
a;13325204068152;-0.48706055;-10.503754;5.0815125
a;13325224209754;0.7844696;-8.698425;5.5524445
a;13325244351355;2.0408783;-6.6273346;5.724182
a;13325264492957;1.5821533;-7.615738;5.4283447
a;13325284634559;0.70332336;-8.742004;4.9316864
a;13325304776160;0.96403503;-8.119446;5.4369507
a;13325324917762;1.8283691;-7.4196777;5.2636566
a;13325345059363;1.4548035;-7.5574036;4.470703
a;13325365200965;0.2518921;-8.151154;4.9877167
a;13325385342566;-0.18136597;-8.229095;5.284561
a;13325405484168;-0.19772339;-7.0283203;5.3472595
a;13325425625770;-0.6336975;-6.6941223;5.153763
a;13325445767371;-1.2030945;-7.177826;5.0560455
a;13325465908973;-1.3398438;-5.916382;5.3125
a;13325486050574;-1.3206329;-4.8871155;6.4482574
a;13325506192176;-1.5110321;-4.3773346;7.370453
a;13325526333777;-1.8144226;-3.329239;7.8516235
a;13325546475379;-1.8946991;-4.811325;8.7509
a;13325566616980;-2.1414185;-8.093002;8.954208
a;13325586758582;-2.3610077;-8.033157;9.820877
a;13325606900184;-2.2321777;-6.0637665;10.437042
a;13325627041785;-2.2183685;-6.3075104;8.720581
a;13325647183387;-2.79451;-7.542694;7.2221985
a;13325667324988;-3.2646332;-7.930023;8.351288
a;13325687466590;-3.2399292;-6.637558;7.686096
a;13325707608191;-3.6351624;-5.8272247;7.8526764
a;13325727749793;-4.1769714;-5.1391296;7.388336
a;13325747891395;-3.619751;-4.592209;6.8603973
a;13325768032996;-3.951004;-4.650421;7.1077576
a;13325788174598;-4.349472;-5.3507233;6.520981
a;13325808316199;-4.2484436;-5.5176544;5.9674835
a;13325828457801;-4.265091;-5.3519287;6.080902
a;13325848599402;-4.344513;-5.681534;6.2044373
a;13325868741004;-4.3872375;-5.83667;6.719391
a;13325888882605;-4.3446655;-6.146698;6.7575836
a;13325909024207;-4.324478;-5.9062347;5.938629
a;13325929165809;-4.313324;-5.6522217;5.810791
a;13325949307410;-3.930832;-6.073868;6.66362
a;13325969449012;-3.4152832;-6.624161;7.4758606
a;13325989590613;-3.0564423;-6.782959;6.606598
a;13326009732215;-2.7246552;-6.8536224;6.464554
a;13326029873816;-2.444107;-7.121567;7.489731
a;13326050015418;-2.135971;-7.021454;8.031128
a;13326070157020;-2.1356049;-6.0953827;7.8742676
a;13326090298621;-1.9610901;-4.9173584;7.0842285
a;13326110440223;-1.0117645;-4.845978;6.271454
a;13326130581824;-0.893692;-5.8785553;6.6905975
a;13326150723426;-0.6881256;-7.484314;6.9408417
a;13326170865027;0.20413208;-6.80307;6.4609528
a;13326191006629;-2.100418;-5.454254;6.0831604
a;13326211148230;-3.7740173;-5.3401794;6.289871
a;13326231289832;-3.6155548;-6.1450806;7.264267
a;13326251431434;-4.0203857;-6.6479645;7.619583
a;13326271573035;-4.0124207;-6.615494;7.1134186
a;13326291714637;-4.031372;-6.2048187;6.933655
a;13326311856238;-3.5962677;-6.233261;7.46286
a;13326331997840;-2.3243256;-6.7579803;7.9097137
a;13326352139441;-2.232788;-7.1805267;7.1930084
a;13326372281043;-2.6940613;-7.7230377;5.953247
a;13326392422645;-2.2861938;-8.119446;5.1775665
a;13326412564246;-1.7936859;-7.9108124;5.5076447
a;13326432705848;-2.237854;-7.4443054;6.2250366
a;13326452847449;-2.774994;-7.266617;6.5710754
a;13326472989051;-2.8909454;-6.8444214;6.323227
a;13326493130652;-2.9187012;-5.6470795;5.691864
a;13326513272254;-2.556488;-5.7799683;5.627426
a;13326533413855;-1.4916687;-5.749817;6.8401947
a;13326553555457;-1.5319519;-6.199875;5.872589
a;13326573697059;-0.8485718;-6.0406036;6.2105103
a;13326593838660;-0.0597229;-5.893997;5.9069366
a;13326613980262;0.47880554;-5.0259094;6.2323
a;13326634121863;0.6487274;-5.18692;5.4331665
a;13326654263465;0.6542816;-5.1741943;5.338135
a;13326674405066;1.1552734;-5.7176666;4.8959045
a;13326694546668;2.3623657;-5.661545;4.238922
a;13326714688270;3.1422882;-4.67157;3.7801971
a;13326734829871;2.5464478;-4.266876;3.3274841
a;13326754971473;1.6420898;-4.465927;2.9678497
a;13326775113074;1.5171661;-4.5274963;3.3519592
a;13326795254676;1.7066956;-4.403244;3.6698456
a;13326815396277;0.5207825;-4.553955;3.9963684
a;13326835537879;-1.3562317;-5.136322;3.889389
a;13326855679480;-2.1035461;-5.2668457;4.315399
a;13326875821082;-1.4393616;-5.550812;5.5016937
a;13326895962684;-2.337616;-5.913315;4.9915466
a;13326916104285;-3.3258057;-7.3622437;3.8667908
a;13326936245887;-1.8163452;-8.675476;4.488693
a;13326956387488;0.8638153;-9.283569;7.349121
a;13326976529090;1.7103729;-10.323105;7.869919
a;13326996670691;0.23875427;-10.27179;6.5674744
a;13327016812293;0.36341858;-9.891968;5.4192505
a;13327036953895;2.184204;-9.18988;7.5693054
a;13327057095496;4.471405;-8.90683;10.6076355
a;13327077237098;5.84729;-9.043198;10.365784
a;13327097378699;6.246475;-9.026611;7.3865356
a;13327117520301;6.8645782;-9.9479065;5.973221
a;13327137661902;7.5254517;-10.006973;5.4711914
a;13327157803504;7.713562;-8.482391;5.3325195
a;13327177945105;8.031082;-6.8141327;5.088791
a;13327198086707;8.942276;-5.9370117;4.9954834
a;13327218228309;9.863037;-5.547653;4.4490814
a;13327238369910;10.664505;-5.709976;3.8413544
a;13327258511512;11.571579;-6.0560455;3.1195374
a;13327278653113;12.332489;-6.1429443;2.685379
a;13327298794715;12.588333;-6.1438446;2.5366516
a;13327318936316;12.1983795;-5.943985;2.4497223
a;13327339077918;11.519897;-5.2868958;2.4955292
a;13327359219520;10.918457;-4.378708;2.2153473
a;13327379361121;10.422333;-3.4589233;2.3219147
a;13327399502723;10.182343;-3.1850739;2.2705383
a;13327419644324;10.02034;-3.157959;2.153473
a;13327439785926;9.895386;-2.4585419;2.2820587
a;13327459927527;9.735443;-1.7339478;2.2869568
a;13327480069129;9.2734375;-0.04081726;3.0330658
a;13327500210730;8.943436;-0.85369873;3.1607666
a;13327520352332;8.588547;-2.6522827;2.6477356
a;13327540493934;8.665268;-3.7832336;1.9878998
a;13327560635535;8.720535;-4.5460052;1.0066528
a;13327580777137;8.609222;-4.6428375;0.18321228
a;13327600918738;8.48558;-4.1057434;0.030944824
a;13327621060340;8.572998;-3.6042175;0.38059998
a;13327641201941;8.740829;-3.2756653;0.68533325
a;13327661343543;8.8798065;-3.1433716;0.97714233
a;13327681485145;9.13739;-3.1318512;1.287674
a;13327701626746;9.229431;-3.2229767;1.4331512
a;13327721768348;9.184814;-3.156067;1.4885559
a;13327741909949;9.216736;-3.0168304;1.4647369
a;13327762051551;9.2929535;-2.9937897;1.3836365
a;13327782193152;9.233856;-3.14003;1.3650055
a;13327802334754;9.221588;-3.2889404;1.3755188
a;13327822476355;9.157913;-3.4165955;1.3575745
a;13327842617957;9.126877;-3.4773254;1.3684998
a;13327862759559;9.121979;-3.4760895;1.4593506
a;13327882901160;9.048904;-3.419815;1.3416595
a;13327903042762;9.008835;-3.4403992;1.1033478
a;13327923184363;9.240341;-3.4853973;0.8809204
a;13327943325965;9.349243;-3.4692078;0.9295349
a;13327963467566;9.248795;-3.40802;0.9458008
a;13327983609168;9.22319;-3.4236908;0.9725342
a;13328003750770;9.211792;-3.421646;1.0275726
a;13328023892371;9.124023;-3.269043;1.1576996
a;13328044033973;9.021118;-3.0335083;1.2849426
a;13328064175574;8.997162;-2.966629;1.407959
a;13328084317176;9.0516205;-3.02594;1.529419
a;13328104458777;9.234924;-3.1096344;1.5088654
a;13328124600379;9.4292145;-3.2185059;1.3245544
a;13328144741980;9.16333;-3.335556;1.1765594
a;13328164883582;8.900009;-3.3408203;1.1351166
a;13328185025184;8.927139;-3.2961884;1.3023682
a;13328205166785;9.036224;-3.4567719;1.3368225
a;13328225308387;9.159225;-3.5681915;1.2379608
a;13328245449988;9.174622;-3.4776611;1.1407013
a;13328265591590;9.285706;-3.3906403;1.2050171
a;13328285733191;9.387314;-3.440216;1.2574005
a;13328305874793;9.194351;-3.4029999;1.2587585
a;13328326016395;9.065811;-3.223755;1.20018
a;13328346157996;9.053711;-3.1070862;1.0265198
a;13328366299598;9.183273;-3.1585388;0.916687
a;13328386441199;9.367523;-3.1518707;0.97998047
a;13328406582801;9.141037;-3.0097504;1.0799255
a;13328426724402;8.832184;-2.9587708;1.0892334
a;13328446866004;8.910126;-3.080658;0.9943085
a;13328467007605;9.193192;-3.2738495;1.071167
a;13328487149207;9.312653;-3.319992;1.2310028
a;13328507290809;9.246201;-3.341385;1.3238068
a;13328527432410;9.174393;-3.2289734;1.3244324
a;13328547574012;9.186798;-3.301529;0.9386902
a;13328567715613;9.245865;-3.2559967;0.75878906
a;13328587857215;9.307816;-3.2716827;1.1067352
a;13328607998816;9.135681;-3.3878632;1.0525665
a;13328628140418;8.946167;-3.4219208;0.33285522
a;13328648282020;9.12648;-3.6089172;1.285675
a;13328668423621;9.134888;-3.1545868;2.226715
a;13328688565223;9.22731;-3.05159;2.0571136
a;13328708706824;9.213638;-3.3980103;1.7314453
a;13328728848426;9.15567;-3.7396393;1.1799622
a;13328748990027;9.139633;-3.7238007;0.9302368
a;13328769131629;9.030289;-3.5343628;0.9987488
a;13328789273230;9.058029;-3.3102264;1.3463593
a;13328809414832;9.165619;-3.2374725;1.5845184
a;13328829556434;9.208069;-3.1593628;1.4212646
a;13328849698035;9.21109;-3.2180328;1.2980957
a;13328869839637;9.315247;-3.3562012;1.1839447
a;13328889981238;9.343597;-3.3464203;1.1863098
a;13328910122840;9.201538;-3.171875;1.0772247
a;13328930264441;9.114014;-3.0597687;1.0787659
a;13328950406043;9.035736;-3.0602875;1.171814
a;13328970547645;9.033539;-3.0447693;1.2840576
a;13328990689246;9.051178;-3.1733704;1.2742157
a;13329010830848;9.1970825;-3.2357178;1.2980194
a;13329030972449;9.255081;-3.23909;1.2576599
a;13329051114051;9.233719;-3.33284;1.2771606
a;13329071255652;9.051224;-3.4771118;1.3258057
a;13329091397254;8.994995;-3.5005493;1.4199219
a;13329111538855;9.0103;-3.42688;1.4807739
a;13329131680457;9.016907;-3.4703217;1.5366821
a;13329151822059;9.180527;-3.5306702;1.6203918
a;13329171963660;9.338409;-3.646225;1.5009308
a;13329192105262;9.306549;-3.68898;1.2264862
a;13329212246863;9.1441345;-3.5211487;1.0619049
a;13329232388465;8.904236;-3.238968;1.053772
a;13329252530066;8.923904;-3.0208282;1.1148224
a;13329272671668;9.082626;-2.99646;1.113327
a;13329292813270;9.243393;-3.109192;1.1108551
a;13329312954871;9.284943;-3.2961578;1.2349701
a;13329333096473;9.148087;-3.4161835;1.3732758
a;13329353238074;8.963852;-3.4347992;1.3869324
a;13329373379676;8.880234;-3.460846;1.2646942
a;13329393521277;8.8737335;-3.4199066;1.1759491
a;13329413662879;8.891159;-3.43544;1.1440735
a;13329433804480;8.987045;-3.485321;1.0462646
a;13329453946082;9.120163;-3.544281;1.0611572
a;13329474087684;9.174133;-3.516327;1.1732178
a;13329494229285;9.138367;-3.4865112;1.2926788
a;13329514370887;9.1492;-3.4299927;1.3673401
a;13329534512488;9.130585;-3.3430023;1.3919525
a;13329554654090;8.979996;-3.3009644;1.3965759
a;13329574795691;9.013306;-3.3230743;1.389267
a;13329594937293;9.155716;-3.362732;1.350769
a;13329615078895;9.176361;-3.3561554;1.2036896
a;13329635220496;9.145569;-3.4115143;1.123169
a;13329655362098;9.1414795;-3.4689636;1.170578
a;13329675503699;9.134674;-3.4916382;1.2250824
a;13329695645301;9.10231;-3.4980469;1.2518768
a;13329715786902;9.066666;-3.489853;1.3182831
a;13329735928504;9.048035;-3.4713135;1.3467712
a;13329756070105;9.127686;-3.4746246;1.3086853
a;13329776211707;9.22525;-3.5301208;1.2141418
a;13329796353309;9.163879;-3.4817657;1.2271576
a;13329816494910;9.107391;-3.4136047;1.1814423
a;13329836636512;9.062027;-3.3892975;1.125534
a;13329856778113;9.069214;-3.363083;1.1268921
a;13329876919715;9.12114;-3.3588257;1.1629486
a;13329897061316;9.109772;-3.330902;1.2258759
a;13329917202918;9.137039;-3.3424225;1.228775
a;13329937344520;9.113068;-3.3989563;1.1968079
a;13329957486121;9.125046;-3.4607391;1.2409973
a;13329977627723;9.146866;-3.483841;1.2588348
a;13329997769324;9.16394;-3.5156708;1.206955
a;13330017910926;9.105804;-3.4797974;1.1869965
a;13330038052527;9.088776;-3.471527;1.1637421
a;13330058194129;9.085175;-3.4774933;1.1633759
a;13330078335730;9.028473;-3.413208;1.1796722
a;13330098477332;9.021164;-3.3851929;1.1593475
a;13330118618934;9.073944;-3.4322357;1.1943665
a;13330138760535;9.145721;-3.4489899;1.1529999
a;13330158902137;9.164688;-3.453354;1.1881561
a;13330179043738;9.127274;-3.4515228;1.3071136
a;13330199185340;9.015625;-3.4375153;1.3045502
a;13330219326941;9.048889;-3.4662628;1.2676849
a;13330239468543;9.122986;-3.5134735;1.1976929
a;13330259610145;9.117828;-3.4940033;1.1801605
a;13330279751746;9.083435;-3.5144653;1.1553345
a;13330299893348;9.082855;-3.4884949;1.1730499
a;13330320034949;9.062592;-3.4777527;1.1977081
a;13330340176551;9.070679;-3.48349;1.2472534
a;13330360318152;9.056046;-3.4486847;1.2067261
a;13330380459754;9.060455;-3.4137115;1.1516571
a;13330400601355;9.114105;-3.4212494;1.1185455
a;13330420742957;9.1405945;-3.3907623;1.1289978
a;13330440884559;9.080872;-3.3811035;1.1789246
a;13330461026160;9.08371;-3.388504;1.234787
a;13330481167762;9.105728;-3.4157562;1.230835
a;13330501309363;9.085541;-3.444641;1.2016296
a;13330521450965;9.077286;-3.4454193;1.1621094
a;13330541592566;9.120285;-3.4375153;1.1449432
a;13330561734168;9.124039;-3.4241638;1.1799927
a;13330581875770;9.137939;-3.433899;1.2005768
a;13330602017371;9.128525;-3.460083;1.1994324
a;13330622158973;9.083679;-3.4418945;1.2016602
a;13330642300574;9.078018;-3.4481049;1.2254944
a;13330662442176;9.106766;-3.4368744;1.200058
a;13330682583777;9.098801;-3.434082;1.1718292
a;13330702725379;9.1158905;-3.442337;1.1833191
a;13330722866980;9.135941;-3.4496613;1.1729279
a;13330743008582;9.111725;-3.4606018;1.1527405
a;13330763150184;9.093094;-3.4355774;1.2274628
a;13330783291785;9.110886;-3.4207764;1.193039
a;13330803433387;9.1115265;-3.4543762;1.1626129
a;13330823574988;9.13176;-3.455017;1.1834717
a;13330843716590;9.143021;-3.4324188;1.1927032
a;13330863858191;9.07077;-3.4061127;1.203598
a;13330883999793;9.059433;-3.4157715;1.1980133
a;13330904141395;9.145462;-3.4473877;1.1836243
a;13330924282996;9.131912;-3.464035;1.1603699
a;13330944424598;9.067459;-3.4613037;1.2156372
a;13330964566199;9.050476;-3.463684;1.2392578
a;13330984707801;9.105408;-3.4900513;1.2247467
a;13331004849402;9.148712;-3.4985504;1.2376099
a;13331024991004;9.076752;-3.514038;1.2005615
a;13331045132605;9.048157;-3.495163;1.1825104
a;13331065274207;9.053452;-3.473999;1.1867676
a;13331085415809;9.062332;-3.4888763;1.2166748
a;13331105557410;9.103363;-3.4791565;1.2012024
a;13331125699012;9.030273;-3.5043182;1.2194672
a;13331145840613;9.060318;-3.469452;1.184845
a;13331165982215;9.128906;-3.4487457;1.149826
a;13331186123816;9.133102;-3.4390564;1.1699524
a;13331206265418;9.1188965;-3.433548;1.2226715
a;13331226407020;9.122681;-3.4453888;1.2503052
a;13331246548621;9.100708;-3.4438934;1.2236023
a;13331266690223;9.120819;-3.4328766;1.1957703
a;13331286831824;9.11853;-3.4496765;1.1750641
a;13331306973426;9.095856;-3.4470215;1.2006226
a;13331327115027;9.092163;-3.4336395;1.1869812
a;13331347256629;9.077866;-3.462082;1.1836548
a;13331367398230;9.123199;-3.4466858;1.2302399
a;13331387539832;9.121597;-3.4687805;1.2189636
a;13331407681434;9.123917;-3.4552612;1.1863708
a;13331427823035;9.087402;-3.4537811;1.194397
a;13331447964637;9.087204;-3.4149475;1.1968231
a;13331468106238;9.099304;-3.4105377;1.200119
a;13331488247840;9.08432;-3.4225464;1.2077179
a;13331508389441;9.082947;-3.4464722;1.2321167
a;13331528531043;9.0920105;-3.4571228;1.2149048
a;13331548672645;9.098236;-3.4720306;1.2195129
a;13331568814246;9.106323;-3.4460602;1.1794128
a;13331588955848;9.07402;-3.4655457;1.1746979
a;13331609097449;9.092285;-3.4547882;1.2597046
a;13331629239051;9.058304;-3.4371948;1.237915
a;13331649380652;9.122101;-3.4563904;1.1941528
a;13331669522254;9.133942;-3.471878;1.2499695
a;13331689663855;9.047073;-3.4692535;1.2353516
a;13331709805457;9.041809;-3.426529;1.2302551
a;13331729947059;9.130905;-3.4498596;1.1976776
a;13331750088660;9.142334;-3.4832;1.2671814
a;13331770230262;9.057236;-3.4782715;1.2857513
a;13331790371863;9.025436;-3.48143;1.3049622
a;13331810513465;9.107285;-3.4891815;1.2284393
a;13331830655066;9.127853;-3.5052643;1.2185211
a;13331850796668;9.069641;-3.4873657;1.2515411
a;13331870938270;9.047836;-3.4546204;1.2430267
a;13331891079871;9.102097;-3.4667969;1.2665558
a;13331911221473;9.11084;-3.48497;1.2465973
a;13331931363074;9.101898;-3.48555;1.2378693
a;13331951504676;9.051407;-3.449707;1.227417
a;13331971646277;9.030533;-3.4080963;1.2414703
a;13331991787879;9.093018;-3.4327393;1.2386627
a;13332011929480;9.128021;-3.4526978;1.2062073
a;13332032071082;9.140717;-3.457199;1.2039642
a;13332052212684;9.07196;-3.4274445;1.2294312
a;13332072354285;9.059021;-3.4085693;1.2319794
a;13332092495887;9.0858;-3.3932953;1.2246246
a;13332112637488;9.114029;-3.3872223;1.2124939
a;13332132779090;9.154175;-3.4237213;1.1663513
a;13332152920691;9.139572;-3.47258;1.1889801
a;13332173062293;9.0963745;-3.460785;1.2425995
a;13332193203895;9.084824;-3.4419556;1.2706299
a;13332213345496;9.067383;-3.4368134;1.2655334
a;13332233487098;9.064163;-3.4606628;1.1842651
a;13332253628699;9.106171;-3.4623566;1.2063599
a;13332273770301;9.087936;-3.4625854;1.1867218
a;13332293911902;9.089539;-3.4387054;1.2005768
a;13332314053504;9.1081085;-3.4255066;1.1817932
a;13332334195105;9.06546;-3.4378815;1.2051239
a;13332354336707;9.049789;-3.4695587;1.2575836
a;13332374478309;9.0855255;-3.4817505;1.2900238
a;13332394619910;9.108215;-3.5102386;1.2926178
a;13332414761512;9.102692;-3.532898;1.2619781
a;13332434903113;9.083511;-3.548294;1.227829
a;13332455044715;9.133942;-3.4897614;1.1631165
a;13332475186316;9.160934;-3.4725494;1.0974731
a;13332495327918;9.132858;-3.3813934;1.1661224
a;13332515469520;9.09613;-3.2463226;1.1352844
a;13332535611121;9.068573;-3.2848816;1.1867981
a;13332555752723;9.047668;-3.3284454;1.2074127
a;13332575894324;9.05661;-3.3290253;1.2354126
a;13332596035926;9.09375;-3.273285;1.2953339
a;13332616177527;9.105423;-3.4440765;1.1076813
a;13332636319129;9.138184;-3.5350494;1.1128082
a;13332656460730;9.084091;-3.5450897;1.1488495
a;13332676602332;9.068512;-3.3975983;1.375
a;13332696743934;9.004578;-3.4751434;1.4043121
a;13332716885535;8.998596;-3.5772247;1.3747559
a;13332737027137;9.099899;-3.609726;1.2549133
a;13332757168738;9.128021;-3.70047;1.2400513
a;13332777310340;9.064438;-3.686966;1.3904114
a;13332797451941;9.038086;-4.1809998;1.5333557
a;13332817593543;9.143906;-4.9407654;1.7816772
a;13332837735145;9.635574;-5.480957;2.3662262
a;13332857876746;10.127319;-6.697983;2.5699463
a;13332878018348;10.5316925;-7.4868317;3.0290985
a;13332898159949;10.700714;-7.138336;4.160553
a;13332918301551;10.879791;-7.4016724;4.945862
a;13332938443152;10.536102;-7.57605;5.0269623
a;13332958584754;10.385254;-8.254608;4.9899445
a;13332978726355;10.410019;-8.98494;5.0046234
a;13332998867957;10.346222;-8.433319;5.2328796
a;13333019009559;9.966873;-7.4157104;5.3352203
a;13333039151160;9.542023;-7.030014;5.3215637
a;13333059292762;8.714813;-6.2194824;5.311798
a;13333079434363;7.660614;-5.03804;5.9452972
a;13333099575965;7.0189056;-4.3398438;6.070572
a;13333119717566;6.3360443;-4.055542;5.6525574
a;13333139862853;5.5049896;-3.5315552;5.7056274
a;13333160004455;4.75856;-2.529129;5.988846
a;13333180146056;4.294464;-2.3911133;6.0267944
a;13333200287658;3.7490082;-1.9763794;5.7698364
a;13333220429259;3.046463;-0.8692322;5.6292725
a;13333240570861;2.554428;-1.0381165;6.231949
a;13333260712462;2.4022675;-1.4686279;6.740402
a;13333280854064;1.9800568;-1.2404938;6.7914886
a;13333300995665;1.3157196;-0.67689514;6.490219
a;13333321137267;0.9000702;-0.23114014;6.66066
a;13333341278869;0.81822205;-0.46647644;7.3389587
a;13333361420470;0.5816498;-0.48416138;7.6432495
a;13333381562072;0.011459351;0.008605957;7.7412415
a;13333401703673;-0.25767517;-0.10575867;7.7460938
a;13333421845275;-0.22167969;-0.42477417;8.189346
a;13333441986876;-0.29049683;-0.6513977;8.572128
a;13333462128478;-0.5501251;-0.031097412;8.345871
a;13333482270080;-0.42012024;0.48875427;8.702972
a;13333502411681;-0.8207855;0.4086914;8.737396
a;13333522553283;-1.0145721;0.14024353;8.917664
a;13333542694884;-0.7086029;-0.22836304;9.146149
a;13333562836486;-0.880661;-0.04548645;9.129501
a;13333582978087;-1.1558838;0.30259705;9.058441
a;13333603119689;-1.1665497;0.41540527;9.107925
a;13333623261290;-0.9829712;0.23815918;9.404648
a;13333643402892;-1.1401825;0.27687073;9.545685
a;13333663544494;-1.2172089;0.28372192;9.566544
a;13333683686095;-0.92433167;0.05227661;9.649277
a;13333703827697;-0.8704071;0.123413086;9.6354065
a;13333723969298;-0.98246765;0.31578064;9.505127
a;13333744110900;-0.94410706;0.27479553;9.496414
a;13333764252501;-0.98931885;0.26231384;9.458588
a;13333784394103;-1.1184692;0.3386383;9.459427
a;13333804535705;-0.9808502;0.41970825;9.492706
a;13333824677306;-0.6938324;0.4256134;9.116547
