a;13749859153661;2.156311;1.7877197;9.390503
a;13749879295263;1.9827728;1.4812927;8.878021
a;13749899436864;2.205368;1.7432861;9.559387
a;13749919578466;2.192047;1.5917969;9.5260315
a;13749939720067;2.0802002;1.4155121;9.747009
a;13749959861669;2.1644592;1.1693573;9.590759
a;13749980003270;1.6336365;1.8268127;9.50296
a;13750000144872;2.1053925;1.7556915;9.416214
a;13750020286474;2.0782928;1.5812225;9.2586975
a;13750040428075;2.2559967;1.7185059;9.442734
a;13750060569677;2.0345764;1.707962;9.423264
a;13750080711278;2.105301;1.903183;9.400467
a;13750100852880;1.8714752;1.8002319;9.163925
a;13750120994481;1.8249054;1.7364655;9.19577
a;13750141136083;1.8829651;1.6997986;9.254272
a;13750161277684;1.8717499;1.6952667;9.164902
a;13750181419286;1.8272552;1.6871948;9.190262
a;13750201560888;1.7445984;1.5683289;9.273972
a;13750221702489;1.6781616;1.5536499;9.122253
a;13750241844091;1.6303558;1.5626526;8.800125
a;13750261985692;1.1865845;1.6142578;8.494156
a;13750282127294;-0.14099121;2.265747;8.418381
a;13750302288842;-1.1358185;2.9673462;8.12616
a;13750322430444;2.2224426;1.0526733;7.341858
a;13750342572046;0.562973;1.2417755;6.5926056
a;13750362713647;-0.7167053;2.3978882;5.8277283
a;13750382855249;-0.5640869;2.8183289;5.1633453
a;13750402996850;-0.875824;1.784729;4.457138
a;13750423138452;-1.2958069;0.061813354;3.953659
a;13750443280053;-1.7501526;-1.7447815;3.7440186
a;13750463421655;-2.5550385;-4.4677887;4.36882
a;13750483563256;-3.4334106;-6.476883;4.993225
a;13750503704858;-3.987915;-5.67453;5.608856
a;13750523846460;-4.602249;-5.017685;7.2254944
a;13750543988061;-5.6017456;-5.929474;8.851135
a;13750564129663;-6.767288;-8.227905;9.946548
a;13750584271264;-7.924347;-9.565399;9.593857
a;13750604412866;-8.0707245;-8.614944;7.942871
a;13750624554467;-7.1522675;-7.8625793;7.0900574
a;13750644696069;-6.1782837;-7.2951813;6.8593903
a;13750664837671;-5.8263245;-6.3663483;6.4544525
a;13750684979272;-5.7845154;-5.7785797;5.65123
a;13750705120874;-6.1189117;-6.2427826;5.3657837
a;13750725262475;-6.803543;-6.3988495;4.3157654
a;13750745404077;-7.6132965;-6.232956;3.076233
a;13750765545678;-8.612747;-6.66597;1.5619507
a;13750785687280;-10.150543;-7.8075256;-1.0681152E-4
a;13750805828881;-11.867996;-9.138168;-1.0045166
a;13750825970483;-12.68988;-10.199753;-1.369751
a;13750846112085;-12.420868;-10.032333;-1.285553
a;13750866253686;-12.032364;-8.760254;-0.7960205
a;13750886395288;-11.729187;-7.4123993;-0.12831116
a;13750906536889;-11.344925;-6.11261;0.64701843
a;13750926678491;-10.951065;-4.611038;1.3815155
a;13750946820092;-10.789139;-3.3057556;2.3416595
a;13750966961694;-10.290985;-2.0135803;3.281479
a;13750987103296;-9.350449;-2.6270142;1.9824066
a;13751007244897;-9.225037;-3.723709;0.99320984
a;13751027386499;-9.319061;-3.8264618;0.9505005
a;13751047528100;-9.21286;-4.229126;0.7867584
a;13751067669702;-9.042374;-4.3952637;0.77523804
a;13751087811303;-8.893799;-4.151016;0.9424591
a;13751107952905;-8.769409;-3.9872284;0.87586975
a;13751128094506;-8.742798;-3.8660126;0.49720764
a;13751148236108;-8.66748;-3.9178925;0.09490967
a;13751168377710;-8.617493;-3.940445;-0.13723755
a;13751188519311;-8.845352;-3.734085;-0.12693787
a;13751208660913;-9.193024;-3.5208588;-0.06341553
a;13751228802514;-9.413284;-3.4131622;-0.0069885254
a;13751248944116;-9.465103;-3.4241333;-0.19587708
a;13751269085717;-9.986786;-3.5892487;-1.388092
a;13751289227319;-10.894928;-3.523285;-2.4019775
a;13751309368921;-10.723785;-2.9279938;-1.5881958
a;13751329510522;-9.63176;-2.4585114;0.12660217
a;13751349652124;-8.784119;-1.4245148;2.5894928
a;13751369793725;-8.276627;0.30186462;3.5769806
a;13751389935327;-8.316757;-0.76878357;2.6606293
a;13751410076928;-8.437866;-2.3882446;1.4558868
a;13751430218530;-8.511215;-3.3072815;0.6976471
a;13751450360131;-8.503799;-4.117447;0.095581055
a;13751470501733;-8.773575;-4.7214966;-0.29606628
a;13751490643335;-8.561615;-4.896805;-0.49676514
a;13751510784936;-8.383942;-5.029251;-0.57110596
a;13751530926538;-8.708878;-4.9746094;-0.39762878
a;13751551068139;-9.190338;-4.9391785;0.11550903
a;13751571209741;-9.368423;-4.6562805;0.44328308
a;13751591351342;-9.555771;-4.242691;0.42921448
a;13751611492944;-10.173553;-3.7949524;0.20993042
a;13751631634546;-10.7126465;-3.616562;0.10317993
a;13751651776147;-10.396469;-3.5125427;0.22467041
a;13751671917749;-9.898666;-3.4849396;0.5443878
a;13751692059350;-9.58046;-3.331833;0.78004456
a;13751712200952;-9.451538;-3.182129;0.8018341
a;13751732342553;-9.432571;-3.1220398;0.83847046
a;13751752484155;-9.132111;-3.058136;0.8596649
a;13751772625756;-8.950623;-2.9995117;0.8292389
a;13751792767358;-9.022537;-3.1097107;0.75450134
a;13751812908960;-9.047058;-3.1648865;0.6569519
a;13751833050561;-8.985184;-3.2597656;0.6674347
a;13751853192163;-8.9331665;-3.3719025;0.68904114
a;13751873333764;-9.015793;-3.469635;0.6596985
a;13751893475366;-9.164963;-3.585266;0.6498108
a;13751913616967;-9.306229;-3.71521;0.6725769
a;13751933758569;-9.390335;-3.7319489;0.74072266
a;13751953900171;-9.397751;-3.6955872;0.8257446
a;13751974041772;-9.358566;-3.6457672;0.8748779
a;13751994183374;-9.391617;-3.6417542;0.8357239
a;13752014324975;-9.384933;-3.6616364;0.83784485
a;13752034466577;-9.357956;-3.589096;0.79885864
a;13752054608178;-9.2999115;-3.5367737;0.83496094
a;13752074749780;-9.252304;-3.4883423;0.83003235
a;13752094891381;-9.233292;-3.5037537;0.80693054
a;13752115032983;-9.194321;-3.533844;0.76982117
a;13752135174585;-9.204971;-3.562088;0.75283813
a;13752155316186;-9.158829;-3.5870056;0.7194214
a;13752175457788;-9.155121;-3.5571136;0.66882324
a;13752195599389;-9.191467;-3.5582428;0.66989136
a;13752215740991;-9.255127;-3.5858917;0.6816864
a;13752235882592;-9.199371;-3.551117;0.80155945
a;13752256024194;-9.181381;-3.4983368;0.8609314
a;13752276165796;-9.231155;-3.5021362;0.91848755
a;13752296307397;-9.280548;-3.56781;0.88604736
a;13752316448999;-9.321289;-3.5335999;0.9200287
a;13752336590600;-9.260284;-3.5124054;0.9064026
a;13752356732202;-9.205078;-3.539444;0.85357666
a;13752376873803;-9.220367;-3.54805;0.8141937
a;13752397015405;-9.239639;-3.5662842;0.7618103
a;13752417157006;-9.22261;-3.5398102;0.77934265
a;13752437298608;-9.217224;-3.5412445;0.75567627
a;13752457440210;-9.255234;-3.5787659;0.74780273
a;13752477581811;-9.280991;-3.5835724;0.73506165
a;13752497723413;-9.25383;-3.590454;0.8091278
a;13752517865014;-9.232361;-3.5658112;0.8547821
a;13752538006616;-9.186966;-3.567398;0.8656006
a;13752558148217;-9.176376;-3.5430603;0.86672974
a;13752578289819;-9.256317;-3.55542;0.87142944
a;13752598431421;-9.311371;-3.604416;0.8648987
a;13752618573022;-9.291428;-3.6179047;0.8097229
a;13752638714624;-9.257675;-3.5998993;0.78564453
a;13752658856225;-9.260422;-3.6134796;0.750824
a;13752678997827;-9.273834;-3.6245575;0.77653503
a;13752699139428;-9.233597;-3.56958;0.7706299
a;13752719281030;-9.184174;-3.5151062;0.8132782
a;13752739422631;-9.229477;-3.5647583;0.8051605
a;13752759564233;-9.229935;-3.574463;0.7636566
a;13752779705835;-9.239243;-3.567154;0.80444336
a;13752799847436;-9.285309;-3.5887146;0.79541016
a;13752819989038;-9.21225;-3.598465;0.8043213
a;13752840130639;-9.174072;-3.6340027;0.84916687
a;13752860272241;-9.246826;-3.6639252;0.8236847
a;13752880413842;-9.313416;-3.6616058;0.8348236
a;13752900555444;-9.21904;-3.6361542;0.83158875
a;13752920697046;-9.204422;-3.5996552;0.84191895
a;13752940838647;-9.190979;-3.590866;0.82954407
a;13752960980249;-9.15239;-3.6064758;0.8200836
a;13752981121850;-9.176376;-3.620987;0.84913635
a;13753001263452;-9.247635;-3.6632843;0.8633423
a;13753021405053;-9.263046;-3.675003;0.861557
a;13753041546655;-9.223907;-3.6564636;0.8451538
a;13753061688256;-9.208023;-3.6389465;0.7870178
a;13753081829858;-9.243942;-3.6237335;0.84181213
a;13753101971460;-9.225601;-3.613922;0.7976227
a;13753122113061;-9.151962;-3.599762;0.7796631
a;13753142254663;-9.180908;-3.5738373;0.76156616
a;13753162396264;-9.166397;-3.5887146;0.7729492
a;13753182537866;-9.113342;-3.5721588;0.8287506
a;13753202679467;-9.168732;-3.6224976;0.8763275
a;13753222821069;-9.204727;-3.6399689;0.8649292
a;13753242962671;-9.218002;-3.697754;0.8564606
a;13753263104272;-9.308701;-3.7483826;0.8547058
a;13753283245874;-9.285248;-3.7059479;0.84039307
a;13753303387475;-9.194199;-3.684082;0.863327
a;13753323529077;-9.119629;-3.6193237;0.9141083
a;13753343670678;-9.155014;-3.6238403;0.8817291
a;13753363812280;-9.236816;-3.626358;0.8386078
a;13753383953881;-9.2052;-3.6486206;0.8318939
a;13753404095483;-9.25119;-3.6224365;0.79985046
a;13753424237085;-9.29306;-3.6428528;0.7905884
a;13753444378686;-9.200699;-3.6511688;0.8466034
a;13753464520288;-9.225464;-3.6371765;0.9139862
a;13753484661889;-9.228058;-3.6363373;0.87438965
a;13753504803491;-9.212448;-3.6187744;0.8822174
a;13753524945092;-9.258087;-3.6627197;0.8109436
a;13753545086694;-9.226334;-3.692215;0.8469238
a;13753565228296;-9.210129;-3.669342;0.87783813
a;13753585369897;-9.177597;-3.6536255;0.8842926
a;13753605511499;-9.125229;-3.6662292;0.8332977
a;13753625653100;-9.121384;-3.7238007;0.79714966
a;13753645794702;-9.176529;-3.7259674;0.8188324
a;13753665936303;-9.204071;-3.676834;0.71780396
a;13753686077905;-9.18898;-3.664093;0.7497406
a;13753706219506;-9.22583;-3.6320496;0.77905273
a;13753726361108;-9.255432;-3.545929;0.7596588
a;13753746502710;-9.312088;-3.469864;0.77931213
a;13753766644311;-9.4392395;-3.3772888;0.7749939
a;13753786785913;-9.280624;-3.403244;0.7929077
a;13753806927514;-9.108154;-3.4643097;0.81344604
a;13753827069116;-9.196289;-3.4883118;0.77111816
a;13753847210717;-9.269455;-3.5367584;0.7357025
a;13753867352319;-9.214661;-3.5603638;0.80336
a;13753887493921;-9.157959;-3.6894531;0.82406616
a;13753907635522;-9.195068;-3.7966766;0.77420044
a;13753927777124;-9.166626;-3.8112488;0.8397522
a;13753947918725;-9.1107025;-3.8247223;0.88797
a;13753968060327;-9.163269;-3.8376312;0.913208
a;13753988201928;-9.217712;-3.890442;0.90660095
a;13754008343530;-9.197937;-3.851303;0.88397217
a;13754028485131;-9.1992035;-3.7900085;0.87168884
a;13754048626733;-9.206879;-3.7555542;0.772522
a;13754068768335;-9.181244;-3.737381;0.80337524
a;13754088909936;-9.071777;-3.6635437;0.6891937
a;13754109051538;-8.994522;-3.6648407;0.9251404
a;13754129193139;-9.475357;-4.0725555;1.6688538
a;13754149334741;-10.245438;-4.739807;2.4922638
a;13754169476342;-11.027573;-4.4991913;2.991516
a;13754189617944;-12.016586;-5.868683;4.0050354
a;13754209759546;-15.380539;-10.347275;5.0322876
a;13754229901147;-19.057968;-13.321625;6.0433807
a;13754250042749;-19.480835;-17.891174;4.2989044
a;13754270184350;-19.480835;-20.150314;2.3816223
a;13754290325952;-19.480835;-20.150314;4.796417
a;13754310467553;-19.467377;-18.144028;7.165924
a;13754330609155;-15.992584;-12.885651;3.370163
a;13754350750756;-11.563446;-6.1244965;-2.3826294
a;13754370892358;-12.763992;0.3955078;-6.55249
a;13754391033960;-16.743118;8.233292;-12.648041
a;13754411175561;-14.043594;18.455658;-19.041199
a;13754431317163;-0.59536743;18.84909;-19.326157
a;13754451458764;-2.2761993;18.84909;-11.250183
a;13754471600366;-9.676407;18.84909;-3.0033112
a;13754491741967;-9.823914;17.70079;-9.506119
a;13754511883569;-17.351883;-1.6430359;-5.704376
a;13754532025171;-19.213394;-19.773468;7.7775574
a;13754552166772;-19.480835;-20.150314;2.8976898
a;13754572308374;-16.072647;-20.150314;8.849945
a;13754592449975;-10.1740265;-20.150314;5.515854
a;13754612591577;-10.748062;-12.680389;2.9768372
a;13754632733178;-13.175812;0.88227844;-2.7714996
a;13754652874780;-16.569565;9.334061;-14.008804
a;13754673016381;-12.884811;18.76323;-19.326157
a;13754693157983;-4.4155273;18.84909;-19.326157
a;13754713299585;-5.3737793;18.84909;-14.771881
a;13754733441186;-7.5787964;18.268951;-7.32428
a;13754753582788;-12.088394;0.64793396;3.8959808
a;13754773724389;-13.655975;-19.899857;4.2994537
a;13754793865991;-3.3706207;-20.150314;7.7166595
a;13754814007592;-0.68307495;-20.150314;17.022232
a;13754834149194;-4.2924347;-18.965714;7.6195984
a;13754854290796;-15.29248;-3.7421722;-6.5174255
a;13754874432397;-18.510452;11.209091;-17.61351
a;13754894573999;-10.508942;18.84909;-19.01152
a;13754914715600;-4.4473267;18.84909;-19.326157
a;13754934857202;-8.435822;18.84909;-15.394226
a;13754954998803;-12.943832;15.69989;-11.761047
a;13754975140405;-12.085663;0.23509216;1.6701355
a;13754995282006;-12.059128;-18.914902;8.064468
a;13755015423608;-12.253708;-20.150314;1.6707764
a;13755035565210;-0.25984192;-20.150314;18.423218
a;13755055706811;-1.2966156;-20.150314;13.635544
a;13755075848413;-6.908676;-12.126953;2.2439423
a;13755095990014;-18.274216;2.9448242;-9.368866
a;13755116131616;-16.513016;17.564468;-18.943115
a;13755136273217;-5.6619415;18.84909;-19.326157
a;13755156414819;-5.4886475;18.84909;-17.318008
a;13755176556421;-9.850708;17.844635;-11.909592
a;13755196698022;-12.916489;5.84906;-7.7354584
a;13755216839624;-14.711472;-14.071625;1.5551147
a;13755236981225;-12.902969;-20.150314;-2.5958862
a;13755257122827;-9.486221;-20.150314;4.91391
a;13755277264428;-7.2057037;-20.150314;11.62822
a;13755297406030;-6.504364;-19.448318;13.455063
a;13755317547631;-5.4170685;-12.562851;11.209381
a;13755337689233;-4.7197113;-6.0525513;5.8614044
a;13755357830835;-4.322159;-6.0205536;3.9743195
a;13755377972436;-3.6903992;-7.9665375;4.2417297
a;13755398114038;-4.480835;-6.6645203;4.6340637
a;13755418255639;-5.946884;-5.104553;4.893585
a;13755438397241;-7.1972046;-4.418976;4.255554
a;13755458538842;-8.589935;-4.027527;3.2578583
a;13755478680444;-10.339111;-4.0115204;2.0484009
a;13755498822046;-13.227066;-4.452591;0.6960602
a;13755518963647;-16.4496;-5.376999;0.0846405
a;13755539105249;-17.253677;-6.7686462;0.0028686523
a;13755559246850;-15.489609;-6.0584564;-0.652359
a;13755579388452;-13.33165;-4.8023224;-0.65182495
a;13755599530053;-11.645065;-3.1078339;-0.03894043
a;13755619671655;-10.944916;-1.6101532;0.61357117
a;13755639813256;-10.579071;-1.3937073;0.6515808
a;13755659954858;-10.162643;-2.4529877;0.11741638
a;13755680096460;-9.574112;-3.3380737;0.03730774
a;13755700238061;-8.916687;-3.9438934;0.17468262
a;13755720379663;-8.120438;-4.526657;0.27589417
a;13755740521264;-7.2844696;-4.9960938;0.4273224
a;13755760662866;-6.750656;-4.9660034;0.7611084
a;13755780804467;-6.812561;-4.713745;1.18013
a;13755800946069;-7.3196106;-4.5415344;1.5564117
a;13755821087671;-8.124374;-4.410507;1.5327454
a;13755841229272;-8.890579;-4.611557;1.4350128
a;13755861370874;-9.555023;-5.3207703;0.7580261
a;13755881512475;-10.098358;-6.558304;-0.84039307
a;13755901654077;-11.000763;-4.5534515;-0.21466064
a;13755921795678;-11.449722;-1.4495087;1.9905701
a;13755941937280;-11.206375;0.24305725;2.3891296
a;13755962078881;-10.796509;-0.9050751;1.0264435
a;13755982220483;-10.267197;-1.7109985;0.33616638
a;13756002362085;-9.761383;-2.2507324;0.97935486
a;13756022503686;-9.480087;-2.7644653;1.5410461
a;13756042645288;-9.20929;-2.8739166;1.6801605
a;13756062786889;-8.850159;-2.6606445;1.716156
a;13756082928491;-8.550888;-2.5703888;1.4211731
a;13756103070092;-8.598236;-2.658493;0.89645386
a;13756123211694;-8.634308;-2.9827118;0.41729736
a;13756143353296;-8.502029;-3.2901611;0.14253235
a;13756163494897;-8.474899;-3.6940765;-0.039260864
a;13756183636499;-8.6210785;-4.036331;-0.1574707
a;13756203778100;-8.799835;-4.2454834;-0.2026825
a;13756223919702;-8.83905;-4.3357086;-0.15422058
a;13756244061303;-8.860138;-4.4064636;0.020431519
a;13756264202905;-9.203186;-4.4642334;0.20770264
a;13756284344506;-9.832733;-4.315796;0.20066833
a;13756304486108;-9.833221;-4.2559967;-0.004348755
a;13756324627710;-9.539352;-3.9979095;0.05329895
a;13756344769311;-9.5271;-3.620819;0.15457153
a;13756364910913;-9.526825;-3.3803558;0.3234253
a;13756385052514;-9.314224;-3.3177643;0.5341797
a;13756405194116;-9.145096;-3.3156738;0.6537323
a;13756425335717;-9.228119;-3.45401;0.8128357
a;13756445477319;-9.496216;-3.353836;0.8937073
a;13756465618921;-9.561478;-2.92984;1.2230377
a;13756485760522;-9.238525;-2.3988495;1.6338043
a;13756505902124;-9.309525;-2.0110474;1.8813324
a;13756526043725;-9.580811;-1.41008;1.4241486
a;13756546185327;-9.097137;-1.6896362;1.3218536
a;13756566326928;-8.7096405;-2.7120209;1.4098663
a;13756586468530;-9.114395;-3.1295624;1.2900238
a;13756606610131;-9.688705;-3.3260956;0.7539673
a;13756626751733;-9.843704;-3.5268402;0.3730774
a;13756646893335;-9.942474;-3.4675598;0.2969818
a;13756667034936;-10.119354;-3.3348541;0.37242126
a;13756687176538;-10.167664;-3.1774597;0.34617615
a;13756707318139;-9.977371;-3.1135101;0.38572693
a;13756727459741;-9.702667;-3.082306;0.44496155
a;13756747601342;-9.505142;-3.088623;0.51109314
a;13756767742944;-9.383408;-3.0294495;0.5200958
a;13756787884546;-9.195816;-3.054123;0.4677887
a;13756808026147;-9.103897;-3.0493011;0.48872375
a;13756828167749;-9.038147;-3.1625824;0.4569397
a;13756848309350;-9.0065;-3.2569885;0.35438538
a;13756868450952;-9.058594;-3.2153015;0.3728485
a;13756888592553;-9.188721;-3.2622375;0.422287
a;13756908734155;-9.272232;-3.3037415;0.51768494
a;13756928875756;-9.300919;-3.2723083;0.5522003
a;13756949017358;-9.338547;-3.3166656;0.576004
a;13756969158960;-9.357285;-3.338684;0.5780792
a;13756989300561;-9.370148;-3.2461548;0.6396637
a;13757009442163;-9.447586;-3.123825;0.90867615
a;13757029583764;-9.5121;-3.0024261;1.2046814
a;13757049725366;-9.51178;-2.8118134;1.4314728
a;13757069866967;-9.418198;-2.7968292;1.5828094
a;13757090008569;-9.33873;-2.8873138;1.5703735
a;13757110150171;-9.207703;-3.0846863;1.3764648
a;13757130291772;-9.17305;-3.3934937;1.0442047
a;13757150433374;-9.24324;-3.6664276;0.77090454
a;13757170574975;-9.257996;-3.6637726;0.6421051
a;13757190716577;-9.200836;-3.5460815;0.65893555
a;13757210858178;-9.179749;-3.5730133;0.63093567
a;13757230999780;-9.155457;-3.5184784;0.60124207
a;13757251141381;-9.200989;-3.5366364;0.62724304
a;13757271282983;-9.256668;-3.5884705;0.5910492
a;13757291424585;-9.24913;-3.6006165;0.570282
a;13757311566186;-9.254227;-3.620102;0.54667664
a;13757331707788;-9.234634;-3.6122284;0.5229187
a;13757351849389;-9.177353;-3.566574;0.5980072
a;13757371990991;-9.202637;-3.5558472;0.61761475
a;13757392132592;-9.226761;-3.475937;0.61735535
a;13757412274194;-9.266327;-3.4050598;0.73579407
a;13757432415796;-9.35585;-3.3387756;0.8296051
a;13757452557397;-9.417938;-3.236618;0.9075012
a;13757472698999;-9.403885;-3.158661;0.9300537
a;13757492840600;-9.449951;-3.1374512;0.8756256
a;13757512982202;-9.419388;-3.1830902;0.85975647
a;13757533123803;-9.37677;-3.2247314;0.8193054
a;13757553265405;-9.298859;-3.2848053;0.7552643
a;13757573407006;-9.325226;-3.325821;0.6872711
a;13757593548608;-9.314087;-3.3824768;0.6049957
a;13757613690210;-9.272736;-3.4335938;0.61746216
a;13757633831811;-9.296967;-3.4713135;0.6045532
a;13757653973413;-9.233398;-3.4809113;0.61994934
a;13757674115014;-9.236725;-3.4792328;0.64894104
a;13757694256616;-9.271759;-3.5154572;0.6264343
a;13757714398217;-9.334686;-3.5385132;0.64416504
a;13757734539819;-9.332794;-3.5345001;0.66648865
a;13757754681421;-9.290009;-3.4849396;0.7787781
a;13757774823022;-9.311096;-3.4214935;0.7944946
a;13757794964624;-9.291748;-3.410736;0.8500061
a;13757815106225;-9.293411;-3.387024;0.8492737
a;13757835247827;-9.327103;-3.361847;0.76452637
a;13757855389428;-9.347794;-3.418808;0.7050781
a;13757875531030;-9.339493;-3.4689178;0.7290344
a;13757895672631;-9.242584;-3.4296265;0.7145691
a;13757915814233;-9.240646;-3.402176;0.66467285
a;13757935955835;-9.249832;-3.4318848;0.7033844
a;13757956097436;-9.232727;-3.4235077;0.6867981
a;13757976239038;-9.285934;-3.4664612;0.69033813
a;13757996380639;-9.377411;-3.4935303;0.64009094
a;13758016522241;-9.317917;-3.4789124;0.6940918
a;13758036663842;-9.228165;-3.44841;0.7341919
a;13758056805444;-9.239777;-3.4143982;0.7783356
a;13758076947046;-9.256256;-3.4097443;0.7858124
a;13758097088647;-9.309769;-3.4157715;0.80963135
a;13758117230249;-9.323349;-3.431656;0.7858887
a;13758137371850;-9.253174;-3.443863;0.753006
a;13758157513452;-9.2842865;-3.4485016;0.7298126
a;13758177655053;-9.30574;-3.4318848;0.7322998
a;13758197796655;-9.307648;-3.4251404;0.74069214
a;13758217938256;-9.269806;-3.4272614;0.74565125
a;13758238079858;-9.228378;-3.4201965;0.7151489
a;13758258221460;-9.22728;-3.4270172;0.7082977
a;13758278363061;-9.282074;-3.4433746;0.67874146
a;13758298504663;-9.311752;-3.4579926;0.7162018
a;13758318646264;-9.299194;-3.475647;0.7757721
a;13758338787866;-9.258362;-3.4720306;0.8129425
a;13758358929467;-9.253006;-3.4646912;0.82844543
a;13758379071069;-9.272919;-3.46286;0.83125305
a;13758399212671;-9.286148;-3.461853;0.8215027
a;13758419354272;-9.309647;-3.4760284;0.83413696
a;13758439495874;-9.297668;-3.4689941;0.7662201
a;13758459637475;-9.287201;-3.4529877;0.753006
a;13758479779077;-9.264465;-3.4566803;0.7107849
a;13758499920678;-9.249771;-3.4259644;0.7029419
a;13758520062280;-9.26622;-3.3995972;0.74739075
a;13758540203881;-9.261475;-3.4073486;0.71458435
a;13758560345483;-9.269196;-3.4454193;0.7200165
a;13758580487085;-9.316467;-3.4303436;0.74472046
a;13758600628686;-9.265335;-3.426361;0.72073364
a;13758620770288;-9.2994995;-3.4778137;0.76667786
a;13758640911889;-9.351868;-3.4863129;0.77622986
a;13758661053491;-9.256454;-3.4306793;0.7903595
a;13758681195092;-9.226517;-3.4065857;0.8015747
a;13758701336694;-9.300003;-3.4274445;0.7832184
a;13758721478296;-9.256882;-3.4680634;0.7895355
a;13758741619897;-9.298004;-3.4698334;0.7232666
a;13758761761499;-9.391754;-3.4641724;0.65489197
a;13758781903100;-9.460876;-3.491806;0.58914185
a;13758802044702;-9.430069;-3.4358978;0.5750122
a;13758822186303;-9.154144;-3.4958496;0.56251526
a;13758842327905;-9.073914;-3.435379;0.6621094
a;13758862469506;-9.220428;-3.3825226;0.7618561
a;13758882611108;-9.244705;-3.3780975;0.86312866
a;13758902752710;-9.267166;-3.438736;1.0199127
a;13758922894311;-9.299408;-3.4866943;1.0811768
a;13758943035913;-9.229141;-3.4527588;1.0405273
a;13758963177514;-9.185211;-3.8877258;0.73091125
a;13758983319116;-9.310455;-3.9514008;0.6210022
a;13759003460717;-9.317398;-3.7388306;0.6810913
a;13759023602319;-9.244705;-3.560196;0.7262573
a;13759043743921;-9.218033;-3.5985107;0.64123535
a;13759063885522;-9.2043;-3.584076;0.6065216
a;13759084027124;-9.20993;-3.561386;0.61235046
a;13759104168725;-9.291626;-3.5310516;0.6520386
a;13759124310327;-9.324371;-3.5759277;0.6363983
a;13759144451928;-9.278076;-3.6117249;0.6218109
a;13759164593530;-9.192505;-3.558075;0.7096405
a;13759184735131;-9.2200165;-3.4866486;0.7151184
a;13759204876733;-9.266449;-3.4253845;0.7210388
a;13759225018335;-9.225967;-3.4309387;0.71580505
a;13759245159936;-9.16864;-3.4969025;0.6674042
a;13759265301538;-9.194061;-3.548935;0.68247986
a;13759285443139;-9.160736;-3.63385;0.69210815
a;13759305584741;-9.098145;-3.6852875;0.7887726
a;13759325726342;-9.093674;-3.8546295;0.8165436
a;13759345867944;-9.158112;-4.2309113;1.4088593
a;13759366009546;-9.592926;-4.603485;2.8918762
a;13759386151147;-10.033264;-4.9470367;4.1666107
a;13759406292749;-9.873047;-7.023361;3.3886566
a;13759426434350;-10.798965;-8.7104645;3.0092163
a;13759446575952;-11.462006;-9.605392;4.1285553
a;13759466717553;-10.95697;-9.202118;5.5773163
a;13759486859155;-10.179947;-8.342911;6.396179
a;13759507000756;-9.222366;-9.217865;6.1118774
a;13759527142358;-8.570129;-10.456268;5.0173798
a;13759547283960;-8.056;-10.799973;4.235916
a;13759567425561;-7.7551575;-9.92424;4.0219116
a;13759587567163;-7.1560516;-8.98288;3.8595428
a;13759607708764;-6.658249;-8.72847;3.4566498
a;13759627850366;-6.63855;-8.882706;3.1464996
a;13759647991967;-6.779709;-8.875229;2.6940002
a;13759668133569;-6.680649;-8.083389;2.0333405
a;13759688275171;-6.248459;-6.775131;1.6477966
a;13759708416772;-5.829132;-5.931595;1.8863525
a;13759728558374;-5.651932;-5.28598;2.4842682
a;13759748699975;-5.2707825;-4.479721;2.0038605
a;13759768841577;-4.325943;-3.9588928;1.6228943
a;13759788983178;-4.3337555;-2.794632;2.5789032
a;13759809124780;-5.122223;-2.3777008;3.2326813
a;13759829266381;-5.719345;-2.9016418;3.5343475
a;13759849407983;-6.324356;-2.433899;3.3045502
a;13759869549585;-7.237259;-2.4448547;3.3417053
a;13759889691186;-7.369873;-4.7649536;3.2919312
a;13759909832788;-7.661377;-4.684326;5.280426
a;13759929974389;-7.39505;-4.1882324;7.09816
a;13759950115991;-6.8092957;-4.4140472;6.9868317
a;13759970257592;-6.106537;-5.344589;4.4904785
a;13759990399194;-6.279724;-6.1548767;5.433777
a;13760010540796;-7.378708;-6.2529907;7.316757
a;13760030682397;-6.7400055;-2.7460938;8.348618
a;13760050823999;-5.4492645;-2.073761;8.0074005
a;13760070965600;-5.753952;-5.7441406;7.7673035
a;13760091107202;-6.207077;-6.7847443;8.9253845
a;13760111248803;-6.4736786;-4.566086;10.311981
a;13760131390405;-6.0299683;-5.0743103;9.306732
a;13760151532006;-4.959976;-3.1688232;7.679291
a;13760171673608;-3.468048;-1.9078369;8.769897
a;13760191815210;-4.7732086;-3.4979553;8.600418
a;13760211956811;-5.3814087;-3.43721;8.659088
a;13760232098413;-2.8971558;-1.790329;8.553253
a;13760252240014;-1.8702393;0.10411072;7.802429
a;13760272381616;-1.6117096;-0.7870941;6.592407
a;13760292523217;-1.6568909;-2.8070679;7.1645813
a;13760312673097;-1.532486;-2.433426;9.160355
a;13760332814699;-1.35466;-1.3337555;10.45961
a;13760352956300;-0.8236084;-2.2801208;10.412338
a;13760373097902;-0.020095825;-2.903183;9.56485
a;13760393239503;0.51290894;-1.2241364;8.403473
a;13760413381105;0.019805908;-1.5604095;7.5549164
a;13760433522706;-0.41423035;-2.1433105;7.45047
a;13760453664308;-0.3650818;-0.90657043;7.9248505
a;13760473805909;-0.40161133;-0.86576843;8.202164
a;13760493947511;-1.0259552;-2.0259857;8.158539
a;13760514089113;-2.062027;-4.0590973;6.121338
a;13760534230714;-2.1466675;-3.8239136;6.9648895
a;13760554372316;-2.1990967;-1.4253387;7.001175
a;13760574513917;-3.442154;-1.5536041;5.928131
a;13760594655519;-5.0744324;-3.387909;5.5709534
a;13760614797120;-6.0301666;-3.9482117;8.046219
a;13760634938722;-7.147537;-2.995758;8.286438
a;13760655080324;-8.535217;-2.9355927;6.89711
a;13760675221925;-9.379211;-3.319107;6.8087463
a;13760695363527;-10.12323;-4.3125;6.638672
a;13760715505128;-11.943817;-4.002426;6.4451294
a;13760735646730;-12.585144;-4.242935;5.814682
a;13760755788331;-11.448059;-5.246521;5.4162903
a;13760775929933;-10.979309;-5.0056;5.162613
a;13760796071534;-10.722977;-3.8386688;4.8799896
a;13760816213136;-11.748703;-4.843979;5.1672363
a;13760836354738;-10.89743;-5.154068;7.148361
a;13760856496339;-8.799622;-4.8585815;7.917099
a;13760876637941;-9.009369;-5.322281;7.481415
a;13760896779542;-10.591675;-6.8219604;5.6249237
a;13760916921144;-10.6553955;-5.358673;5.582794
a;13760937062745;-8.619202;-3.6766205;5.7989197
a;13760957204347;-8.112091;-5.0176544;5.6536713
a;13760977345949;-8.760681;-5.655304;5.8422394
a;13760997487550;-9.931671;-5.7433777;5.4777985
a;13761017629152;-9.373413;-4.4585114;5.050812
a;13761037770753;-7.4168396;-4.099869;5.1687164
a;13761057912355;-7.2904205;-3.5829468;5.5665283
a;13761078053956;-6.9525757;-3.817047;5.8906097
a;13761098195558;-5.930435;-4.1591187;5.4866486
a;13761118337159;-5.674011;-3.4100494;5.4424896
a;13761138478761;-5.5931396;-3.1585236;5.4149323
a;13761158620363;-5.7189026;-3.6349945;5.634613
a;13761178761964;-5.6855774;-3.3531952;6.0887756
a;13761198903566;-5.3952637;-3.198578;6.470871
a;13761219045167;-5.4480743;-3.835312;6.3215485
a;13761239186769;-6.257019;-3.7767334;6.316391
a;13761259328370;-6.723831;-3.0904236;6.284073
a;13761279469972;-6.1546783;-2.4096832;5.629181
a;13761299611574;-5.666504;-2.113739;5.8762817
a;13761319753175;-6.2352905;-2.6641235;7.3848877
a;13761339894777;-6.7016754;-4.705261;7.079773
a;13761360036378;-7.43721;-5.803009;6.16922
a;13761380177980;-8.761414;-4.866379;6.912842
a;13761400319581;-9.663834;-4.7503815;6.957138
a;13761420461183;-9.870728;-6.2974854;6.4354553
a;13761440602784;-10.319641;-6.7225647;6.042282
a;13761460744386;-10.685059;-8.582581;7.182556
a;13761480885988;-10.928223;-7.1883698;7.836563
a;13761501027589;-10.382858;-5.316757;6.9375916
a;13761521169191;-9.83754;-5.7789154;6.2514496
a;13761541310792;-9.427414;-5.9255066;4.6569366
a;13761561452394;-8.036545;-4.1572723;5.3289795
a;13761581593995;-6.9635315;-4.78862;5.4428406
a;13761601735597;-5.491745;-5.2861633;5.999893
a;13761621877199;-4.554184;-4.300003;7.8154297
a;13761642018800;-4.163452;-3.6118622;8.03125
a;13761662160402;-2.669281;-2.9123993;7.2815094
a;13761682302003;-1.3563843;-2.2055054;6.5551453
a;13761702443605;-0.84776306;-2.027832;6.9520416
a;13761722585206;-0.9422302;-2.4252014;6.736511
a;13761742726808;-0.01222229;-1.7374878;6.176071
a;13761762868409;0.661499;-1.333313;5.6538086
a;13761783010011;0.17353821;-1.2247162;5.962448
a;13761803151613;-0.39271545;-0.3903656;6.533722
a;13761823293214;-0.54460144;-0.57681274;5.991516
a;13761843434816;-0.3353424;-0.37153625;6.3894653
a;13761863576417;-0.60025024;0.94065857;7.3419495
a;13761883718019;-0.8252106;1.6270294;6.7902985
a;13761903859620;-0.5858612;-0.28242493;4.941803
a;13761924001222;-2.2341003;-0.8273468;7.2315826
a;13761944142824;-5.7575226;-3.380249;9.799774
a;13761964284425;-7.3693237;-2.6549072;7.6682434
a;13761984426027;-6.4518433;-1.5278778;4.5096436
a;13762004567628;-7.959549;-5.3776093;4.454468
a;13762024709230;-13.021973;-10.267105;7.179306
a;13762044850831;-15.973801;-10.568085;6.274994
a;13762064992433;-14.439819;-5.7700653;7.673172
a;13762085134034;-11.347794;-2.5559692;6.2836304
a;13762105275636;-11.593353;-2.1378021;2.5208588
a;13762125417238;-13.523285;-7.409317;2.8529816
a;13762145558839;-11.959824;-6.5903015;5.6731415
a;13762165700441;-9.586578;-3.6967926;4.6110077
a;13762185842042;-9.89682;-7.002594;2.3412018
a;13762205983644;-10.303955;-9.355911;2.6944122
a;13762226125245;-9.308243;-7.083359;5.2808228
a;13762246266847;-8.387619;-6.3059387;5.788254
a;13762266408449;-8.961212;-5.8617554;6.949188
a;13762286550050;-8.546799;-5.7327423;8.48349
a;13762306691652;-8.462631;-5.5132904;8.149582
a;13762326833253;-8.175415;-5.1071625;6.7085266
a;13762346974855;-8.382217;-4.80661;7.380844
a;13762367116456;-7.3834686;-3.8141022;6.671097
a;13762387258058;-6.2313995;-2.8676605;5.8118286
a;13762407399659;-5.8913116;-2.8959656;5.5362244
a;13762427541261;-5.842743;-4.0356903;6.005661
a;13762447682863;-6.405365;-4.449707;5.804886
a;13762467824464;-6.6029816;-4.2859344;5.362793
a;13762487966066;-6.6014557;-3.2965698;5.934204
a;13762508107667;-6.634857;-3.8938751;5.6775665
a;13762528249269;-6.720703;-4.101486;5.1411285
a;13762548390870;-7.1298065;-4.287323;5.3591766
a;13762568532472;-7.236023;-5.4621735;6.0887756
a;13762588674074;-8.259537;-4.822815;6.633011
a;13762608815675;-8.576355;-3.093933;5.5964813
a;13762628957277;-7.726364;-2.9200134;3.6750946
a;13762649098878;-6.7666473;-3.3355408;3.5166168
a;13762669240480;-6.5580444;-3.7892914;5.005615
a;13762689382081;-6.831558;-3.3276825;5.1416016
a;13762709523683;-7.144623;-2.9012756;5.312378
a;13762729665284;-8.240646;-2.8479767;6.287903
a;13762749806886;-9.142303;-3.4032135;6.586151
a;13762769948488;-9.878189;-3.8973083;6.6918945
a;13762790090089;-10.876846;-5.8052216;6.351227
a;13762810231691;-11.913834;-5.2471924;7.3897705
a;13762830373292;-13.230225;-4.244171;8.598862
a;13762850514894;-12.618164;-5.1124725;6.4031982
a;13762870656495;-11.777283;-5.0915527;5.0034943
a;13762890798097;-10.526596;-5.8637085;6.0017853
a;13762910939699;-8.640732;-3.7619476;7.160843
a;13762931081300;-6.883423;-2.536438;7.6344604
a;13762951222902;-4.043228;-3.6960297;6.8178864
a;13762971364503;-3.7836304;-2.6144257;6.9487305
a;13762991506105;-2.5750885;-2.97406;6.188568
a;13763011647706;-1.2034912;-2.072052;5.7581024
a;13763031789308;-1.0569458;-1.5939941;5.9532623
a;13763051930909;-0.81840515;-1.3124084;5.872284
a;13763072072511;-0.7450104;-0.90205383;6.0550537
a;13763092214113;-0.56407166;-1.6951752;6.5702667
a;13763112355714;-0.33587646;-1.5072327;7.354904
a;13763132497316;-0.5276489;-2.2141113;6.743347
a;13763152638917;-0.5296173;-0.7437134;6.8001404
a;13763172780519;-0.9938965;-0.41392517;6.7179565
a;13763192922120;-1.6938324;-1.0299835;6.497864
a;13763213063722;-1.7971191;-1.4869843;6.225769
a;13763233205324;-2.0117645;-3.3396454;6.8829803
a;13763253346925;-2.724701;-2.9745789;7.292328
a;13763273488527;-3.8407288;-1.0619049;7.563843
a;13763293630128;-4.2012177;-0.34655762;6.910095
a;13763313771730;-4.167572;-0.69436646;6.6520386
a;13763333913331;-5.0833893;-2.4213867;6.2858124
a;13763354054933;-7.109558;-3.215393;7.051544
a;13763374196534;-9.151001;-2.871231;7.6595
a;13763394338136;-10.030746;-4.0161133;5.4160004
a;13763414479738;-11.15918;-4.439209;4.1100616
a;13763434621339;-13.341751;-3.6034698;3.926529
a;13763454762941;-14.805298;-4.4911194;3.883194
a;13763474904542;-13.576935;-4.832947;3.1873016
a;13763495046144;-12.418961;-2.3679504;3.0781555
a;13763515187745;-12.260834;-1.4093018;3.4597778
a;13763535329347;-11.201279;-2.7012634;3.6720734
a;13763555470949;-10.084473;-4.697418;2.8327942
a;13763575612550;-10.712418;-3.0714264;3.9956665
a;13763595754152;-10.950607;-1.2388153;5.731903
a;13763615895753;-10.930923;-3.7072296;5.2439423
a;13763636037355;-11.389206;-5.526657;3.477066
a;13763656178956;-11.451614;-5.565338;3.5867462
a;13763676320558;-10.501068;-6.4948425;4.6046753
a;13763696462159;-10.016678;-6.538147;6.232544
a;13763716603761;-9.650787;-2.5725403;8.099533
a;13763736745363;-10.7267;-2.639267;8.932785
a;13763756886964;-9.67775;-3.6529694;8.982239
a;13763777028566;-8.399155;-4.3139343;8.257263
a;13763797170167;-7.2957153;-4.9956055;7.1956024
a;13763817311769;-7.1293945;-4.5598297;5.810196
a;13763837453370;-6.854767;-3.6595917;4.243805
a;13763857594972;-6.04718;-3.1487427;3.6401825
a;13763877736574;-5.423813;-3.9045258;4.191681
a;13763897878175;-6.062866;-4.546509;5.2801666
a;13763918019777;-6.6226196;-4.552231;5.982712
a;13763938161378;-6.615402;-4.3576965;5.73761
a;13763958302980;-6.690857;-4.0738983;5.479965
a;13763978444581;-6.9583435;-4.140579;5.470108
a;13763998586183;-6.4884796;-4.0838165;5.2754974
a;13764018727784;-6.077759;-4.3412476;5.032181
a;13764038869386;-6.6965485;-4.5345154;6.317383
a;13764059010988;-8.489014;-3.777771;6.010254
a;13764079152589;-8.065598;-2.8328705;4.302765
a;13764099294191;-7.5831146;-3.8105469;4.2646027
a;13764119435792;-8.068909;-3.2865448;5.177109
a;13764139577394;-8.258835;-3.470398;5.064926
a;13764159718995;-7.648987;-3.506012;5.164139
a;13764179860597;-7.686905;-3.8013306;5.660797
a;13764200002199;-8.511612;-4.0407257;6.6644745
a;13764220143800;-9.304123;-3.7895813;6.7343445
a;13764240285402;-9.399384;-3.6907043;5.71402
a;13764260427003;-9.54599;-4.2556763;5.7494965
a;13764280568605;-9.527481;-4.6586914;8.05101
a;13764300710206;-9.580383;-7.0309296;8.821915
a;13764320851808;-8.747162;-6.5185547;5.77594
a;13764340993409;-7.6154633;-5.1279144;4.696213
a;13764361135011;-5.944565;-4.8497314;7.1428223
a;13764381276613;-4.972168;-5.000305;9.81192
a;13764401418214;-4.7177277;-7.04628;7.3094177
a;13764421559816;-3.2566528;-6.6544037;6.4271393
a;13764441701417;-1.3154602;-6.5434875;7.514084
a;13764461843019;-1.879303;-4.991211;9.09198
a;13764481984620;-3.230362;-2.9664612;9.433762
a;13764502126222;-2.0368958;-3.2310638;8.56369
a;13764522267824;-0.8054657;-4.7153625;8.598022
a;13764542409425;-0.97824097;-5.400131;8.768845
a;13764562551027;-1.8498993;-3.7363129;9.263504
a;13764582692628;-2.1069336;-2.004013;9.160431
a;13764602834230;-1.6746368;-2.7049408;9.036835
a;13764622975831;-1.8459167;-2.9204865;9.572205
a;13764643117433;-1.7825623;-3.0167694;10.195343
a;13764663259034;-1.0188141;-2.866562;9.856766
a;13764683400636;-1.0559082;-2.2371063;9.871262
a;13764703542238;-1.5774994;-1.9590759;10.392731
a;13764723683839;-1.1483154;-2.4234314;10.741669
a;13764743825441;-0.7717438;-4.0358887;10.279755
a;13764763967042;-0.5980835;-4.376892;9.507568
a;13764784108644;-0.77453613;-3.5440674;8.993317
a;13764804250245;-1.2421265;-3.093521;8.799515
a;13764824391847;-1.3650055;-3.4601288;8.435638
a;13764844533449;-1.1270142;-3.9937744;8.533813
a;13764864675050;-1.2212982;-3.9449463;9.257507
a;13764884816652;-2.0802917;-3.4281158;9.044983
a;13764904958253;-2.4200745;-3.2959442;8.419174
a;13764925099855;-2.3467712;-3.372345;7.981659
a;13764945241456;-2.6418304;-3.8544312;8.315201
a;13764965383058;-2.9619446;-3.112976;9.050339
a;13764985524659;-3.0669403;-3.107666;8.784485
a;13765005666261;-2.901184;-3.128601;8.327713
a;13765025807863;-3.1786041;-2.7644043;8.425186
a;13765045949464;-3.5948944;-1.8921661;9.304306
a;13765066091066;-3.4194489;-2.3624725;9.350098
a;13765086232667;-3.0304108;-3.3034973;9.108643
a;13765106374269;-3.1197662;-3.283142;9.298889
a;13765126515870;-3.2742462;-2.0468597;9.650665
a;13765146657472;-3.2204437;-1.7186279;9.511307
a;13765166799074;-3.2460938;-2.445282;9.1017
a;13765186940675;-3.2471619;-2.598343;9.575455
a;13765207082277;-3.2676697;-2.286316;9.73613
a;13765227223878;-3.392868;-2.2797394;9.2018585
a;13765247365480;-3.227234;-2.367752;8.718903
a;13765267507081;-3.1598969;-1.947464;8.819717
a;13765287648683;-3.6769257;-1.859314;9.032455
a;13765307790284;-3.9989014;-1.799118;8.950562
a;13765327931886;-3.494339;-1.5466919;8.805664
a;13765348073488;-3.2068634;-1.3476563;7.974823
a;13765368215089;-3.885254;-1.6422119;7.2183075
a;13765388356691;-4.9205933;-1.7066193;7.9805603
a;13765408498292;-4.822769;-1.8091125;8.952301
a;13765428639894;-4.040207;-0.5311127;7.8276215
a;13765448781495;-5.161194;-1.2476501;8.451248
a;13765468923097;-5.095749;-2.0811462;7.1457977
a;13765489064699;-5.061615;-1.7801514;6.5312653
a;13765509206300;-4.61528;-2.9712524;6.613922
a;13765529347902;-5.1016693;-3.5347595;6.4100037
a;13765549489503;-5.34935;-2.9544067;5.840317
a;13765569631105;-4.171829;-3.0173645;4.864044
a;13765589772706;-2.4803925;-4.1209106;4.2589417
a;13765609914308;-2.4417877;-4.833435;5.9608917
a;13765630055909;-3.6051788;-4.842926;6.826874
a;13765650197511;-3.309845;-3.9747772;5.8270416
a;13765670339113;-1.151123;-3.5355377;5.567444
a;13765690480714;-0.20379639;-4.392166;6.6269073
a;13765710622316;-1.8197327;-5.7109833;7.74234
a;13765730763917;-3.3975983;-5.5968018;8.226486
a;13765750905519;-3.042038;-5.4877014;7.406845
a;13765771047120;-1.9006958;-5.582535;7.3886414
a;13765791188722;-2.3621216;-5.680725;7.91333
a;13765811330324;-3.8565674;-6.022751;8.554855
a;13765831471925;-4.4757996;-5.9564056;8.817673
a;13765851613527;-3.5861206;-5.675949;8.478088
a;13765871755128;-3.5749817;-5.8112793;7.6199036
a;13765891896730;-5.113922;-6.7263947;7.7495728
a;13765912038331;-6.3869324;-6.925659;8.340805
a;13765932179933;-6.437607;-5.868881;8.972427
a;13765952321534;-6.1290283;-5.159775;8.847839
a;13765972463136;-6.5630646;-4.812393;7.9277954
a;13765992604738;-7.5784454;-4.2319794;6.6739807
a;13766012746339;-8.33931;-4.055542;5.454834
a;13766032887941;-8.576035;-4.23114;4.6615753
a;13766053029542;-8.941956;-4.4211273;4.017502
a;13766073171144;-9.865189;-4.6219482;3.2745209
a;13766093312745;-10.846237;-5.0183716;2.6880035
a;13766113454347;-11.702469;-5.514694;2.3183289
a;13766133595949;-12.22583;-5.879303;1.9895477
a;13766153737550;-12.203522;-5.8432465;1.6921234
a;13766173879152;-11.805283;-5.3393555;1.6984711
a;13766194020753;-11.278687;-4.658371;1.7775116
a;13766214162355;-11.013718;-3.9393768;1.8097839
a;13766234303956;-10.692825;-3.1595917;1.6324158
a;13766254445558;-10.176071;-2.7491913;1.6015167
a;13766274587159;-9.803925;-2.7476044;1.4179688
a;13766294728761;-9.851059;-2.8491669;1.3987122
a;13766314870363;-9.675751;-2.7787018;1.3699188
a;13766335011964;-9.001251;-2.956009;1.4551849
a;13766355153566;-8.523514;-3.3610382;1.485199
a;13766375295167;-8.730484;-3.685852;1.4035339
a;13766395436769;-9.03743;-3.7704468;1.1960754
a;13766415578370;-8.883896;-3.7063904;1.0699463
a;13766435719972;-8.4674835;-3.7392426;1.017807
a;13766455861574;-8.588745;-3.836197;0.91885376
a;13766476003175;-9.150391;-3.670105;0.88378906
a;13766496144777;-9.398407;-3.4547272;0.74468994
a;13766516286378;-9.255447;-3.5395355;0.6527252
a;13766536427980;-9.376709;-3.7072754;0.6365204
a;13766556569581;-9.741165;-3.7202454;0.6435394
a;13766576711183;-9.888031;-3.5288544;0.69055176
a;13766596852784;-9.637482;-3.4711761;0.7073059
a;13766616994386;-9.43898;-3.465744;0.7025757
a;13766637135988;-9.430832;-3.439743;0.7404022
a;13766657277589;-9.502991;-3.2874298;0.8269806
a;13766677419191;-9.39415;-3.202362;0.75743103
a;13766697560792;-9.150467;-3.249405;0.6863861
a;13766717702394;-9.035049;-3.3062134;0.72135925
a;13766737843995;-9.105026;-3.2944946;0.7551727
a;13766757985597;-9.170242;-3.2547455;0.8436279
a;13766778127199;-9.176575;-3.2323608;0.8574219
a;13766798268800;-9.158218;-3.3142548;0.709198
a;13766818410402;-9.130951;-3.4046326;0.6530304
a;13766838552003;-9.15567;-3.441391;0.6891937
a;13766858693605;-9.1879425;-3.4414063;0.7530823
a;13766878835206;-9.22554;-3.4090881;0.7449646
a;13766898976808;-9.259155;-3.4749603;0.67430115
a;13766919118409;-9.241379;-3.5201874;0.7183533
a;13766939260011;-9.223862;-3.5098724;0.7603302
a;13766959401613;-9.222092;-3.486496;0.80911255
a;13766979543214;-9.292862;-3.401291;0.82250977
a;13766999684816;-9.343674;-3.4190063;0.7597351
a;13767019826417;-9.255905;-3.5319977;0.7025604
a;13767039968019;-9.240112;-3.6059723;0.6889801
a;13767060109620;-9.277466;-3.6045837;0.73298645
a;13767080251222;-9.297241;-3.5552979;0.75297546
a;13767100392824;-9.289383;-3.518982;0.7691345
a;13767120534425;-9.299698;-3.5448608;0.7570648
a;13767140676027;-9.274429;-3.5737152;0.73869324
a;13767160817628;-9.215851;-3.59935;0.7132721
a;13767180959230;-9.311676;-3.6378632;0.75712585
a;13767201100831;-9.3719635;-3.6331177;0.80326843
a;13767221242433;-9.248779;-3.5785522;0.85466003
a;13767241384034;-9.216309;-3.5532074;0.8881531
a;13767261525636;-9.240799;-3.5550995;0.8690338
a;13767281667238;-9.266357;-3.5272522;0.8818817
a;13767301808839;-9.298157;-3.5158386;0.86351013
a;13767321950441;-9.322479;-3.5318146;0.88256836
a;13767342092042;-9.331375;-3.52182;0.8561859
a;13767362233644;-9.266006;-3.5037384;0.86312866
a;13767382375245;-9.300064;-3.4785461;0.8505249
a;13767402516847;-9.2773285;-3.4823456;0.7429657
a;13767422658449;-9.26915;-3.5004425;0.7680664
a;13767442800050;-9.2599945;-3.4950256;0.8005371
a;13767462941652;-9.227707;-3.4710083;0.81004333
a;13767483083253;-9.303711;-3.4233398;0.75831604
a;13767503224855;-9.372971;-3.4260406;0.72229004
a;13767523366456;-9.28653;-3.453659;0.7476349
a;13767543508058;-9.209122;-3.4486084;0.78842163
a;13767563649659;-9.1818695;-3.4290924;0.8230438
a;13767583791261;-9.182632;-3.399109;0.8066406
a;13767603932863;-9.233902;-3.3826752;0.8098755
a;13767624074464;-9.264557;-3.4113922;0.7901306
a;13767644216066;-9.236191;-3.462616;0.8154297
a;13767664357667;-9.237259;-3.4816132;0.81585693
a;13767684499269;-9.236816;-3.4914246;0.78434753
a;13767704640870;-9.25296;-3.484497;0.8136444
a;13767724782472;-9.273529;-3.4748993;0.80522156
a;13767744924074;-9.256058;-3.5080566;0.80314636
a;13767765065675;-9.226227;-3.5220337;0.84303284
a;13767785207277;-9.248642;-3.5285187;0.80459595
a;13767805348878;-9.269363;-3.5512543;0.77941895
a;13767825490480;-9.2812805;-3.5586853;0.81185913
a;13767845632081;-9.271622;-3.5387268;0.7908783
a;13767865773683;-9.261658;-3.5533905;0.80226135
a;13767885915284;-9.250198;-3.5698242;0.78089905
a;13767906056886;-9.270966;-3.5531921;0.8150482
a;13767926198488;-9.270782;-3.5659332;0.78681946
a;13767946340089;-9.278183;-3.564743;0.768692
a;13767966481691;-9.327866;-3.5713654;0.80870056
a;13767986623292;-9.251892;-3.561142;0.7975311
a;13768006764894;-9.20517;-3.5200653;0.81651306
a;13768026906495;-9.270004;-3.5231018;0.8020477
a;13768047048097;-9.272903;-3.5001678;0.8308716
a;13768067189699;-9.338211;-3.5203857;0.87228394
a;13768087331300;-9.56134;-3.5454407;0.8939667
a;13768107472902;-9.627197;-3.5339508;0.8957367
a;13768127614503;-9.378937;-3.4918365;0.84402466
a;13768147756105;-9.135391;-3.464569;0.9354553
a;13768167897706;-9.136307;-3.4327545;0.95925903
a;13768188039308;-9.170654;-3.4302063;0.9602356
a;13768208180909;-9.207123;-3.455124;0.8484955
a;13768228322511;-9.2200165;-3.476471;0.8876343
a;13768248464113;-9.215271;-3.4841156;0.84375
a;13768268605714;-9.2417145;-3.5120544;0.7681732
a;13768288747316;-9.248276;-3.5521393;0.7594757
a;13768308888917;-9.219894;-3.5570679;0.7684326
a;13768329030519;-9.204681;-3.5383453;0.7465515
a;13768349172120;-9.150513;-3.556778;0.7152252
a;13768369313722;-9.123993;-3.5771637;0.75120544
a;13768389455324;-9.1822815;-3.5705872;0.7750702
a;13768409596925;-9.249084;-3.5471191;0.74458313
a;13768429738527;-9.224762;-3.5701447;0.7312622
a;13768449880128;-9.203262;-3.5764008;0.792572
a;13768470021730;-9.203842;-3.5480652;0.79940796
a;13768490163331;-9.239212;-3.5447388;0.7707672
a;13768510304933;-9.319824;-3.5556335;0.7901306
a;13768530446534;-9.302017;-3.5566711;0.79940796
a;13768550588136;-9.271454;-3.5386963;0.83013916
a;13768570729738;-9.220154;-3.4866486;0.8675537
a;13768590871339;-9.207245;-3.494461;0.8564453
a;13768611012941;-9.22937;-3.4935913;0.9091339
a;13768631154542;-9.223114;-3.4898987;0.8715668
a;13768651296144;-9.205429;-3.5096588;0.868927
a;13768671437745;-9.2200775;-3.5524597;0.8891754
a;13768691579347;-9.273193;-3.5526428;0.9219818
a;13768711720949;-9.271317;-3.5029602;0.9218445
a;13768731862550;-9.327927;-3.53273;0.86712646
a;13768752004152;-9.347565;-3.529007;0.89793396
a;13768772145753;-9.267197;-3.533844;0.86927795
a;13768792287355;-9.240204;-3.4990082;0.8516998
a;13768812428956;-9.272308;-3.5191345;0.8803253
a;13768832570558;-9.217468;-3.481308;0.8568573
a;13768852712159;-9.199036;-3.493332;0.81770325
a;13768872853761;-9.256226;-3.5285187;0.8193512
a;13768892995363;-9.264786;-3.5408173;0.79911804
a;13768913136964;-9.258057;-3.5302734;0.82022095
a;13768933278566;-9.289581;-3.547058;0.82318115
a;13768953420167;-9.238495;-3.5581665;0.8465271
a;13768973561769;-9.210388;-3.5266266;0.8863983
a;13768993703370;-9.292007;-3.5259857;0.87535095
a;13769013844972;-9.270401;-3.539627;0.84588623
a;13769033986574;-9.294312;-3.5642853;0.8710022
a;13769054128175;-9.276749;-3.5711212;0.83128357
a;13769074269777;-9.260162;-3.5318604;0.8842621
a;13769094411378;-9.222824;-3.4951935;0.95129395
a;13769114552980;-9.256653;-3.4994507;0.9181824
a;13769134694581;-9.257874;-3.5344849;0.9040985
a;13769154836183;-9.28981;-3.5585938;0.85946655
a;13769174977784;-9.250259;-3.5654907;0.84288025
a;13769195119386;-9.226227;-3.5444336;0.86428833
a;13769215260988;-9.212097;-3.5585785;0.82910156
a;13769235402589;-9.242004;-3.5618896;0.83699036
a;13769255544191;-9.246857;-3.5687408;0.8114319
a;13769275685792;-9.2539215;-3.5881958;0.8428955
a;13769295827394;-9.23851;-3.591446;0.8354187
a;13769315968995;-9.249023;-3.5607452;0.7763214
a;13769336110597;-9.219208;-3.545929;0.7488861
a;13769356252199;-9.173843;-3.5449371;0.7731323
a;13769376393800;-9.242538;-3.5551147;0.78634644
a;13769396535402;-9.231537;-3.5374146;0.7974701
a;13769416677003;-9.231674;-3.5346527;0.8435974
a;13769436818605;-9.24614;-3.5265503;0.8211212
a;13769456960206;-9.297684;-3.478897;0.9113312
a;13769477101808;-9.266296;-3.4563751;0.8963623
a;13769497243409;-9.244278;-3.4979858;0.8900299
a;13769517385011;-9.307999;-3.5440826;0.86021423
a;13769537526613;-9.254608;-3.5512695;0.8605957
a;13769557668214;-9.167282;-3.5293427;0.89190674
a;13769577809816;-9.244049;-3.534851;0.8638458
a;13769597951417;-9.2842865;-3.5707397;0.85609436
a;13769618093019;-9.253052;-3.5791168;0.85406494
a;13769638234620;-9.236633;-3.5887299;0.8195343
a;13769658376222;-9.239944;-3.5756989;0.80337524
a;13769678517824;-9.252472;-3.5929413;0.81858826
a;13769698659425;-9.253342;-3.614212;0.840744
a;13769718801027;-9.2204895;-3.5674133;0.84033203
a;13769738942628;-9.227417;-3.590454;0.8560486
a;13769759084230;-9.274033;-3.6202393;0.8378601
a;13769779225831;-9.243744;-3.5859833;0.8660736
a;13769799367433;-9.238159;-3.5626373;0.8822937
a;13769819509034;-9.277008;-3.5335236;0.86647034
a;13769839650636;-9.242294;-3.5464325;0.89356995
a;13769859792238;-9.253418;-3.5387268;0.8659668
a;13769879933839;-9.253159;-3.5397644;0.8415375
a;13769900075441;-9.257065;-3.567459;0.8389435
a;13769920217042;-9.250168;-3.5651703;0.8335266
a;13769940358644;-9.23439;-3.5300598;0.797287
a;13769960500245;-9.204407;-3.510147;0.76023865
a;13769980641847;-9.187775;-3.5447235;0.7694855
a;13770000783449;-9.206604;-3.564911;0.75315857
a;13770020925050;-9.238129;-3.5421448;0.80610657
a;13770041066652;-9.262711;-3.5454712;0.7766266
a;13770061208253;-9.266464;-3.5618591;0.79315186
a;13770081349855;-9.249115;-3.5543976;0.8017273
a;13770101491456;-9.23851;-3.5613556;0.8034973
a;13770121633058;-9.228241;-3.5492706;0.8243408
a;13770141774659;-9.214905;-3.555893;0.8434448
a;13770161916261;-9.217972;-3.5440216;0.8606262
a;13770182057863;-9.230026;-3.56604;0.82206726
a;13770202199464;-9.289597;-3.5902557;0.81910706
a;13770222341066;-9.2939;-3.585617;0.85453796
a;13770242482667;-9.276123;-3.6104126;0.8218231
a;13770262624269;-9.254425;-3.5774994;0.8512726
a;13770282765870;-9.19928;-3.5463715;0.7500305
a;13770302879154;-9.265213;-3.5698547;0.77700806
a;13770323020756;-9.3667145;-3.572052;0.7646332
a;13770343162357;-9.257721;-3.5391998;0.7979431
a;13770363303959;-9.171539;-3.5313568;0.797348
a;13770383445560;-9.257935;-3.4971771;0.83732605
a;13770403587162;-9.286667;-3.4868011;0.83018494
a;13770423728763;-9.278885;-3.5219727;0.7876892
a;13770443870365;-9.2655945;-3.5371246;0.7574768
a;13770464011966;-9.277924;-3.5416565;0.7475128
a;13770484153568;-9.276047;-3.5008087;0.74349976
a;13770504295170;-9.2716675;-3.4724884;0.73605347
a;13770524436771;-9.226868;-3.5134277;0.7397461
a;13770544578373;-9.209412;-3.5304565;0.751709
a;13770564719974;-9.276962;-3.480545;0.7643585
a;13770584861576;-9.240738;-3.4854126;0.74279785
a;13770605003177;-9.280945;-3.5011597;0.7176056
a;13770625144779;-9.287613;-3.5337524;0.75749207
a;13770645286381;-9.226746;-3.5373535;0.7127075
a;13770665427982;-9.24295;-3.4921112;0.73683167
a;13770685569584;-9.230469;-3.4870453;0.7578888
a;13770705711185;-9.205017;-3.5102844;0.768631
a;13770725852787;-9.256531;-3.5109863;0.7949829
a;13770745994388;-9.277222;-3.5270538;0.7989044
a;13770766135990;-9.244293;-3.5383759;0.8544769
a;13770786277591;-9.228714;-3.5505981;0.8787384
a;13770806419193;-9.223999;-3.5674744;0.88804626
a;13770826560795;-9.222488;-3.587677;0.9295807
a;13770846702396;-9.2777405;-3.794754;1.033493
a;13770866843998;-9.388046;-4.011841;1.3595734
a;13770886985599;-9.599579;-4.9055786;1.5474396
a;13770907127201;-9.976364;-5.572235;1.6799011
a;13770927268802;-10.459793;-6.0375214;1.9264374
a;13770947410404;-11.197266;-7.5957794;2.4493103
a;13770967552006;-11.814804;-9.61792;2.2346191
a;13770987693607;-12.022263;-11.628754;1.5069275
a;13771007835209;-12.377197;-11.80986;1.8049164
a;13771027976810;-12.264343;-11.301651;2.9252777
a;13771048118412;-11.686554;-10.852112;3.8994598
a;13771068260013;-11.176239;-11.244125;3.657013
a;13771088401615;-10.73349;-10.71727;2.7160797
a;13771108543216;-9.430496;-9.203552;2.7947083
a;13771128684818;-7.048538;-7.6463623;3.676178
a;13771148826420;-5.9169617;-6.7914886;4.0911865
a;13771163932621;-5.4967194;-5.5764923;3.8886871
a;13771184074222;-4.582123;-4.7259827;3.4893646
a;13771199180423;-3.5556946;-4.476486;3.1737213
a;13771219322025;-2.6827545;-3.8478088;3.1603699
a;13771239463627;-2.183319;-3.1780396;3.533554
a;13771259605228;-1.6860352;-2.9645538;4.036194
a;13771279746830;-1.3718109;-3.7108307;4.3782806
a;13771299888431;-1.1953583;-4.214279;4.8075104
a;13771320030033;-0.81726074;-3.8145905;5.0961
a;13771340171634;-0.17785645;-3.5934143;6.1127167
a;13771360313236;0.33488464;-4.147522;6.764969
a;13771380454838;0.6589813;-4.390167;6.580139
a;13771400596439;0.8302002;-3.61026;7.120697
a;13771420738041;1.1095581;-3.9493713;7.387787
a;13771440879642;1.334259;-4.248703;7.6655426
a;13771461021244;1.5238342;-4.515091;8.241425
a;13771481162845;1.6486816;-4.5234833;8.632782
a;13771501304447;1.8169861;-4.213623;8.561218
a;13771521446048;2.0351715;-4.836624;8.374237
a;13771541587650;2.0608063;-5.3336334;8.912827
a;13771561729252;1.9809113;-4.982315;9.573486
a;13771581870853;2.1111298;-4.970688;9.249817
a;13771602012455;2.3605957;-4.7933197;8.969589
a;13771622154056;2.5060577;-4.6881104;8.498199
a;13771642295658;2.4348907;-4.6236877;8.422852
a;13771662437259;2.3048706;-4.554123;8.618561
a;13771682578861;2.3526764;-4.353424;8.715866
a;13771702720463;2.4267273;-4.5375366;8.694519
a;13771722862064;2.2757568;-4.394516;8.8580475
a;13771743003666;2.2380219;-4.697937;8.677277
a;13771763145267;2.3068542;-4.7022705;8.801224
a;13771783286869;2.3062744;-4.7169952;8.769058
a;13771803428470;2.3423767;-4.506439;8.918137
a;13771823570072;2.2451935;-4.4183197;8.909424
a;13771843711673;2.2728424;-4.5048523;9.38028
a;13771863853275;2.233261;-5.0414886;9.134293
a;13771883994877;2.2057495;-4.9492035;9.153381
a;13771904136478;2.2318878;-4.1090546;8.91571
a;13771924278080;2.0189667;-3.2578888;9.484268
a;13771944419681;2.0445404;-2.969513;9.742477
a;13771964561283;2.256195;-2.587677;9.730164
a;13771984702884;2.0596924;-3.022934;9.202881
a;13772004844486;2.1713104;-3.0227509;9.059219
a;13772024986088;2.3170166;-3.4244385;8.565765
a;13772045127689;2.6560516;-3.63031;8.773117
a;13772065269291;2.8257904;-3.7399597;9.047501
a;13772085410892;3.1602325;-4.511566;8.775696
a;13772105552494;3.1330414;-4.750702;8.323761
a;13772125694095;3.0445404;-4.2093964;7.151581
a;13772145835697;2.922699;-4.844574;6.4004364
a;13772165977298;2.5852966;-6.5147705;7.879959
a;13772186118900;2.0644073;-7.741379;9.504517
a;13772206260502;1.9605713;-8.080292;10.329773
a;13772226402103;2.589981;-7.325424;8.5091095
a;13772246543705;2.5047302;-6.2894897;8.621841
a;13772266685306;1.5805817;-5.7173157;8.737656
a;13772286826908;0.7862091;-5.23938;8.544968
a;13772306968509;0.42720032;-4.4721527;9.035309
a;13772327110111;0.6145325;-3.6128082;9.946487
a;13772347251713;0.8223877;-2.9735565;10.468582
a;13772367393314;0.9806366;-2.291565;10.171463
a;13772387534916;0.86021423;-1.4027252;9.893127
a;13772407676517;0.4380951;-0.887619;9.625824
a;13772427818119;0.18751526;-0.5486145;9.661697
a;13772447959720;0.16967773;-0.45861816;9.903091
a;13772468101322;0.3086853;-0.6354065;9.599319
a;13772488242923;0.37202454;-0.07084656;9.668091
a;13772508384525;-1.0845032;1.6244202;8.935425
a;13772528526127;0.9713898;-0.7958832;9.820801
a;13772548667728;1.7102356;0.1661377;9.8624115
a;13772568809330;1.148941;-0.15534973;9.713013
a;13772588950931;0.57910156;-0.09379578;9.732956
a;13772609092533;0.7176666;0.13673401;9.840424
a;13772629234134;0.7402344;0.30177307;9.749466
a;13772649375736;0.747818;0.28684998;9.802734
a;13772669517338;0.7696991;0.2993927;9.918259
a;13772689658939;0.79933167;0.37750244;9.942627
a;13772709800541;0.7944641;0.3872223;9.862686
a;13772729942142;0.8455963;0.40219116;9.705536
a;13772750083744;1.0356903;0.4517212;9.608856
a;13772770225345;1.0170135;0.29536438;9.789291
a;13772790366947;0.8770447;0.3440857;9.843903
