a;12600035916740;0.27322388;1.3801422;9.389679
a;12600056058341;0.324646;1.4299164;9.50943
a;12600076199943;0.52830505;1.1867065;9.337906
a;12600096341545;0.2116394;1.9281921;9.456833
a;12600116483146;0.62519836;1.6348724;9.064011
a;12600131589347;0.092666626;1.2745667;9.057358
a;12600151730949;0.81425476;1.65625;9.355133
a;12600171872550;0.4541626;1.5898743;9.261826
a;12600192014152;0.57499695;1.6929169;9.293854
a;12600212155754;0.829895;1.5304871;9.245026
a;12600232297355;1.1841583;1.0261993;9.373474
a;12600252438957;1.1228638;0.8478241;9.172943
a;12600272580558;0.43507385;1.4788666;9.2578125
a;12600292722160;1.2018127;1.3747406;9.250198
a;12600312863761;0.9875183;1.1073303;9.010956
a;12600333005363;1.3498077;1.0994568;9.340424
a;12600353146964;1.6300049;1.0665131;9.3703
a;12600373288566;0.9924927;0.51057434;9.399506
a;12600393430168;0.7346344;-0.42663574;10.2438965
a;12600413571769;0.51823425;-1.3097534;11.005005
a;12600433713371;-0.8702545;-1.4655304;8.545639
a;12600453854972;-2.0679932;-1.306427;7.886139
a;12600473996574;-2.1949768;-1.5888977;8.687973
a;12600494138175;-2.237091;-1.9866638;10.513367
a;12600514279777;-2.8500519;-2.4881897;11.97522
a;12600534421379;-2.9659271;-2.3092499;11.407761
a;12600554562980;-2.3716888;-2.1345215;10.260071
a;12600574704582;-1.7595825;-1.6700287;9.439972
a;12600594846183;-1.335556;-1.1747284;10.005035
a;12600614987785;-1.0987854;-0.95036316;9.851624
a;12600635129386;-0.84199524;-1.7899933;8.859207
a;12600655270988;-0.7371216;-0.7914429;8.507507
a;12600675412589;-0.5857544;0.20817566;8.456482
a;12600695554191;-0.49916077;-0.10322571;7.8969574
a;12600715695793;-0.4134674;0.18708801;8.315735
a;12600735837394;-0.32133484;-0.23672485;8.925995
a;12600755978996;-0.3828125;-1.0636597;9.0243225
a;12600776120597;-0.578949;-1.2222137;9.0824585
a;12600796262199;-0.4030304;-1.6631927;10.071426
a;12600816403800;-0.59288025;-2.4754486;10.157394
a;12600836545402;-1.0521698;-2.6867828;9.924149
a;12600856687004;-1.3058624;-2.6998596;9.480225
a;12600876828605;-1.4404755;-2.3130493;9.571136
a;12600896970207;-1.4434204;-2.251419;9.585953
a;12600917111808;-1.4781036;-2.030838;9.480713
a;12600937253410;-1.4928131;-2.1943054;9.356689
a;12600957395011;-1.5558777;-2.20961;9.764374
a;12600977536613;-1.3533173;-1.995697;10.11557
a;12600997678214;-1.3858032;-2.412094;9.958405
a;12601017819816;-1.5855103;-2.751831;9.056808
a;12601037961418;-1.4062805;-2.9073334;8.211304
a;12601058103019;-0.78448486;-3.1958313;8.332443
a;12601078244621;-1.0064697;-3.051712;9.707138
a;12601098386222;-0.98358154;-2.8330688;9.414642
a;12601118527824;-1.083374;-2.42836;8.959747
a;12601138669425;-1.0779114;-2.2640991;8.959946
a;12601158811027;-1.0427704;-2.0075684;9.300705
a;12601178952629;-1.0514832;-1.4568787;9.678528
a;12601199094230;-1.0446167;-1.5866394;9.678665
a;12601219235832;-1.1548309;-1.731308;9.614655
a;12601239377433;-1.2749939;-1.573288;9.662811
a;12601259519035;-1.3567352;-1.987442;9.484482
a;12601274625236;-1.3490448;-2.0760193;9.260498
a;12601294766838;-1.4317474;-2.285797;9.139725
a;12601314908439;-1.3802948;-2.326126;9.185532
a;12601335050041;-1.2641754;-2.3322601;9.314896
a;12601355191642;-1.1740875;-2.5418854;9.317734
a;12601375333244;-1.1561737;-2.372696;9.46019
a;12601395474845;-1.220932;-2.2470856;9.394791
a;12601415616447;-1.2683716;-2.3187866;9.073364
a;12601435758048;-1.3033142;-2.7161407;8.768799
a;12601455899650;-1.1540527;-2.079193;9.415283
a;12601476041252;-1.1638336;-2.121872;9.463425
a;12601496182853;-1.2039185;-1.9099884;9.668259
a;12601516324455;-1.2115784;-1.9079742;9.475128
a;12601536466056;-1.23172;-1.9554443;9.225037
a;12601556607658;-1.2301788;-1.9378967;9.182358
a;12601576749259;-1.2607422;-2.0066376;9.246002
a;12601596890861;-1.3025513;-2.1955872;9.281631
a;12601617032463;-1.3761902;-2.1534119;9.3111725
a;12601637174064;-1.4241333;-2.2815857;9.532181
a;12601657315666;-1.2924805;-2.3721466;9.661774
a;12601677457267;-1.4070282;-2.151947;10.069855
a;12601697598869;-1.3930054;-2.5698395;9.756195
a;12601717740470;-1.5328522;-2.7468567;9.146454
a;12601737882072;-1.3609467;-2.9714508;8.546814
a;12601758023673;-0.9881134;-3.1986542;8.5928955
a;12601778165275;-1.1227875;-3.050232;9.448578
a;12601798306877;-1.2218018;-2.49411;9.194336
a;12601818448478;-1.2096405;-1.8429108;9.050232
a;12601838590080;-1.1266174;-1.8048248;9.14621
a;12601858731681;-1.0536346;-1.8624268;9.196869
a;12601878873283;-1.08078;-1.9030151;9.1792755
a;12601899014884;-1.1489105;-2.036911;9.176529
a;12601919156486;-1.10495;-2.0857239;9.391449
a;12601939298088;-1.0992279;-2.2700653;9.453674
a;12601959439689;-1.1727448;-2.4681091;9.498535
a;12601979581291;-1.3141022;-2.464508;9.385117
a;12601999722892;-1.3805847;-2.417572;9.320862
a;12602019864494;-1.3829498;-2.4439392;9.359116
a;12602040006095;-1.3420258;-2.6831818;9.259933
a;12602060147697;-1.3755951;-2.66568;9.210358
a;12602080289298;-1.4372711;-2.2724;9.29837
a;12602100430900;-1.3652649;-2.5104218;9.120682
a;12602120572502;-1.3517456;-2.6394958;9.242767
a;12602140714103;-1.2775116;-2.6928558;9.444092
a;12602160855705;-1.3133545;-2.6495209;9.401276
a;12602180997306;-1.2904205;-2.4519958;9.427994
a;12602201138908;-1.2982788;-2.4464111;9.460892
a;12602221280509;-1.3233337;-2.3955536;9.25972
a;12602241422111;-1.2811737;-2.400299;9.177032
a;12602261563713;-1.2562408;-2.3858032;9.149597
a;12602281705314;-1.2393799;-2.607788;9.134216
a;12602301846916;-1.2411804;-2.4252625;9.395096
a;12602321988517;-1.2476501;-2.4541168;9.37294
a;12602342130119;-1.2625122;-2.50589;9.182556
a;12602362271720;-1.310852;-2.3865662;9.160858
a;12602382413322;-1.0954132;-2.3834686;9.143753
a;12602402554923;-1.2567291;-2.4699097;9.685211
a;12602422696525;-1.4639435;-2.4250946;9.300278
a;12602442838127;-1.4046326;-2.4187012;8.473618
a;12602462979728;-0.93907166;-2.1833344;8.335281
a;12602483121330;-0.9700165;-2.490448;9.5383
a;12602503262931;-1.1926117;-2.910553;9.719177
a;12602523404533;-1.2919312;-2.2842255;9.687576
a;12602543546134;-1.379776;-2.1105042;9.456924
a;12602563687736;-1.2297974;-2.1911469;9.548386
a;12602583829338;-1.3065186;-2.3225098;9.592087
a;12602603970939;-1.2892914;-2.3101654;9.528824
a;12602624112541;-1.157196;-2.3444366;9.615021
a;12602644254142;-1.2480469;-2.5449066;9.164459
a;12602664395744;-1.226059;-2.726471;8.687317
a;12602684537345;-1.0419617;-3.3275604;8.451462
a;12602704678947;-0.9458771;-4.0116425;8.501343
a;12602724820548;-0.95555115;-4.441284;8.751343
a;12602744962150;-1.007721;-4.647003;8.85582
a;12602765103752;-1.0302277;-4.6032104;8.8546295
a;12602785245353;-1.1295776;-4.3307953;8.941956
a;12602805386955;-1.1251526;-4.2324677;8.966873
a;12602825528556;-1.1060791;-4.1355896;8.949341
a;12602845670158;-1.1182709;-4.114868;8.69371
a;12602865811759;-1.1455994;-4.17395;8.629944
a;12602885953361;-1.0710754;-4.1907654;8.710602
a;12602906094963;-1.0610352;-4.096527;8.906296
a;12602926236564;-1.1130981;-4.281143;8.823227
a;12602946378166;-1.2018738;-4.299225;8.785217
a;12602966519767;-1.1734314;-4.4776764;8.478653
a;12602986661369;-1.1271515;-4.9141846;8.120941
a;12603006802970;-1.0649414;-5.0757294;8.20961
a;12603026944572;-1.0136719;-5.232315;8.467834
a;12603047086173;-1.0753174;-5.0053864;8.607971
a;12603067227775;-1.1278076;-4.884018;8.340424
a;12603087369377;-1.1207123;-4.8720245;8.24968
a;12603107510978;-1.1110687;-4.842499;8.374435
a;12603127652580;-1.0855408;-4.749817;8.515045
a;12603147794181;-1.0883942;-4.82428;8.537949
a;12603167935783;-1.1111908;-4.793106;8.573898
a;12603188077384;-1.154419;-4.822098;8.5401
a;12603208218986;-1.1299133;-4.8133087;8.509369
a;12603228360588;-1.1737976;-4.692383;8.563812
a;12603248502189;-1.1475372;-4.6173096;8.621887
a;12603268643791;-1.179184;-4.6728973;8.558121
a;12603288785392;-1.1622467;-4.6775513;8.530624
a;12603308926994;-1.1550903;-4.577423;8.606979
a;12603329068595;-1.1560059;-4.575699;8.526703
a;12603349210197;-1.1730042;-4.6210938;8.422379
a;12603369351798;-1.1397095;-4.5915375;8.4973755
a;12603389493400;-1.129837;-4.56073;8.636978
a;12603409635002;-1.1643524;-4.606308;8.564987
a;12603429776603;-1.1306;-4.5933075;8.655975
a;12603449918205;-1.072937;-4.533081;8.683731
a;12603470059806;-1.107254;-4.6045227;8.506775
a;12603490201408;-1.1316986;-4.5010223;8.540741
a;12603510343009;-1.1302948;-4.3724213;8.619965
a;12603530484611;-1.2014923;-4.318344;8.672699
a;12603550626213;-1.1647949;-4.18956;8.7146
a;12603570767814;-1.1309052;-4.2853394;8.601013
a;12603590909416;-1.1647491;-4.5019073;8.43869
a;12603611051017;-1.1213074;-4.347687;8.4084015
a;12603631192619;-1.0306091;-4.309311;8.605225
a;12603651334220;-1.174408;-4.226349;8.957352
a;12603671475822;-1.3418427;-3.6901245;9.123001
a;12603691617423;-1.3873596;-3.4660492;8.360321
a;12603711759025;-0.8106384;-3.6611023;7.8563995
a;12603731900627;-0.7970581;-3.9503021;9.012497
a;12603752042228;-0.9085846;-4.1786804;9.866425
a;12603772183830;-1.0831909;-3.694931;9.907135
a;12603792325431;-1.1726379;-3.8021698;9.171143
a;12603812467033;-1.1031342;-3.5429688;9.1063385
a;12603832608634;-1.0610657;-3.635849;8.906006
a;12603852750236;-1.0355072;-3.7962189;8.765762
a;12603872891838;-1.0133362;-3.8779755;8.79718
a;12603893033439;-1.0368195;-3.9021301;8.916336
a;12603913175041;-1.0381927;-3.8396606;9.052475
a;12603933316642;-1.1021271;-3.807602;8.91626
a;12603953458244;-1.0610199;-3.7699585;8.849991
a;12603973599845;-1.1084595;-3.7402954;8.724731
a;12603993741447;-1.0350952;-3.7808685;8.691299
a;12604013883048;-1.0319061;-3.7708588;8.74678
a;12604034024650;-1.0643921;-3.7238312;8.711243
a;12604054166252;-1.0407104;-3.6596832;8.699066
a;12604074307853;-1.0722656;-3.422989;8.516922
a;12604094449455;-0.7246399;-3.1829224;8.296219
a;12604114591056;-0.2854309;-2.690155;8.444977
a;12604134732658;-0.093688965;-3.0679626;7.879318
a;12604154874259;-0.03640747;-2.901596;7.194824
a;12604175015861;0.20593262;-2.329956;6.6733246
a;12604195157463;0.51908875;-1.7121735;6.093338
a;12604215299064;0.91882324;-1.3302765;5.9965973
a;12604235440666;1.1726074;-1.8183136;5.7187195
a;12604255582267;1.2239838;-1.945755;5.344574
a;12604275723869;1.5934448;-2.2309723;5.259445
a;12604295865470;2.2648468;-3.3213959;5.8801727
a;12604316007072;2.933899;-4.5917053;6.8385925
a;12604336148673;3.1900177;-4.61882;7.435974
a;12604356290275;3.1579742;-3.9429016;6.4805145
a;12604376431877;3.713379;-4.10083;5.3071136
a;12604396573478;5.0072937;-6.119507;5.0187836
a;12604416715080;5.883484;-7.1715546;5.6823425
a;12604436856681;6.0258484;-6.3294983;5.976837
a;12604456998283;6.417801;-5.0988464;4.9904633
a;12604477139884;7.572357;-5.889862;4.5434113
a;12604497281486;8.792587;-7.5825653;4.078079
a;12604517423088;9.2812805;-7.305176;4.033905
a;12604537564689;10.038376;-6.801605;3.8756866
a;12604557706291;11.365662;-6.487381;3.4319763
a;12604577847892;12.639221;-6.22876;3.0273743
a;12604597989494;12.920639;-6.292938;2.5618591
a;12604618131095;12.277451;-6.241272;1.9002991
a;12604638272697;11.622238;-5.952179;1.4863434
a;12604658414298;11.210266;-5.523056;1.5056305
a;12604678555900;10.781616;-4.9529266;1.6914063
a;12604698697502;10.351395;-4.586548;1.8874817
a;12604718839103;10.009094;-4.391205;2.0570984
a;12604738980705;9.665009;-4.052124;2.096939
a;12604759122306;9.285934;-3.6656952;2.1937408
a;12604779263908;8.8888855;-3.5818176;2.182251
a;12604799405509;8.612961;-3.631836;2.2585144
a;12604819547111;8.510925;-3.6002808;2.3248596
a;12604839688713;8.473434;-3.5179138;2.3159332
a;12604859830314;8.5117035;-3.5264282;2.1651917
a;12604879971916;8.671509;-3.5524902;1.9674988
a;12604900113517;8.885345;-3.307312;2.0339355
a;12604920255119;9.115692;-3.1115112;2.0493317
a;12604940396720;9.467361;-3.0048065;1.9292908
a;12604960538322;9.665451;-2.8498993;1.8246918
a;12604980679923;9.611557;-2.6897278;1.6728363
a;12605000821525;9.612717;-2.7270355;1.5280457
a;12605020963127;9.582184;-2.7911682;1.3654022
a;12605041104728;9.537659;-2.8927917;1.3426819
a;12605061246330;9.40239;-2.901062;1.3353119
a;12605081387931;9.219727;-2.8281708;1.3612976
a;12605101529533;9.154556;-2.777069;1.4225769
a;12605121671134;9.0759735;-2.7908325;1.4175262
a;12605141812736;9.021896;-2.811142;1.3656311
a;12605161954338;8.954056;-2.7486572;1.3517456
a;12605182095939;8.955627;-2.7058258;1.388031
a;12605202237541;8.978241;-2.7511444;1.3778534
a;12605222379142;8.96138;-2.8144226;1.383316
a;12605242520744;9.01236;-2.9138794;1.4333801
a;12605262662345;9.027527;-3.0008698;1.4749298
a;12605282803947;9.101425;-3.0438538;1.5109406
a;12605302945548;9.283585;-3.099533;1.5736084
a;12605323087150;9.365677;-3.1244202;1.6520386
a;12605343228752;9.354614;-3.1317291;1.6480255
a;12605363370353;9.315002;-3.1735687;1.6396484
a;12605383511955;9.254913;-3.1674194;1.5609283
a;12605403653556;9.238327;-3.1352844;1.5843201
a;12605423795158;9.221832;-3.0055084;1.6068268
a;12605443936759;9.1870575;-2.9173737;1.6395874
a;12605464078361;9.175888;-2.8899689;1.648941
a;12605484219963;9.157349;-2.901413;1.575531
a;12605504361564;9.09993;-2.9449615;1.5439911
a;12605524503166;9.122314;-2.9453888;1.523407
a;12605544644767;9.142868;-2.9214478;1.5293732
a;12605564786369;9.183289;-2.9265442;1.5009766
a;12605584927970;9.2146;-2.9441833;1.5293427
a;12605605069572;9.200027;-3.0134125;1.5336609
a;12605625211173;9.166229;-3.0178223;1.598114
a;12605645352775;9.143936;-3.01474;1.5890503
a;12605665494377;9.140152;-2.9967651;1.6047058
a;12605685635978;9.140244;-3.0008698;1.6010895
a;12605705777580;9.124054;-3.0082092;1.609909
a;12605725919181;9.137741;-2.9998322;1.6194916
a;12605746060783;9.165848;-3.007843;1.5639648
a;12605766202384;9.158859;-3.0033112;1.5853882
a;12605786343986;9.1441345;-2.976181;1.5632629
a;12605806485588;9.154541;-2.960266;1.6062775
a;12605826627189;9.232712;-2.9692383;1.5501862
a;12605846768791;9.233414;-2.966919;1.5540619
a;12605866910392;9.146072;-2.9468079;1.5436554
a;12605887051994;9.139587;-2.9347382;1.5412903
a;12605907193595;9.145645;-2.9381409;1.5593567
a;12605927335197;9.188477;-2.9315643;1.5288849
a;12605947476798;9.210602;-2.9392548;1.5411072
a;12605967618400;9.189041;-2.956482;1.5415955
a;12605987760002;9.165878;-2.9845734;1.5389099
a;12606007901603;9.167648;-2.9939575;1.5842896
a;12606028043205;9.191116;-2.9906464;1.548706
a;12606048184806;9.140274;-2.9835663;1.5550995
a;12606068326408;9.162384;-2.99292;1.5701599
a;12606088468009;9.251785;-3.02977;1.5740967
a;12606108609611;9.203445;-2.9991608;1.5839386
a;12606128751213;9.139679;-3.000351;1.585907
a;12606148892814;9.133072;-2.9647522;1.581253
a;12606169034416;9.126373;-2.9614716;1.5632782
a;12606189176017;9.156845;-2.9588928;1.5280609
a;12606209317619;9.165588;-2.9653168;1.5626831
a;12606229459220;9.178162;-2.9430542;1.5142822
a;12606249600822;9.184418;-2.9740906;1.553833
a;12606269742423;9.196457;-2.9729767;1.5402832
a;12606289884025;9.182663;-2.9623108;1.5464172
a;12606310025627;9.183716;-2.9557648;1.532959
a;12606330167228;9.205185;-2.9579926;1.5699615
a;12606350308830;9.194763;-2.9383698;1.5816956
a;12606370450431;9.175201;-2.945633;1.5311432
a;12606390592033;9.147675;-2.971527;1.5564117
a;12606410733634;9.1454315;-2.989563;1.5431824
a;12606430875236;9.156464;-2.9680023;1.5791168
a;12606451016838;9.141815;-2.9722137;1.5483398
a;12606471158439;9.142059;-2.9834747;1.5213776
a;12606491300041;9.148331;-2.983963;1.5754395
a;12606511441642;9.182892;-3.003952;1.5449371
a;12606531583244;9.194138;-2.9845734;1.5824738
a;12606551724845;9.217026;-2.9767303;1.5646973
a;12606571866447;9.212204;-2.9792328;1.548233
a;12606592008048;9.188675;-2.9642944;1.5760345
a;12606612149650;9.19014;-2.9370728;1.6153412
a;12606632291252;9.159485;-2.9255524;1.617691
a;12606652432853;9.129791;-2.9699402;1.5977325
a;12606672555281;9.156265;-3.005249;1.5936432
a;12606692696882;9.1757965;-3.0189362;1.5925903
a;12606712838484;9.179962;-3.0463562;1.6370239
a;12606732980085;9.160721;-3.0364075;1.6334991
a;12606753121687;9.126236;-3.044281;1.5991364
a;12606773263289;9.133682;-3.0607758;1.626709
a;12606793404890;9.13443;-3.0121765;1.6465454
a;12606813546492;9.102676;-2.9724731;1.6368561
a;12606833688093;9.154297;-2.9941406;1.6331024
a;12606853829695;9.191193;-2.9951782;1.6038055
a;12606873971296;9.167511;-2.9962616;1.6449585
a;12606894112898;9.1375885;-2.9940186;1.6391296
a;12606914254499;9.117645;-2.9799194;1.6540222
a;12606934396101;9.122025;-2.9684753;1.6543732
a;12606954537703;9.149384;-2.9643402;1.6156311
a;12606974679304;9.149353;-2.9678345;1.6233368
a;12606994820906;9.175919;-3.0041199;1.6037445
a;12607014962507;9.168991;-3.0234528;1.6302032
a;12607035104109;9.175156;-3.0153198;1.6214294
a;12607055245710;9.150452;-2.9533386;1.6418915
a;12607075387312;9.166565;-2.9277039;1.6021118
a;12607095528914;9.169357;-2.8984833;1.5894928
a;12607115670515;9.167801;-2.9102936;1.5767517
a;12607135812117;9.166763;-2.8977356;1.5721893
a;12607155953718;9.143753;-2.9128876;1.5892181
a;12607176095320;9.150055;-2.9694061;1.6217957
a;12607196236921;9.162537;-2.9623718;1.6049652
a;12607216378523;9.170715;-2.9794312;1.5875549
a;12607236520124;9.15361;-2.9750214;1.6061859
a;12607256661726;9.16304;-2.9742432;1.6450348
a;12607276803328;9.146454;-2.9687347;1.6537781
a;12607296944929;9.160416;-2.9856567;1.5968475
a;12607317086531;9.174561;-2.978119;1.5969849
a;12607337228132;9.152176;-2.9457397;1.6216736
a;12607357369734;9.160263;-2.938675;1.6346588
a;12607377511335;9.17305;-2.9286194;1.5905914
a;12607397652937;9.225571;-2.9343414;1.5508118
a;12607417794539;9.1874695;-2.9479675;1.6052704
a;12607437936140;9.10556;-2.9193115;1.6074677
a;12607458077742;9.108124;-2.9241486;1.6326141
a;12607478219343;9.155212;-2.9409027;1.6190643
a;12607498360945;9.198257;-2.9542236;1.6339722
a;12607518502546;9.202759;-2.994812;1.5895386
a;12607538644148;9.174042;-3.0042572;1.6262817
a;12607558785749;9.154251;-2.9816742;1.6003265
a;12607578927351;9.142609;-2.9630127;1.6387787
a;12607599068953;9.187103;-2.9653473;1.6367798
a;12607619210554;9.15181;-2.9587097;1.6213837
a;12607639352156;9.127258;-2.9502258;1.6068726
a;12607659493757;9.20401;-2.9546814;1.5757599
a;12607679635359;9.221039;-2.9289246;1.5771637
a;12607699776960;9.177704;-2.9387054;1.5870972
a;12607719918562;9.187637;-2.9084473;1.5978088
a;12607740060164;9.184662;-2.913681;1.5627594
a;12607760201765;9.234756;-2.8759766;1.5732117
a;12607780343367;9.286728;-2.8145294;1.5412598
a;12607800484968;9.232208;-2.8521423;1.4876862
a;12607820626570;9.099701;-2.8459473;1.500824
a;12607840768171;9.074402;-2.8828888;1.4773712
a;12607860909773;9.240387;-2.921341;1.463623
a;12607881051374;9.182068;-2.9355927;1.5234833
a;12607901192976;9.081497;-3.0250397;1.5579529
a;12607921334578;9.199371;-3.0230713;1.5487366
a;12607941476179;9.16272;-3.0236206;1.5674438
a;12607961617781;9.124664;-3.0649567;1.596344
a;12607981759382;9.194;-3.0215302;1.5268707
a;12608001900984;9.159882;-2.992218;1.5430145
a;12608022042585;9.105972;-3.0020447;1.5551758
a;12608042184187;9.016251;-2.942505;1.5608826
a;12608062325789;9.149963;-2.94664;1.5196075
a;12608082467390;9.167725;-2.9433594;1.5674744
a;12608102608992;9.112213;-2.861847;1.540451
a;12608122750593;8.890137;-2.5157776;1.4907837
a;12608142892195;8.618011;-2.499176;1.5597992
a;12608163033796;8.483383;-2.4086761;1.7729492
a;12608183175398;8.586929;-2.7505035;1.88414
a;12608203316999;8.999878;-2.9814148;2.4692993
a;12608223458601;9.689606;-3.031662;3.625229
a;12608243600203;10.487946;-3.6169434;3.886139
a;12608263741804;11.479614;-5.6024017;4.8227234
a;12608283883406;12.691544;-7.057846;5.502304
a;12608304025007;15.15361;-9.940796;5.3315125
a;12608324166609;18.565247;-14.340134;3.9170837
a;12608344308210;19.495438;-19.117874;2.7474518
a;12608364449812;19.495438;-20.031967;3.8259888
a;12608384591414;19.495438;-19.879425;5.2361145
a;12608399697615;19.495438;-18.177536;4.9459076
a;12608419839216;18.295227;-14.489105;2.5653381
a;12608439980818;13.070328;-7.9401245;-0.9521179
a;12608460122419;9.726868;-2.5639954;-3.6905975
a;12608480264021;10.186005;1.0457764;-5.0442657
a;12608500405622;12.591965;7.4710846;-7.1396027
a;12608520547224;8.341812;18.457993;-7.402313
a;12608540688826;-2.212265;18.967438;-5.758072
a;12608560830427;-5.0711365;18.967438;-9.169861
a;12608580972029;3.7111206;18.967438;-7.125473
a;12608601113630;4.83992;15.383331;-1.9523926
a;12608621255232;3.218628;-0.4432068;5.499054
a;12608641396833;5.823288;-18.888718;12.575821
a;12608661538435;7.2575684;-20.031967;-13.291016
a;12608681680037;18.872345;-20.031967;9.740723
a;12608701821638;11.51152;-20.031967;16.371185
a;12608721963240;1.9710846;-16.590256;0.63946533
a;12608742104841;3.360321;-4.37059;-12.431686
a;12608762246443;13.816055;9.37088;-12.895248
a;12608782388044;19.018997;18.967438;-6.8025055
a;12608802529646;-2.0859985;18.967438;-7.7381134
a;12608822671247;-4.994095;18.967438;-12.672913
a;12608842812849;11.222794;18.967438;-1.2457123
a;12608862954451;8.482986;11.511322;9.685959
a;12608883096052;5.3479614;-15.352951;16.325485
a;12608903237654;-4.4737854;-20.031967;-11.6323395
a;12608923379255;7.036957;-20.031967;3.4933624
a;12608943520857;5.665695;-20.031967;16.024979
a;12608963662458;-2.718399;-17.538498;1.739624
a;12608983804060;0.94725037;-5.4941254;-7.943802
a;12609003945662;10.710312;10.4327545;-11.671082
a;12609024087263;18.26474;18.967438;-11.67392
a;12609044228865;1.8022156;18.967438;-12.240082
a;12609064370466;-4.0204163;18.967438;-10.623611
a;12609084512068;8.129654;18.93988;-0.47225952
a;12609104653669;7.436264;10.320694;0.41493225
a;12609124795271;7.5195465;-15.803497;6.740143
a;12609144936872;-1.4021912;-20.031967;-13.974136
a;12609165078474;3.8502197;-20.031967;-2.9137115
a;12609185220076;3.486496;-20.031967;16.273148
a;12609205361677;-0.82362366;-16.492096;4.4229736
a;12609225503279;1.2888641;-5.202423;-6.961197
a;12609245644880;10.739319;9.196655;-13.943878
a;12609265786482;19.353699;18.967438;-12.052521
a;12609285928083;2.9881134;18.967438;-10.335907
a;12609306069685;-1.2220459;18.967438;-6.8465424
a;12609326211287;11.084045;18.372131;-0.6371918
a;12609346352888;7.9394226;0.33770752;0.90312195
a;12609366494490;4.0059967;-19.479218;3.5471344
a;12609386636091;-10.135483;-20.031967;-17.28447
a;12609406777693;7.5107574;-20.031967;5.735718
a;12609426919294;3.354065;-20.031967;8.888184
a;12609447060896;-4.935028;-17.782715;0.8241272
a;12609467202497;0.20794678;-4.279709;-6.054489
a;12609487344099;7.5632324;13.63829;-12.292175
a;12609507485701;17.611969;18.967438;-9.305527
a;12609527627302;1.5929718;18.967438;-11.326492
a;12609547768904;0.027114868;18.967438;-5.4889374
a;12609567910505;8.171738;16.392105;-1.6730499
a;12609588052107;8.430969;1.2974701;-1.4005585
a;12609608193708;8.79335;-15.336472;0.8963623
a;12609628335310;5.4273834;-20.031967;-9.707764
a;12609648476912;4.8758698;-20.029617;-2.8490753
a;12609668618513;6.860733;-17.761627;4.8430786
a;12609688760115;7.0198517;-10.954163;6.6305695
a;12609708901716;5.9738007;-6.4864197;7.7454834
a;12609729043318;6.614151;-8.391541;7.7630615
a;12609749184919;8.402878;-6.958008;3.6623383
a;12609769326521;10.077072;-4.597397;2.4483795
a;12609789468122;13.0095215;-4.133072;2.2144775
a;12609809609724;18.163101;-7.992676;3.1072083
a;12609829751326;19.495438;-13.483276;1.9750366
a;12609849892927;18.584702;-10.438141;0.109313965
a;12609870034529;14.041397;-7.146103;0.08998108
a;12609890176130;11.212631;-5.528427;2.1726685
a;12609910317732;9.599762;-3.3707886;3.9947205
a;12609930459333;9.765839;-2.5457764;4.4569855
a;12609950600935;10.459473;-2.9732208;3.602066
a;12609970742537;10.297211;-4.0042114;2.394043
a;12609990884138;9.469452;-5.041046;1.2445068
a;12610011025740;8.635193;-5.4266815;0.46669006
a;12610031167341;8.035477;-5.1121674;0.41329956
a;12610051308943;7.5223846;-4.2444763;1.1726532
a;12610071450544;7.0211334;-3.0767212;2.0432281
a;12610091592146;6.5001984;-2.584671;2.0536041
a;12610111733747;6.4284515;-2.7138214;1.8244019
a;12610131875349;7.1350403;-3.2232513;1.5350189
a;12610152016951;7.9647064;-3.6466675;1.2954407
a;12610172158552;8.435013;-3.800354;1.1862183
a;12610192300154;8.822433;-4.0448;1.1824646
a;12610212441755;9.337738;-4.31192;1.2046051
a;12610232583357;9.842407;-4.253647;1.3674927
a;12610252724958;10.121017;-4.0551605;1.5025787
a;12610272866560;10.072754;-3.8560944;1.7256012
a;12610293008162;9.61058;-2.715744;5.027008
a;12610313149763;9.705917;-3.4841309;4.621628
a;12610333291365;9.440964;-3.8467255;2.9868774
a;12610353432966;9.409943;-3.9103699;1.6982269
a;12610373574568;9.005798;-4.8483124;1.0276642
a;12610393716169;8.607819;-4.0565033;1.5021362
a;12610413857771;8.710449;-3.5439148;1.4907837
a;12610433999372;8.824371;-3.6901093;1.222168
a;12610454140974;8.815475;-3.2691193;1.3022156
a;12610474282576;8.840073;-3.0995026;1.480484
a;12610494424177;8.880417;-3.4154816;1.303772
a;12610514565779;8.880783;-3.8132935;0.8591919
a;12610534707380;8.869736;-3.847519;0.59225464
a;12610554848982;8.915466;-3.8045654;0.5834961
a;12610574990583;8.925583;-3.7473907;0.7939453
a;12610595132185;8.967239;-3.729065;0.9805298
a;12610615273787;9.00972;-3.7428436;0.96855164
a;12610635415388;9.041351;-3.8256989;0.9431
a;12610655556990;9.086243;-3.8585205;0.90164185
a;12610675698591;9.132202;-3.8482056;0.9135742
a;12610695840193;9.175888;-3.8030396;0.97406006
a;12610715981794;9.205551;-3.751831;1.0605469
a;12610736123396;9.169128;-3.7028503;1.2024384
a;12610756264997;9.155365;-3.4843445;1.6845856
a;12610776406599;9.224365;-3.2498627;2.0389252
a;12610796548201;9.223618;-3.0587616;2.4265594
a;12610816689802;9.158829;-2.9354553;2.5153809
a;12610836831404;9.143524;-3.0385895;2.256134
a;12610856973005;9.106216;-3.2522125;1.9598999
a;12610877114607;8.990677;-3.4437256;1.6791992
a;12610897256208;9.063736;-3.4738007;1.4087067
a;12610917397810;9.145325;-3.5388794;1.2086945
a;12610937539412;9.151016;-3.6307678;1.0393066
a;12610957681013;9.074844;-3.6298218;0.99290466
a;12610977822615;8.997406;-3.5721893;1.0368042
a;12610997964216;8.954361;-3.5399628;1.0176086
a;12611018105818;8.906174;-3.5485077;1.0131073
a;12611038247419;8.878357;-3.604248;1.0000916
a;12611058389021;8.891342;-3.6410522;1.0498352
a;12611078530622;8.926483;-3.6027527;1.1769257
a;12611098672224;9.005829;-3.54953;1.242096
a;12611118813826;9.049332;-3.554184;1.3388062
a;12611138955427;9.097076;-3.4867706;1.4985657
a;12611159097029;9.11319;-3.4164886;1.6109314
a;12611179238630;9.123566;-3.4390411;1.6610107
a;12611199380232;9.082291;-3.4371185;1.7200775
a;12611219521833;9.094879;-3.3820343;1.6167908
a;12611239663435;9.093826;-3.3934479;1.5512848
a;12611259805037;9.141708;-3.4371948;1.411789
a;12611279946638;9.119736;-3.441681;1.3547363
a;12611300088240;9.045959;-3.462677;1.3053131
a;12611320229841;8.99942;-3.4544373;1.2490997
a;12611340371443;9.016129;-3.4701233;1.1935272
a;12611360513044;9.015991;-3.4814148;1.1902008
a;12611380654646;9.037643;-3.492569;1.2155762
a;12611400796247;9.056259;-3.4797974;1.2171936
a;12611420937849;9.0849;-3.475937;1.2675018
a;12611441079451;9.057632;-3.4523163;1.2658386
a;12611461221052;9.069992;-3.4415283;1.3786316
a;12611481362654;9.040482;-3.4239044;1.3699493
a;12611501504255;9.004974;-3.4327545;1.4110107
a;12611521645857;9.1167145;-3.4522705;1.4239807
a;12611541787458;9.146347;-3.4815369;1.4773102
a;12611561929060;9.038895;-3.5121155;1.4623871
a;12611582070662;9.02002;-3.5213776;1.4486389
a;12611602212263;8.987579;-3.5313263;1.4017334
a;12611622353865;9.012238;-3.5393524;1.3588867
a;12611642495466;9.091995;-3.5437622;1.3661346
a;12611662637068;9.092133;-3.5593414;1.3238525
a;12611682778669;9.076431;-3.5653076;1.3081665
a;12611702920271;9.02388;-3.5570984;1.2908478
a;12611723061872;9.021042;-3.5121918;1.330307
a;12611743203474;9.002335;-3.4801483;1.3777008
a;12611763345076;9.066757;-3.4274445;1.3500977
a;12611783486677;9.083176;-3.4368896;1.3791656
a;12611803628279;9.06665;-3.467636;1.4058228
a;12611823769880;9.059311;-3.4745636;1.408371
a;12611843911482;9.04306;-3.4646606;1.4024353
a;12611864053083;9.042892;-3.5137634;1.3622742
a;12611884194685;9.044556;-3.535904;1.3898315
a;12611904336287;9.030792;-3.5390015;1.3776703
a;12611924477888;9.03891;-3.5135193;1.3795929
a;12611944619490;9.065582;-3.541275;1.3513489
a;12611964761091;9.105469;-3.5454407;1.3787537
a;12611984902693;9.02356;-3.5117493;1.3991394
a;12612005044294;8.987244;-3.497757;1.3955841
a;12612025185896;9.001602;-3.4695435;1.4254303
a;12612045327497;9.057678;-3.4913177;1.4084473
a;12612065469099;9.105698;-3.479538;1.3988953
a;12612085610701;9.075058;-3.5046234;1.3495941
a;12612105752302;9.036865;-3.4963684;1.32341
a;12612125893904;9.015411;-3.4921265;1.3420105
a;12612146035505;9.016129;-3.481247;1.3670807
a;12612166177107;9.035385;-3.4930573;1.3661194
a;12612186318708;8.991409;-3.4946594;1.3721313
a;12612206460310;9.031387;-3.5238342;1.3963928
a;12612226601912;9.119629;-3.528885;1.3682098
a;12612246743513;9.090195;-3.5257416;1.3926544
a;12612266885115;9.046707;-3.5117798;1.4273224
a;12612287026716;9.012466;-3.5189514;1.4404755
a;12612307168318;9.002579;-3.5273132;1.4100189
a;12612327309919;9.032288;-3.5215302;1.3821564
a;12612347451521;9.065613;-3.5355072;1.3849182
a;12612367593122;9.068451;-3.54068;1.3778992
a;12612387734724;9.044708;-3.550293;1.343689
a;12612407876326;9.050537;-3.5495148;1.3804321
a;12612428017927;9.048843;-3.5094452;1.3888702
a;12612448159529;9.032867;-3.4728088;1.4260712
a;12612468301130;9.032669;-3.4779053;1.4427032
a;12612483407331;9.049393;-3.4958038;1.3797607
a;12612503548933;9.053146;-3.511444;1.3447876
a;12612523690535;9.045624;-3.5082855;1.3627014
a;12612543832136;9.045181;-3.5208588;1.3914642
a;12612563973738;9.040298;-3.5100555;1.3898926
a;12612584115339;9.01828;-3.4876862;1.4062653
a;12612604256941;9.031052;-3.5034637;1.3840942
a;12612624398542;9.065613;-3.5211945;1.3726196
a;12612644540144;9.047653;-3.526703;1.4031982
a;12612664681746;9.0368805;-3.5025177;1.4457092
a;12612684823347;9.008881;-3.4879456;1.4250946
a;12612704964949;9.05928;-3.4938965;1.3669434
a;12612725106550;9.136551;-3.5088959;1.4042816
a;12612745248152;9.048111;-3.4892578;1.4064331
a;12612765389753;8.989136;-3.4678802;1.4214325
a;12612785531355;9.018951;-3.4732056;1.4096832
a;12612805672956;9.067383;-3.491272;1.4107666
a;12612825814558;9.101822;-3.4822693;1.4251862
a;12612845956160;9.069458;-3.4954834;1.4292755
a;12612866097761;9.044525;-3.5088654;1.3921204
a;12612886239363;9.0763855;-3.5017242;1.3782349
a;12612906380964;9.070984;-3.519104;1.3948822
a;12612926522566;9.043335;-3.505722;1.4194336
a;12612946664167;9.005936;-3.5122986;1.3538055
a;12612966805769;8.997238;-3.542572;1.3121643
a;12612986947371;9.032959;-3.5598145;1.2928772
a;12613007088972;9.024109;-3.5979156;1.2370453
a;12613027230574;9.032211;-3.6194916;1.2048187
a;12613047372175;9.015198;-3.637268;1.2018738
a;12613067513777;8.975067;-3.6554718;1.1621094
a;12613087655378;9.033188;-3.6493835;1.159256
a;12613107796980;9.049606;-3.6659546;1.1060028
a;12613127938581;9.042618;-3.7306366;1.1330566
a;12613148080183;9.011948;-3.738617;1.1397552
a;12613168221785;9.028915;-3.7692108;1.0834961
a;12613188363386;9.076508;-3.761612;1.0949554
a;12613208504988;9.117615;-3.7254486;1.1351776
a;12613228646589;9.168762;-3.7313232;1.172821
a;12613248788191;9.184082;-3.75;1.1970062
a;12613268929792;9.180634;-3.728363;1.2503357
a;12613289071394;9.251526;-3.5653229;1.3966064
a;12613309212996;9.340607;-3.486023;1.5217743
a;12613329354597;9.3526;-3.482193;1.9510651
a;12613349496199;9.399033;-3.3200378;2.269989
a;12613369637800;9.557999;-3.1003876;2.6042938
a;12613389779402;9.617111;-3.282486;3.0397034
a;12613409921003;9.454819;-3.1657104;3.8556519
a;12613430062605;9.254135;-2.8353424;4.503525
a;12613450204206;9.277786;-3.7301788;4.061249
a;12613470345808;9.205353;-4.927414;3.5115967
a;12613490487410;8.843872;-5.5811768;3.9871674
a;12613510629011;8.426788;-5.5964966;5.340576
a;12613530770613;8.2704315;-5.5000916;5.363373
a;12613550912214;8.563156;-5.702667;5.319519
a;12613566018415;8.594849;-5.6223145;5.5717773
a;12613586160017;8.203232;-6.048401;5.774811
a;12613606301619;8.001984;-6.52446;6.1826477
a;12613626443220;8.292053;-6.294815;6.658737
a;12613646584822;8.320801;-5.741089;6.3819885
a;12613666726423;7.8714905;-5.918167;5.977844
a;12613686868025;7.742264;-6.4085846;5.887146
a;12613707009626;7.964432;-6.174942;5.7641754
a;12613727151228;7.9999847;-5.5321503;5.3317566
a;12613747292830;7.818863;-5.3370056;5.098816
a;12613767434431;7.844818;-5.097687;5.274658
a;12613787576033;7.561859;-5.171829;4.8585815
a;12613807717634;6.90036;-5.428238;3.9913483
a;12613827859236;6.608124;-5.46109;3.7925568
a;12613848000837;6.5301666;-4.746353;4.2620544
a;12613868142439;6.092453;-3.8908844;4.648056
a;12613888284040;5.091156;-4.182144;4.35231
a;12613908425642;4.5197144;-4.610733;3.7293854
a;12613928567244;4.6049805;-4.2657013;3.844925
a;12613948708845;4.6108093;-3.543686;4.3737335
a;12613968850447;4.1872864;-3.6530762;4.570511
a;12613988992048;3.819458;-4.3690186;4.6974335
a;12614009133650;4.2572327;-4.2999115;4.3638
a;12614029275251;4.8836975;-4.6918488;4.0096893
a;12614049416853;4.879196;-5.149826;4.6818542
a;12614069558455;4.7875824;-5.2105255;5.323868
a;12614089700056;4.753296;-5.7963867;4.724228
a;12614109841658;5.027405;-6.243332;4.0104675
a;12614129983259;5.0549164;-6.005493;3.738144
a;12614150124861;4.828903;-5.39682;4.5794373
a;12614170266462;5.3170624;-5.270706;6.2130737
a;12614190408064;5.4588165;-5.710556;6.4332123
a;12614210549665;5.737625;-5.8673096;5.8884125
a;12614230691267;6.011444;-5.518326;5.6227264
a;12614250832869;5.9861603;-5.856735;5.9575653
a;12614270974470;5.7251434;-5.874161;6.051773
a;12614291116072;5.4380493;-6.365692;6.0799866
a;12614311257673;5.277725;-6.4248657;6.023758
a;12614331399275;5.147415;-5.4314423;6.1400757
a;12614351540876;5.019333;-6.1870728;5.429474
a;12614371682478;4.721588;-6.64653;5.77594
a;12614391824080;4.6246796;-5.495407;6.657715
a;12614411965681;4.3896027;-5.3465424;7.374344
a;12614432107283;4.599579;-6.0221405;6.6410675
a;12614452248884;4.63266;-6.32576;6.1954346
a;12614472390486;4.5930786;-6.158798;6.990677
a;12614492532087;5.0961914;-5.8286743;7.175171
a;12614512673689;4.9555817;-6.084549;6.7487946
a;12614532815290;4.8804016;-5.778137;6.6999207
a;12614552956892;5.147522;-6.099304;6.2348785
a;12614573098494;5.015808;-5.8286285;6.1105347
a;12614593240095;5.3529816;-4.73114;6.840332
a;12614613381697;5.2230835;-5.2813873;6.741089
a;12614633523298;4.9653015;-4.7700043;7.4839478
a;12614653664900;5.0337067;-5.142288;7.4940643
a;12614673806501;4.7578278;-5.366287;6.6984253
a;12614693948103;4.4641724;-6.2157288;6.3319397
a;12614714089705;4.0552673;-6.451828;6.8438263
a;12614734231306;4.3398285;-5.8017883;6.967407
a;12614754372908;4.442856;-5.9212646;6.6158905
a;12614774514509;4.6996;-5.5231934;6.477356
a;12614794656111;5.4822693;-4.658554;6.560272
a;12614814797712;5.6304474;-4.5034943;6.86882
a;12614834939314;5.139801;-4.9335785;6.6445465
a;12614855080915;5.418274;-5.1513977;6.490631
a;12614875222517;5.8964996;-5.1746063;6.3549805
a;12614895364119;5.505356;-5.513031;6.2400055
a;12614915505720;5.0749207;-4.988785;6.656372
a;12614935647322;5.194519;-4.855545;7.006851
a;12614955788923;5.0199585;-4.7075043;6.787262
a;12614975930525;4.320877;-4.4231567;6.9155884
a;12614996072126;4.391571;-4.8272247;6.9857025
a;12615016213728;4.783798;-5.0281525;7.399292
a;12615036355330;4.809601;-5.2595673;7.534027
a;12615056496931;4.4053497;-4.986038;7.6136627
a;12615076638533;4.348648;-4.825409;7.749771
a;12615096780134;4.8471527;-5.039749;7.738571
a;12615116921736;4.918991;-5.1751556;7.4940796
a;12615137063337;3.7366638;-5.050995;7.3010864
a;12615157204939;3.3537903;-5.027069;7.3116302
a;12615177346540;4.1569824;-4.938919;7.6049347
a;12615197488142;4.491745;-4.92894;7.7728577
a;12615217629744;3.9116669;-5.164261;8.066574
a;12615237771345;3.616928;-5.058136;8.0581665
a;12615257912947;3.8874054;-4.807068;7.881531
a;12615278054548;4.169235;-4.882263;7.617264
a;12615298196150;3.9732056;-4.7785034;7.5000153
a;12615318337751;3.4292145;-4.8076935;7.2644806
a;12615338479353;3.223343;-4.777725;7.2399597
a;12615358620955;3.708847;-4.9293365;7.563385
a;12615378762556;4.146988;-5.0981903;7.611435
a;12615398904158;3.7992554;-5.344635;7.439102
a;12615419045759;3.465149;-5.666519;7.210037
a;12615439187361;3.556076;-5.707596;7.041733
a;12615459328962;3.8274841;-5.6151276;7.048706
a;12615479470564;4.1164856;-5.56987;7.0466614
a;12615499612165;3.7811432;-5.533539;7.045944
a;12615519753767;3.6288147;-5.619461;6.823456
a;12615539895369;4.025299;-5.5693054;7.0446625
a;12615560036970;4.2341614;-5.696106;7.145035
a;12615580178572;4.0440826;-5.522278;7.0895844
a;12615600320173;3.9150238;-5.1454773;7.171585
a;12615620461775;4.145981;-4.8087463;7.1570435
a;12615640603376;4.3417206;-4.8289948;7.1940155
a;12615660744978;4.4953156;-4.7807617;7.5309143
a;12615680886580;4.478958;-4.756195;7.421875
a;12615701028181;4.4180756;-4.212082;7.746567
a;12615721169783;4.520111;-3.8115997;7.9660797
a;12615741311384;4.5004425;-4.3209534;7.468445
a;12615761452986;4.291504;-4.41716;6.932373
a;12615781594587;4.2107697;-4.392914;6.8689575
a;12615801736189;4.299347;-4.5691986;7.0648804
a;12615821877790;4.719986;-4.761368;7.083847
a;12615842019392;5.2351074;-5.4512024;7.110779
a;12615862160994;5.045624;-5.6567535;6.7100677
a;12615882302595;4.8371887;-5.24292;6.5987244
a;12615902444197;5.100296;-4.858719;6.779129
a;12615922585798;5.4249268;-4.6532288;6.7459717
a;12615942727400;5.1454926;-4.3328857;6.764221
a;12615962869001;5.0424194;-3.7059784;7.0440674
a;12615983010603;5.306839;-3.989975;7.0819244
a;12616003152205;5.324127;-4.0767365;7.2585754
a;12616023293806;5.525696;-4.2916565;7.011261
a;12616043435408;5.839218;-4.413437;6.749588
a;12616063577009;6.369156;-4.537735;6.9895782
a;12616083718611;6.4835205;-4.4895477;7.707489
a;12616103860212;6.021744;-3.995758;7.707962
a;12616124001814;5.325638;-4.441757;5.751953
a;12616144143415;5.03804;-5.4727936;4.371109
a;12616164285017;4.9942627;-5.305313;5.404373
a;12616184426619;5.185028;-4.835373;6.3672485
a;12616204568220;5.394562;-4.444977;7.1454926
a;12616224709822;5.074829;-5.6107635;6.600403
a;12616244851423;4.674652;-5.632889;6.2870483
a;12616264993025;4.7269135;-4.9087524;6.5855255
a;12616285134626;4.65889;-5.004486;7.082184
a;12616305276228;4.5961304;-3.9009094;7.776184
a;12616325417830;4.6329193;-3.761963;8.031952
a;12616345559431;4.8520966;-4.140808;7.631912
a;12616365701033;5.253998;-4.7458954;6.957016
a;12616385842634;5.4645844;-5.4901276;5.7797394
a;12616405984236;5.5491943;-3.9792023;6.3328247
a;12616426125837;5.4636536;-3.532425;6.5256042
a;12616446267439;5.403427;-3.974701;5.7682037
a;12616466409040;5.5806274;-3.8247986;5.1092834
a;12616486550642;5.619461;-3.6853943;4.22081
a;12616506692244;5.189789;-4.0121765;3.9169464
a;12616526833845;4.4203644;-4.366211;4.223526
a;12616546975447;4.7787476;-4.497635;4.2386475
a;12616567117048;5.1524963;-4.3454895;3.8380127
a;12616587258650;5.00708;-4.574173;3.0652924
a;12616607400251;4.7276306;-5.0153046;2.8166351
a;12616627541853;4.6181335;-5.208084;2.5649872
a;12616647683455;5.1893616;-5.327362;2.1417542
a;12616667825056;5.631851;-5.477997;2.2771149
a;12616687985675;5.3410645;-5.772522;4.121811
a;12616708127276;4.665024;-5.8853455;5.0961
a;12616728268878;5.4428253;-5.838043;4.7499084
a;12616748410479;6.928314;-5.6364746;3.6900482
a;12616768552081;8.036743;-5.716385;3.8136292
a;12616788693682;8.576416;-5.9944;4.365494
a;12616808835284;9.035416;-6.2017975;4.2462006
a;12616828976886;10.249237;-6.3370667;3.5707397
a;12616849118487;11.73703;-6.053467;3.4352112
a;12616869260089;12.712524;-5.6347504;3.271576
a;12616889401690;13.021545;-5.0585785;2.7210999
a;12616909543292;13.055634;-5.1694946;3.154007
a;12616929684893;12.323898;-5.5226135;3.9850464
a;12616949826495;11.125198;-4.8880463;4.323227
a;12616969968097;10.316589;-3.9852753;4.699341
a;12616990109698;10.355438;-3.9442291;4.790344
a;12617010251300;10.966217;-2.6288605;8.223801
a;12617030392901;10.358795;1.9108124;9.099609
a;12617050534503;10.356903;-0.2849579;4.333435
a;12617070676104;10.00798;-3.892746;1.2261658
a;12617090817706;8.669464;-5.435898;1.3813629
a;12617110959307;8.2651825;-4.299759;1.9057465
a;12617131100909;8.81459;-4.2158966;1.5098267
a;12617151242511;9.407684;-3.9438782;1.4415588
a;12617171384112;9.19693;-3.0253754;1.7315369
a;12617191525714;8.996994;-2.4853516;1.6850586
a;12617211667315;9.065033;-2.6497955;1.2085114
a;12617231808917;8.978012;-3.1359863;0.5566864
a;12617251950518;8.88414;-3.3781433;0.13475037
a;12617272092120;9.118469;-3.4093323;-0.0070495605
a;12617292233722;9.350159;-3.4865265;-0.14167786
a;12617312375323;9.188889;-3.4572754;-0.14706421
a;12617332516925;8.972275;-3.3976135;-0.10095215
a;12617352658526;8.97197;-3.442566;-0.007217407
a;12617372800128;9.02504;-3.6246643;0.032302856
a;12617392941729;9.043167;-3.7296143;-0.0107421875
a;12617413083331;9.042023;-3.7346802;-0.019714355
a;12617433224932;9.027161;-3.6644592;0.047470093
a;12617453366534;9.035431;-3.5104523;0.20429993
a;12617473508136;9.000076;-3.4691467;0.3325348
a;12617493649737;9.037369;-3.4719543;0.4619751
a;12617513791339;9.073074;-3.455124;0.5672302
a;12617533932940;9.178314;-3.3848572;0.98399353
a;12617554074542;9.403961;-2.5515747;2.4994354
a;12617574216143;9.887039;-1.2275238;4.224991
a;12617594357745;9.609146;0.105041504;4.1965027
a;12617614499347;9.332565;-0.60847473;3.0828705
a;12617634640948;9.371536;-2.3221588;1.9687347
a;12617654782550;9.4897;-3.5301056;1.4438782
a;12617674924151;9.34906;-3.1808014;1.1522827
a;12617695065753;9.276764;-3.1294403;0.62112427
a;12617715207354;9.304306;-3.4305725;0.36569214
a;12617735348956;9.220245;-3.3113403;0.59916687
a;12617755490557;9.036087;-3.1257935;0.86460876
a;12617775632159;8.989731;-3.1772156;0.83628845
a;12617795773761;8.986954;-3.3123016;0.6785126
a;12617815915362;8.964676;-3.2897186;0.71365356
a;12617836056964;8.961716;-3.2741394;0.81111145
a;12617856198565;8.975525;-3.138031;1.0869598
a;12617876340167;9.063385;-2.9466705;1.4241486
a;12617896481768;9.372925;-2.7709503;1.8198853
a;12617916623370;9.41832;-2.5976105;2.1309052
a;12617936764972;9.179169;-2.5028381;2.2912598
a;12617956906573;9.005676;-2.7006989;2.2434998
a;12617977048175;8.917236;-2.7612152;2.082306
a;12617997189776;9.020828;-2.909546;1.7503815
a;12618017331378;9.258835;-3.0655365;1.3775024
a;12618037472979;9.326645;-3.07753;1.1564331
a;12618057614581;9.267624;-3.0535736;1.141098
a;12618077756182;9.188751;-3.0245361;1.1087952
a;12618097897784;9.11969;-3.0572815;1.07518
a;12618118039386;9.021317;-3.1284637;0.96484375
a;12618138180987;8.937088;-3.0853424;1.0035858
a;12618158322589;9.083984;-2.9951782;1.1938019
a;12618178464190;9.222488;-2.8970337;1.4980621
a;12618198605792;9.312836;-2.8658295;1.8237
a;12618218747393;9.521759;-2.958191;2.018341
a;12618238888995;9.616501;-3.0664368;2.119812
a;12618259030597;9.600433;-3.1025848;2.3827057
a;12618279172198;9.493042;-3.140854;2.42659
a;12618299313800;9.350418;-3.336914;2.292923
a;12618319455401;9.168198;-3.4219055;2.1838226
a;12618339597003;8.987747;-3.4904175;2.0547333
a;12618359738604;8.91095;-3.610672;1.9113464
a;12618379880206;8.865677;-3.6327515;1.7619934
a;12618400021807;8.907959;-3.5513916;1.8004913
a;12618420163409;8.9236145;-3.4585724;1.7323151
a;12618440305011;9.009537;-3.4694214;1.6079407
a;12618460446612;8.981491;-3.4609833;1.5435944
a;12618480588214;8.965729;-3.3805695;1.3855286
a;12618500729815;9.111328;-3.3313904;1.347702
a;12618520871417;9.328613;-3.2017517;1.4061127
a;12618541013018;9.442215;-3.0781403;1.4802856
a;12618561154620;9.447647;-2.9698029;1.5010986
a;12618581296222;9.379761;-2.8591309;1.4668121
a;12618601437823;9.252167;-2.7527466;1.4014282
a;12618621579425;9.177734;-2.6846008;1.3310394
a;12618641721026;9.186447;-2.6302948;1.2509003
a;12618661862628;9.118759;-2.626892;1.2135315
a;12618682004229;8.955933;-2.6130066;1.2230835
a;12618702145831;8.945068;-2.6266937;1.2436523
a;12618722287432;9.023132;-2.676651;1.3748932
a;12618742429034;9.085266;-2.7937317;1.5669861
a;12618762570636;9.053223;-2.968277;1.7190857
a;12618782712237;9.062195;-3.167862;1.7586212
a;12618802853839;9.158752;-3.2667542;1.891983
a;12618822995440;9.188156;-3.4070282;1.9041901
a;12618843137042;9.144028;-3.5299683;1.8474884
a;12618863278643;9.042023;-3.573944;1.8420258
a;12618883420245;9.211746;-3.6413727;1.7456207
a;12618903561847;9.676224;-3.671997;1.654068
a;12618923703448;10.292862;-3.7706604;1.8533936
a;12618943845050;10.203873;-3.6790466;2.1605225
a;12618963986651;9.303436;-3.3280792;2.3204193
a;12618984128253;7.4539948;-2.6733093;1.8179169
a;12619004269854;6.181793;-2.1138763;0.801651
a;12619024411456;7.376648;-2.314865;0.07266235
a;12619044553057;9.208466;-3.1506195;0.03677368
a;12619064694659;9.751709;-3.5133972;0.74050903
a;12619084836261;9.719376;-3.5897675;1.4942017
a;12619104977862;10.427429;-3.1495972;2.373886
a;12619125119464;11.340729;-3.4670563;3.3521118
a;12619145261065;10.164429;-3.926422;3.6321564
a;12619165402667;8.292618;-4.0012054;2.7081146
a;12619185544268;7.5726013;-3.5027924;1.9440613
a;12619205685870;6.991562;-3.0227814;0.9418793
a;12619225827472;7.509491;-2.9536438;-0.05860901
a;12619245969073;9.667725;-3.1967316;-0.25480652
a;12619266110675;11.27916;-3.4327698;0.25349426
a;12619286252276;11.105408;-3.651184;1.0415955
a;12619306393878;10.016815;-3.7978058;1.9282379
a;12619326535479;9.084381;-3.264801;2.9905548
a;12619346677081;8.344513;-2.7910156;3.2932281
a;12619366818682;7.795868;-2.9428864;2.265091
a;12619386960284;7.551285;-2.8702698;1.2000427
a;12619407101886;8.189484;-2.8616638;0.352417
a;12619427243487;9.529724;-3.0545807;0.016662598
a;12619447385089;10.408325;-3.3072205;0.27713013
a;12619467526690;10.154007;-3.6585388;0.9047241
a;12619487668292;9.286575;-3.572113;1.8157501
a;12619507809893;8.605194;-2.91745;2.653122
a;12619527951495;8.34166;-2.9483795;2.6908417
a;12619548093097;8.32048;-3.0912323;1.9703064
a;12619568234698;8.764175;-3.3028564;1.3127441
a;12619588376300;9.413406;-3.4361572;0.98283386
a;12619608517901;9.633575;-3.3144684;1.1484528
a;12619628659503;9.423416;-3.236023;1.515091
a;12619648801104;9.151627;-3.2832947;1.7470245
a;12619668942706;8.99234;-3.4708557;1.7615662
a;12619689084307;8.979645;-3.6710968;1.609787
a;12619709225909;9.07019;-3.6152802;1.4436798
a;12619729367511;9.230774;-3.4841309;1.3727722
a;12619749509112;9.355515;-3.4637756;1.2866211
a;12619769650714;9.223465;-3.4569244;1.2603607
a;12619789792315;9.072174;-3.4346313;1.3118591
a;12619809933917;8.95253;-3.4329834;1.393753
a;12619830075518;8.921814;-3.4177399;1.4824829
a;12619850217120;8.985275;-3.4133606;1.5407104
a;12619870358722;9.064941;-3.4136658;1.5011292
a;12619890500323;9.103073;-3.4377136;1.4296265
a;12619910641925;9.05426;-3.4586487;1.4324493
a;12619930783526;9.00914;-3.4789886;1.4810638
a;12619950925128;8.997711;-3.483139;1.5179138
a;12619971066729;8.950317;-3.443039;1.5141907
a;12619991208331;8.983795;-3.4976807;1.454895
a;12620011349932;8.975891;-3.5092926;1.4851837
a;12620031491534;8.985947;-3.5486298;1.4543915
a;12620051633136;8.989975;-3.5667114;1.509903
a;12620071774737;8.97757;-3.5335846;1.5424194
a;12620091916339;8.977783;-3.5397491;1.5348816
a;12620112057940;9.063171;-3.5625916;1.5728912
a;12620132199542;9.131454;-3.5597687;1.555481
a;12620152341143;9.10939;-3.5239716;1.5586853
a;12620172482745;9.078232;-3.5113525;1.5805054
a;12620192624347;9.086533;-3.4790802;1.5210876
a;12620212765948;9.071014;-3.4382935;1.4815826
a;12620232907550;9.054718;-3.4566803;1.4815674
a;12620253049151;9.052185;-3.397171;1.473526
a;12620273190753;9.081955;-3.3583832;1.4443665
a;12620293332354;9.13121;-3.3963928;1.4521637
a;12620313473956;9.087585;-3.4146118;1.5189514
a;12620333615557;9.0611725;-3.4451752;1.5605316
a;12620353757159;9.046707;-3.4669495;1.6053619
a;12620373898761;9.03183;-3.4655151;1.5881958
a;12620394040362;9.02507;-3.4839783;1.571228
a;12620414181964;8.998245;-3.4798126;1.5061798
a;12620434323565;8.977737;-3.4839172;1.4540558
a;12620454465167;8.982605;-3.4576874;1.4694214
a;12620474606768;8.993927;-3.4692993;1.4525757
a;12620494748370;9.002884;-3.4489899;1.451416
a;12620514889972;8.960312;-3.4191284;1.4842224
a;12620535031573;9.021545;-3.4244537;1.5226135
a;12620555173175;9.072098;-3.4176483;1.5270691
a;12620575314776;9.075546;-3.414917;1.5130157
a;12620595456378;9.07431;-3.4317627;1.5136414
a;12620615597979;9.032593;-3.4236755;1.546936
a;12620635739581;8.974304;-3.422287;1.5836334
a;12620655881182;9.025192;-3.4308624;1.5268402
a;12620676022784;9.105804;-3.462906;1.5118561
a;12620696164386;9.095795;-3.4862518;1.522049
a;12620716305987;9.0590515;-3.4922485;1.5613098
a;12620736447589;9.015015;-3.423523;1.4894714
a;12620756589190;8.994949;-3.3975983;1.5284729
a;12620776730792;9.011063;-3.378357;1.5121765
a;12620796872393;9.034088;-3.3848267;1.4847717
a;12620817013995;9.058456;-3.4124603;1.5061493
a;12620837155597;9.063019;-3.4797668;1.5186157
a;12620857297198;9.066101;-3.5161438;1.6083374
a;12620877438800;9.036118;-3.512909;1.5855255
a;12620897580401;8.995438;-3.4860382;1.5801697
a;12620917722003;9.038315;-3.4859924;1.495697
a;12620937863604;9.073669;-3.5017242;1.5132446
a;12620958005206;9.084351;-3.4998932;1.520401
a;12620978146807;9.083664;-3.4482574;1.4888306
a;12620998288409;9.040009;-3.4092865;1.5047913
a;12621018430011;9.038452;-3.359146;1.4661102
a;12621038571612;9.068787;-3.3346405;1.4084473
a;12621058713214;9.076675;-3.3295288;1.4660034
a;12621078854815;9.067017;-3.3118591;1.4468689
a;12621098996417;9.043716;-3.3511353;1.4844666
a;12621119138018;9.077866;-3.3792725;1.4532623
a;12621139279620;9.140854;-3.3789063;1.4638214
a;12621159421222;9.072983;-3.3831482;1.4958496
a;12621179562823;9.049881;-3.3838348;1.541153
a;12621199704425;9.032928;-3.377182;1.483017
a;12621219846026;9.050095;-3.4052887;1.467041
a;12621239987628;9.09494;-3.3988342;1.4769135
a;12621260129229;9.100082;-3.4189606;1.4733734
a;12621280270831;9.06871;-3.4301758;1.4134674
a;12621300412432;9.060913;-3.385727;1.4525299
a;12621320554034;9.074722;-3.369629;1.4520111
a;12621340695636;9.098038;-3.3245697;1.4351654
a;12621360837237;9.044769;-3.312439;1.4215546
a;12621380978839;9.042236;-3.3706512;1.4487457
a;12621401120440;9.1020355;-3.4083405;1.4656525
a;12621421262042;9.059738;-3.4065552;1.4457855
a;12621441403643;9.034653;-3.382431;1.4908142
a;12621461545245;9.042984;-3.387909;1.502121
a;12621481686847;9.069382;-3.3562775;1.4884796
a;12621501828448;9.093353;-3.328125;1.4354401
a;12621521970050;9.111771;-3.3203125;1.395401
a;12621542111651;9.115402;-3.3290253;1.445694
a;12621562253253;9.124725;-3.334488;1.423233
a;12621582394854;9.092545;-3.3757477;1.4646759
a;12621602536456;9.074402;-3.3858948;1.4743958
a;12621622678057;9.062759;-3.3858032;1.4829865
a;12621642819659;9.031525;-3.405548;1.5279541
a;12621662961261;9.026611;-3.414215;1.4885101
a;12621683102862;9.029358;-3.4333649;1.4332123
a;12621698209063;9.031128;-3.4395752;1.4672546
a;12621718350665;9.065216;-3.4203796;1.5100708
a;12621738492266;9.064911;-3.4389038;1.5196686
a;12621758633868;9.046585;-3.4095154;1.5279388
a;12621778775470;9.057999;-3.4248962;1.488205
a;12621798917071;9.047226;-3.4130554;1.4695435
a;12621819058673;9.083466;-3.438202;1.4868622
a;12621839200274;9.074692;-3.4447327;1.467865
a;12621859341876;9.052048;-3.4418945;1.5011902
a;12621879483477;9.054047;-3.4493713;1.4952545
a;12621899625079;9.012863;-3.4670105;1.479538
a;12621919766681;8.981415;-3.4498901;1.4669647
a;12621939908282;8.987213;-3.4657898;1.523819
a;12621960049884;9.047806;-3.442688;1.5082855
a;12621980191485;9.141861;-3.4811554;1.484375
a;12622000333087;9.084015;-3.4918976;1.5075226
a;12622020474688;9.006409;-3.5025024;1.5301208
a;12622040616290;9.024017;-3.458374;1.549469
a;12622060757891;9.031494;-3.4102936;1.5204773
a;12622080899493;9.074295;-3.433792;1.4861755
a;12622101041095;9.034042;-3.4975739;1.4870453
a;12622121182696;9.039566;-3.4933777;1.4964294
a;12622141324298;9.086105;-3.4715729;1.5183563
a;12622161465899;9.059998;-3.4324646;1.5487213
a;12622181607501;9.060928;-3.3935242;1.517746
a;12622201749102;8.999664;-3.3905792;1.480957
a;12622221890704;9.013229;-3.4118042;1.4679871
a;12622242032306;9.091568;-3.4339447;1.4466553
a;12622262173907;9.0881195;-3.437378;1.4604492
a;12622282315509;9.059036;-3.4451294;1.5169983
a;12622302457110;9.045731;-3.3973083;1.52211
a;12622322598712;9.021423;-3.4042664;1.4825287
a;12622342740313;9.046616;-3.3725739;1.4820099
a;12622362881915;9.08255;-3.387268;1.4837494
a;12622383023516;9.089355;-3.4197388;1.4602661
a;12622403165118;9.101822;-3.4237213;1.4527283
a;12622423306720;9.060028;-3.441162;1.5050507
a;12622443448321;9.052856;-3.3937225;1.5678711
a;12622463589923;9.03418;-3.392746;1.511261
a;12622483731524;9.043808;-3.3940735;1.4991913
a;12622503873126;9.059662;-3.4173737;1.4272919
a;12622524014727;9.054977;-3.446701;1.4931488
a;12622544156329;9.052719;-3.4395142;1.4771729
a;12622564297931;9.034302;-3.4288177;1.486557
a;12622584439532;9.063797;-3.4207;1.4827881
a;12622604581134;9.058441;-3.4105682;1.4588165
a;12622624722735;9.072418;-3.4453125;1.5407257
a;12622644864337;9.050919;-3.4485474;1.5200958
a;12622665005938;9.033646;-3.4649963;1.5221252
a;12622685147540;9.038528;-3.437439;1.5194702
a;12622705289141;9.024277;-3.4303741;1.5149689
a;12622725430743;9.033386;-3.4253693;1.5198212
a;12622745572345;9.048248;-3.4253845;1.5382385
a;12622765713946;9.063522;-3.4502106;1.5020599
a;12622785855548;9.052567;-3.4368134;1.5404816
a;12622805997149;9.041809;-3.3960571;1.522171
a;12622826138751;9.035065;-3.360855;1.5606232
a;12622846280352;9.116165;-3.4048615;1.5607452
a;12622866421954;9.089874;-3.6598816;1.7400665
a;12622886563556;9.189133;-4.1865234;1.9940948
a;12622906705157;9.677567;-4.5593414;2.4270782
a;12622926846759;10.193649;-4.760437;3.1597443
a;12622946988360;10.505371;-5.8065796;2.6234283
a;12622967129962;10.431244;-7.3188934;2.6817627
a;12622987271563;10.196335;-7.067276;3.7097168
a;12623007413165;10.167328;-6.785019;3.9244843
a;12623027554766;9.93866;-7.5590973;3.4761353
a;12623047696368;9.299637;-7.725708;3.6510773
a;12623067837970;9.11293;-7.6872406;3.9675293
a;12623087979571;9.324341;-7.733597;4.1356964
a;12623108121173;9.346741;-7.2112274;4.175522
a;12623128262774;8.753357;-6.563385;4.3681946
a;12623148404376;7.988571;-6.1526947;4.6019745
a;12623168545977;7.199875;-5.7571106;4.9042816
a;12623188687579;6.708725;-5.6278076;5.2542114
a;12623208829181;6.4810486;-5.59404;5.386673
a;12623228970782;5.913727;-5.252777;5.215378
a;12623249112384;5.11705;-4.5857086;5.241699
a;12623269253985;4.4781036;-3.906784;5.5595245
a;12623289395587;4.0248566;-3.5518494;6.0177765
a;12623309537188;3.6123657;-3.3839111;6.3451385
a;12623329678790;3.1231995;-2.9704742;6.152832
a;12623349820391;2.6815338;-2.7025452;6.3136444
a;12623369961993;2.5840454;-2.9723816;6.844391
a;12623390103595;2.4292297;-2.8554077;7.145767
a;12623410245196;1.956665;-2.1151733;7.325363
a;12623430386798;1.6395569;-1.5118408;7.44429
a;12623450528399;1.6067505;-1.4632721;7.8505554
a;12623470670001;1.5383759;-1.7806549;8.102921
a;12623490811602;1.3319855;-1.756073;8.088638
a;12623510953204;1.1654358;-1.627655;8.010529
a;12623531094806;1.0307922;-1.3502655;8.047546
a;12623551236407;1.0553894;-1.3885956;8.469345
a;12623571378009;0.89619446;-1.4650726;8.667206
a;12623591519610;0.763443;-1.3802948;8.8776245
a;12623611661212;0.7474518;-1.2212372;8.782242
a;12623631802813;0.5668793;-1.0926056;8.8389435
a;12623651944415;0.4466858;-1.2133942;8.942184
a;12623672086016;0.43336487;-1.3244019;9.210678
a;12623692227618;0.42697144;-1.3552704;9.243744
a;12623712369220;0.35211182;-1.2892151;9.229736
a;12623732510821;0.36009216;-1.3041534;9.29686
a;12623752652423;0.040512085;-1.1296082;9.366516
a;12623772794024;0.19607544;-1.1898346;9.339554
a;12623792935626;0.2657013;-1.0915985;9.391434
a;12623813077227;0.37106323;-1.165451;9.543396
a;12623833218829;0.3358307;-1.2971497;9.519775
a;12623853360431;0.2846527;-1.2974701;9.361252
a;12623873502032;0.20585632;-1.1242065;9.418869
a;12623893643634;0.22618103;-1.0389099;9.576721
a;12623913785235;0.32936096;-1.0703735;9.6779175
a;12623933926837;0.33146667;-1.1040039;9.646515
a;12623954068438;0.24584961;-1.0629578;9.498627
