a;12749421125641;-0.29145813;1.5976105;9.471603
a;12749441267242;-0.3358307;1.4689178;9.448898
a;12749461408844;-0.34568787;1.7349548;9.484924
a;12749481550445;-0.05934143;2.1372528;9.550873
a;12749501692047;1.3735657;2.0974731;9.348938
a;12749521833648;-1.8769531;1.9814453;9.110794
a;12749541975250;0.84654236;1.63237;9.118759
a;12749562116851;0.5899353;2.2153473;9.400391
a;12749582258453;-0.0821991;2.092926;9.11879
a;12749602400055;0.24858093;1.7472534;8.916534
a;12749622541656;0.41397095;1.9780426;9.055222
a;12749642683258;0.8705292;1.6651001;9.494263
a;12749662824859;0.4464264;1.2829285;9.854813
a;12749682966461;0.1811676;1.5954132;9.82637
a;12749703108062;0.11378479;1.793457;9.421341
a;12749723249664;0.012283325;1.3377075;8.835983
a;12749743391266;-0.51194763;-0.026626587;9.082336
a;12749763532867;-1.1613007;-0.5068054;10.164978
a;12749783674469;-2.6753387;-0.831131;9.452011
a;12749803816070;-3.631607;-1.5379944;9.467041
a;12749823957672;-3.9293518;-2.7115936;9.171722
a;12749844099273;-4.021454;-3.0486145;8.827698
a;12749864240875;-3.3960266;-3.6297455;8.652756
a;12749884382476;-3.1059418;-3.631958;8.5971985
a;12749904524078;-2.7332458;-1.8566132;9.723587
a;12749924665680;-1.9402008;-1.0482178;9.357025
a;12749944807281;-1.4555206;-1.71492;8.516495
a;12749964948883;-1.5101318;-2.3854523;8.426285
a;12749985090484;-1.0532532;-2.6135864;8.523651
a;12750005232086;-0.63539124;-1.678009;8.905411
a;12750025373687;-0.7668457;-1.164978;8.785889
a;12750045515289;-0.8851776;-1.2012177;9.042465
a;12750065656891;-0.6296387;-1.53479;9.901337
a;12750085798492;-0.4031067;-2.0187225;9.850082
a;12750105940094;-0.50671387;-2.1050568;10.189636
a;12750126081695;-0.35858154;-3.0486298;10.537231
a;12750146223297;-0.9398651;-4.10347;10.146866
a;12750166364898;-1.607132;-3.355301;10.240387
a;12750186506500;-1.8520966;-3.5911865;9.352585
a;12750206648101;-2.1210938;-3.4607086;8.727692
a;12750226789703;-1.944519;-3.297348;8.58519
a;12750246931305;-1.908371;-3.538147;8.694397
a;12750267072906;-1.8798676;-3.3730316;9.0329895
a;12750287214508;-1.739975;-3.3206482;9.21228
a;12750307356109;-1.691864;-3.2666626;9.074875
a;12750327497711;-1.6528931;-3.367981;8.752457
a;12750347639312;-1.552536;-3.5856934;8.833496
a;12750367780914;-1.4837036;-3.5065155;8.990784
a;12750387922516;-1.5186615;-3.330902;8.956955
a;12750408064117;-1.2988892;-3.4629974;9.443481
a;12750428205719;-1.8239441;-3.186676;9.376892
a;12750448347320;-1.9138336;-3.390442;8.491562
a;12750468488922;-1.968811;-3.3179016;7.334915
a;12750488630523;-1.1964417;-3.3955994;7.501343
a;12750508772125;-1.382431;-2.9476624;9.363403
a;12750528913726;-1.5215302;-3.4312286;9.369812
a;12750549055328;-1.6146698;-3.4521484;9.545578
a;12750569196930;-1.7780304;-3.6637115;9.314972
a;12750589338531;-1.7571869;-3.245041;9.356064
a;12750609480133;-1.6738129;-3.3394623;9.042252
a;12750629621734;-1.7186127;-3.2704926;8.907944
a;12750649763336;-1.5648804;-3.3767548;8.705078
a;12750669904937;-1.5449066;-3.3026123;8.75383
a;12750690046539;-1.4860992;-3.257019;8.689621
a;12750710188141;-1.338623;-3.2978516;8.933273
a;12750730329742;-1.2463074;-3.3183594;8.968704
a;12750750471344;-1.1861877;-2.854187;9.048309
a;12750770612945;-0.8264618;-2.7958374;9.166367
a;12750790754547;-0.421875;-3.2881317;8.413788
a;12750810896148;-0.3417511;-3.2200317;7.259369
a;12750831037750;0.026229858;-3.2670746;6.722061
a;12750851179351;0.36419678;-2.9209442;6.406967
a;12750871320953;0.39842224;-2.2670746;6.5730896
a;12750891462555;0.42312622;-2.3807526;5.795807
a;12750911604156;0.2263031;-2.0549774;5.3127136
a;12750931745758;0.17732239;-1.8548737;5.150894
a;12750951887359;0.4633026;-2.3429413;5.497757
a;12750972028961;1.3013763;-3.236847;6.2627716
a;12750992170562;1.8969727;-4.0558167;6.6386566
a;12751012312164;1.6946411;-3.4421082;5.671234
a;12751032453766;1.7296295;-3.5700684;5.497406
a;12751052595367;3.0891266;-6.0727844;6.705658
a;12751072736969;4.405792;-8.241196;7.608795
a;12751092878570;4.2143097;-6.75766;7.3198395
a;12751113020172;4.0010834;-5.0749054;6.2165833
a;12751133161773;5.349945;-7.0022125;5.9963684
a;12751153303375;6.4302826;-9.100998;6.0477295
a;12751173444976;6.8409576;-8.990051;5.4447174
a;12751193586578;6.869812;-8.797104;4.637314
a;12751213728180;6.963089;-8.027222;4.222122
a;12751233869781;7.6470337;-7.836792;4.8408203
a;12751254011383;8.489685;-7.4104614;4.8144073
a;12751274152984;9.002258;-6.791336;4.5225067
a;12751294294586;9.419952;-6.259018;3.900177
a;12751314436187;9.816589;-6.005249;3.292099
a;12751334577789;10.140991;-5.8720703;2.9095154
a;12751354719391;10.358734;-5.6360016;2.4621582
a;12751374860992;10.586777;-5.3029327;1.973526
a;12751395002594;10.729935;-5.0292816;1.8379517
a;12751415144195;10.685303;-4.785446;1.9268188
a;12751435285797;10.5372925;-4.648117;2.0381622
a;12751455427398;10.315155;-4.4634857;2.1064758
a;12751475569000;10.105057;-4.178589;2.286316
a;12751495710601;9.899826;-3.6750946;2.5059814
a;12751515852203;9.694626;-3.4721832;2.6590881
a;12751535993805;9.435394;-3.2924805;2.7515717
a;12751556135406;9.178574;-3.170166;2.4701385
a;12751576277008;8.904541;-3.375702;1.9002838
a;12751596418609;8.727737;-3.5313263;1.7475128
a;12751616560211;8.840286;-3.4838562;1.8098145
a;12751636701812;9.10759;-3.277588;1.8314514
a;12751656843414;9.110428;-3.0466003;1.7922516
a;12751676985016;8.899185;-3.2055054;1.6320038
a;12751697126617;8.96521;-3.3635406;1.3120117
a;12751717268219;9.052628;-3.4324036;1.1975708
a;12751737409820;9.0289;-3.481491;1.0657349
a;12751757551422;9.077988;-3.5106964;1.0405121
a;12751777693023;9.248566;-3.3151703;1.2518616
a;12751797834625;9.297104;-3.166504;1.473999
a;12751817976226;9.257523;-3.1015472;1.4596405
a;12751838117828;9.176926;-3.1414795;1.3858185
a;12751858259430;9.105576;-3.1641846;1.457901
a;12751878401031;9.131287;-3.1726685;1.4048462
a;12751898542633;9.214386;-3.2293243;1.4098358
a;12751918684234;9.157242;-3.223755;1.3994904
a;12751938825836;9.185303;-3.1624908;1.4195404
a;12751958967437;9.2724;-3.1763458;1.3998108
a;12751979109039;9.330093;-3.2015228;1.4038086
a;12751999250641;9.319366;-3.19664;1.3440552
a;12752019392242;9.25827;-3.1351318;1.293396
a;12752039533844;9.214233;-3.1312714;1.3127747
a;12752059675445;9.228897;-3.1086426;1.3446655
a;12752079817047;9.216629;-3.0673828;1.3674011
a;12752099958648;9.195908;-2.9857025;1.3738708
a;12752120100250;9.166916;-2.9631042;1.3890839
a;12752140241851;9.173706;-2.9176483;1.4402466
a;12752160383453;9.239441;-2.93956;1.4382172
a;12752180525055;9.181015;-2.9562073;1.4359131
a;12752200666656;9.133423;-3.0346222;1.4574432
a;12752220808258;9.138168;-3.058197;1.3959503
a;12752240949859;9.137711;-3.1368713;1.3702698
a;12752261091461;9.138977;-3.148285;1.3511047
a;12752281233062;9.111786;-3.162445;1.3745117
a;12752301374664;9.042877;-3.160904;1.374939
a;12752321516266;9.039886;-3.160675;1.4517822
a;12752341657867;9.0750885;-3.151245;1.4855499
a;12752361799469;9.097076;-3.119049;1.478363
a;12752381941070;9.13829;-3.1575775;1.4442291
a;12752402082672;9.191711;-3.1969757;1.4361115
a;12752422224273;9.189697;-3.1922913;1.4657745
a;12752442365875;9.193024;-3.172989;1.4654999
a;12752462507476;9.166321;-3.1436462;1.4849396
a;12752482649078;9.132965;-3.1242065;1.4888611
a;12752502790680;9.093445;-3.0949707;1.4710388
a;12752522932281;9.137161;-3.1036377;1.4854584
a;12752543073883;9.1147;-3.0856323;1.4851379
a;12752563215484;9.139801;-3.125473;1.492981
a;12752583357086;9.128067;-3.1749878;1.4815369
a;12752603498687;9.1271515;-3.192154;1.4761353
a;12752623640289;9.150757;-3.1727753;1.4805908
a;12752643781891;9.194794;-3.1815796;1.4835205
a;12752663923492;9.219635;-3.1955414;1.4891357
a;12752684065094;9.133377;-3.1703186;1.5019836
a;12752704206695;9.053192;-3.141983;1.4799652
a;12752724348297;9.062683;-3.127182;1.440567
a;12752744489898;9.122879;-3.1484528;1.4571228
a;12752764631500;9.162735;-3.1447601;1.4641571
a;12752784773101;9.129562;-3.1568146;1.4359741
a;12752804914703;9.116852;-3.1724396;1.4368439
a;12752825056305;9.088196;-3.1727753;1.4678497
a;12752845197906;9.10704;-3.1835632;1.4884186
a;12752865339508;9.076096;-3.1556396;1.4894714
a;12752885481109;9.067017;-3.1586914;1.506134
a;12752905622711;9.158798;-3.1844482;1.4533997
a;12752925764312;9.195587;-3.1970215;1.5232239
a;12752945905914;9.163574;-3.1713104;1.532074
a;12752966047516;9.126038;-3.1654816;1.5301361
a;12752986189117;9.107971;-3.1522217;1.5366821
a;12753006330719;9.120575;-3.133438;1.4558258
a;12753026472320;9.145828;-3.117279;1.4847412
a;12753046613922;9.143036;-3.0982056;1.448761
a;12753066755523;9.133469;-3.114853;1.4589081
a;12753086897125;9.146744;-3.1469421;1.5128021
a;12753107038726;9.149551;-3.1907043;1.534668
a;12753127180328;9.151367;-3.183731;1.4985809
a;12753147321930;9.135132;-3.188675;1.5186615
a;12753167463531;9.115082;-3.1828003;1.5463104
a;12753187605133;9.101593;-3.1662445;1.5187683
a;12753207746734;9.104172;-3.1660156;1.5413055
a;12753227888336;9.152817;-3.213913;1.489914
a;12753248029937;9.136993;-3.2425385;1.4763336
a;12753268171539;9.12323;-3.2002258;1.4996948
a;12753288313141;9.115967;-3.1734009;1.4210358
a;12753308454742;9.143784;-3.124527;1.4412537
a;12753328596344;9.21051;-3.1399384;1.4621735
a;12753348737945;9.184494;-3.1443634;1.533432
a;12753368879547;9.110901;-3.1437683;1.5298615
a;12753389021148;9.065567;-3.1735687;1.5629883
a;12753409162750;9.115387;-3.2162628;1.5217133
a;12753429304351;9.093643;-3.2252502;1.5271606
a;12753449445953;9.099197;-3.2677917;1.4977264
a;12753469587555;9.127487;-3.2588196;1.4648438
a;12753489729156;9.115952;-3.2825012;1.4416351
a;12753509870758;9.123062;-3.2790833;1.4906006
a;12753530012359;9.1262665;-3.2544556;1.5195923
a;12753550153961;9.073883;-3.2295685;1.5454559
a;12753570295562;9.102463;-3.2003326;1.5070953
a;12753590437164;9.140808;-3.2043762;1.4843597
a;12753610578766;9.134598;-3.2250366;1.5192413
a;12753630720367;9.137558;-3.2139282;1.5034637
a;12753650861969;9.092621;-3.1936188;1.5169678
a;12753671003570;9.083511;-3.2015076;1.4505463
a;12753691145172;9.108994;-3.2070007;1.4742432
a;12753711286773;9.127197;-3.2099915;1.4909363
a;12753731428375;9.144348;-3.2413635;1.476532
a;12753751569976;9.123123;-3.263214;1.5031891
a;12753771711578;9.13269;-3.2692566;1.5344543
a;12753791853180;9.125092;-3.2412567;1.5295258
a;12753811994781;9.095154;-3.2013245;1.5308075
a;12753832136383;9.118729;-3.2255096;1.508316
a;12753852277984;9.17305;-3.2205658;1.4659119
a;12753872419586;9.144089;-3.2328339;1.4394073
a;12753892561187;9.0989685;-3.2101135;1.4659576
a;12753912702789;9.092606;-3.2136688;1.452179
a;12753932844391;9.105728;-3.199829;1.4546661
a;12753952985992;9.113907;-3.204239;1.4511108
a;12753973127594;9.163406;-3.2340698;1.4678497
a;12753993269195;9.1336975;-3.2671967;1.4923706
a;12754013410797;9.093842;-3.2189484;1.461441
a;12754033552398;9.062363;-3.2006989;1.473175
a;12754053694000;9.175781;-3.246643;1.4589233
a;12754073835601;9.149628;-3.2595825;1.4994049
a;12754093977203;9.066254;-3.2341766;1.530716
a;12754114118805;9.062592;-3.2525635;1.5204163
a;12754134260406;9.097214;-3.2770538;1.5380249
a;12754154402008;9.098587;-3.2807312;1.5228271
a;12754174543609;9.110596;-3.285141;1.5050812
a;12754194685211;9.090012;-3.2844696;1.4687347
a;12754214826812;9.09494;-3.3097687;1.4602356
a;12754234968414;9.09285;-3.2783813;1.4876099
a;12754255110016;9.1332245;-3.2313538;1.4773254
a;12754275251617;9.08136;-3.2477417;1.5376282
a;12754295393219;9.104614;-3.2444153;1.4982147
a;12754315534820;9.143097;-3.2412567;1.4454193
a;12754335676422;9.14595;-3.2333527;1.5030518
a;12754355818023;9.131897;-3.2254944;1.5135651
a;12754375959625;9.098663;-3.2135162;1.4946136
a;12754396101226;9.113815;-3.210968;1.4743958
a;12754416242828;9.093231;-3.2210083;1.4518433
a;12754436384430;9.14183;-3.229004;1.4671478
a;12754456526031;9.144806;-3.2329102;1.4845581
a;12754476667633;9.158661;-3.2538757;1.4884644
a;12754496809234;9.134674;-3.270752;1.5210114
a;12754516950836;9.140198;-3.2450867;1.5021667
a;12754537092437;9.159378;-3.224121;1.49263
a;12754557234039;9.136627;-3.2005157;1.4806366
a;12754577375641;9.1141815;-3.2120209;1.4907227
a;12754597517242;9.120438;-3.18898;1.4420776
a;12754617658844;9.118256;-3.2165222;1.4621277
a;12754637800445;9.113831;-3.2179108;1.4654083
a;12754657942047;9.118851;-3.2197418;1.4737396
a;12754678083648;9.110321;-3.2393036;1.4846649
a;12754698225250;9.089645;-3.2145538;1.5198364
a;12754718366851;9.10704;-3.2354126;1.4324188
a;12754738508453;9.120132;-3.2387695;1.4825287
a;12754758650055;9.1349945;-3.2298431;1.4710236
a;12754778791656;9.129196;-3.2271118;1.4902344
a;12754798933258;9.115814;-3.1993103;1.5204926
a;12754819074859;9.094315;-3.194687;1.4652863
a;12754839216461;9.111008;-3.2070465;1.4753723
a;12754859358062;9.097336;-3.1760254;1.4971008
a;12754879499664;9.102844;-3.160492;1.5004883
a;12754899641266;9.123947;-3.1838837;1.401413
a;12754919782867;9.121475;-3.1977386;1.446991
a;12754939924469;9.048386;-3.1380615;1.6397705
a;12754960066070;8.897308;-3.1957397;1.7751465
a;12754980207672;8.915451;-3.5893707;2.2478485
a;12755000349273;9.190643;-4.0512543;3.5980988
a;12755020490875;9.770111;-3.9528503;5.4777985
a;12755040632476;10.8263855;-6.3852386;5.8996124
a;12755060774078;12.412262;-9.790695;5.365402
a;12755080915680;15.047882;-12.847412;5.5899506
a;12755101057281;18.89766;-16.12407;5.800659
a;12755121198883;19.495438;-20.031967;3.5510101
a;12755141340484;19.495438;-20.031967;2.722458
a;12755161482086;19.495438;-18.106918;4.3298798
a;12755181623687;18.506058;-11.461868;3.38443
a;12755201765289;12.864502;-6.4907074;-0.37051392
a;12755221906891;9.750381;-3.2535553;-3.9271545
a;12755242048492;10.341461;2.2893677;-5.533554
a;12755262190094;11.445358;8.739365;-6.4944153
a;12755282331695;6.0830994;18.149368;-5.9501953
a;12755302473297;-4.1384735;18.967438;-6.211746
a;12755322614898;-4.874359;18.967438;-8.693787
a;12755342756500;2.2998047;18.967438;-9.429367
a;12755362898101;4.071823;16.981766;-1.6943512
a;12755383039703;2.902832;1.2536774;6.2023163
a;12755403181305;9.296875;-19.063171;12.837067
a;12755423322906;18.825378;-20.031967;-9.943436
a;12755443464508;18.386215;-20.031967;16.9599
a;12755463606109;8.933594;-20.031967;11.155243
a;12755483747711;4.2874603;-10.539749;-3.7615204
a;12755503889312;8.404785;2.4606934;-7.512802
a;12755524030914;15.918015;17.005585;-5.676941
a;12755544172516;10.823746;18.967438;0.15809631
a;12755564314117;-11.16452;18.967438;-6.2208405
a;12755584455719;2.177353;18.967438;-7.527237
a;12755604597320;11.557358;17.843292;-2.2464752
a;12755624738922;8.732178;-4.525406;9.21199
a;12755644880523;8.75531;-20.031967;7.0309753
a;12755665022125;11.86908;-20.031967;-6.9148254
a;12755685163726;5.882141;-20.031967;17.469223
a;12755705305328;1.3565216;-19.111282;3.9524689
a;12755725446930;1.8640747;-4.8609314;-7.4103546
a;12755745588531;7.4451904;10.349487;-8.887283
a;12755765730133;14.274918;18.967438;-5.8155365
a;12755785871734;-0.13417053;18.967438;-5.67601
a;12755806013336;-7.4720154;18.967438;-7.848526
a;12755826154937;8.239822;18.801788;1.1845398
a;12755846296539;8.413437;2.4230347;7.670059
a;12755866438141;1.825531;-19.798752;10.518341
a;12755886579742;1.0726471;-20.031967;-15.799255
a;12755906721344;10.274002;-20.031967;12.919769
a;12755926862945;2.4903717;-19.836578;9.929092
a;12755947004547;0.716568;-10.402817;-2.5718079
a;12755967146148;4.623062;5.1586304;-10.194336
a;12755987287750;15.83345;18.967438;-11.144592
a;12756007429351;5.7761383;18.967438;-10.211121
a;12756027570953;-5.7571716;18.967438;-6.4201508
a;12756047712555;7.8057404;18.812302;-1.0161285
a;12756067854156;10.188431;3.3450623;2.2252655
a;12756087995758;6.374756;-18.891632;4.368744
a;12756108137359;1.2584076;-20.031967;-11.297409
a;12756128278961;7.1082764;-20.031967;12.365982
a;12756148420562;1.8126831;-20.031967;7.707123
a;12756168562164;1.1240234;-10.997482;-2.8993835
a;12756188703766;5.767807;9.210114;-10.194305
a;12756208845367;17.334991;18.967438;-8.608139
a;12756228986969;3.3175507;18.967438;-11.104843
a;12756249128570;-2.2742157;18.967438;-6.2796173
a;12756269270172;8.557907;15.943466;-2.051529
a;12756289411773;11.957809;-10.094772;1.8115845
a;12756309553375;5.631241;-20.031967;-10.126938
a;12756329694976;-1.5418396;-20.031967;6.923935
a;12756349836578;-2.196762;-20.031967;11.262558
a;12756369978180;-2.6076508;-16.082474;4.0286407
a;12756390119781;-2.258316;-4.8650208;-3.6344147
a;12756410261383;1.5190582;12.203201;-5.4431763
a;12756430402984;9.800095;18.967438;-2.7626343
a;12756450544586;1.1712494;18.967438;-2.809906
a;12756470686187;-0.6757965;17.312958;-2.2436218
a;12756490827789;2.6682587;10.288025;-1.4638214
a;12756510969391;2.622406;3.2695007;-0.55319214
a;12756531110992;3.8649445;-5.19046;2.3113708
a;12756551252594;7.271698;-17.112076;4.60614
a;12756571394195;7.0530243;-14.208038;-2.3688812
a;12756591535797;5.854492;-10.623749;0.739151
a;12756611677398;11.590134;-19.558182;5.0519104
a;12756631819000;16.863937;-20.02008;1.8710175
a;12756651960601;12.24765;-14.071762;4.2014465
a;12756672102203;7.26445;-9.557434;2.717865
a;12756692243805;7.540558;-8.410812;1.1250458
a;12756712386776;9.45369;-7.0822754;0.7749939
a;12756732528378;9.326508;-6.716919;0.7013092
a;12756752669979;9.637207;-7.618927;1.2206573
a;12756772811581;10.56218;-7.22789;2.1373596
a;12756792953182;11.442734;-6.27092;2.2401276
a;12756813094784;12.404587;-5.7733917;1.7402039
a;12756833236386;13.029846;-5.644211;1.2374573
a;12756853377987;12.8546295;-5.901352;1.2288666
a;12756873519589;11.945969;-5.6902924;1.5359039
a;12756893661190;10.870438;-5.176285;1.7371826
a;12756913802792;10.11998;-4.5394287;1.6284943
a;12756933944393;9.844238;-4.188324;1.6013794
a;12756954085995;9.824036;-3.9924011;1.7086487
a;12756974227596;9.815857;-3.6846619;1.8847351
a;12756994369198;9.580109;-3.3428955;1.7947235
a;12757014510800;9.099457;-3.4592133;1.5759277
a;12757034652401;8.481369;-3.8263855;1.3592377
a;12757054794003;8.109711;-4.0123596;1.365036
a;12757074935604;7.932724;-4.02861;1.4728394
a;12757095077206;7.8618774;-3.9653625;1.4073944
a;12757115218807;7.9672546;-3.867157;1.6624908
a;12757135360409;8.308273;-3.605957;2.3500214
a;12757155502011;8.844223;-3.200058;2.8912506
a;12757175643612;9.381134;-3.0954132;2.7492828
a;12757195785214;9.694107;-3.6636353;2.035431
a;12757215926815;9.754105;-4.1591644;1.4972076
a;12757236068417;9.710815;-3.964325;1.4732361
a;12757256210018;9.779175;-3.7487946;1.3557739
a;12757276351620;9.7379;-3.4341583;1.1405792
a;12757296493221;9.602997;-3.230545;1.2083282
a;12757316634823;9.509308;-3.1181946;1.2839355
a;12757336776425;9.531357;-3.0883026;1.2639465
a;12757356918026;9.327606;-3.0763245;1.1004791
a;12757377059628;9.01239;-3.2511597;0.8500519
a;12757397201229;8.817871;-3.3300018;0.70861816
a;12757417342831;8.725159;-3.3974304;0.648407
a;12757437484432;8.70047;-3.3860168;0.5904083
a;12757457626034;8.6315155;-3.2779846;0.642334
a;12757477767636;8.56778;-3.234085;0.73791504
a;12757497909237;8.604233;-3.2906494;0.789917
a;12757518050839;8.700668;-3.2725372;0.86750793
a;12757538192440;8.981918;-3.1838226;0.9899292
a;12757558334042;9.177887;-2.9884033;1.2056122
a;12757578475643;9.315231;-2.8269348;1.6800842
a;12757598617245;9.206085;-2.8267212;1.9205322
a;12757618758846;9.105789;-3.0182953;1.791687
a;12757638900448;9.149338;-3.2577057;1.4713745
a;12757659042050;9.253372;-3.5375977;1.2594147
a;12757679183651;9.231186;-3.8017273;1.0777588
a;12757699325253;9.112854;-3.741394;1.0552673
a;12757719466854;9.116013;-3.6673431;1.1382599
a;12757739608456;9.156525;-3.6001434;1.1210327
a;12757759750057;9.166977;-3.5964813;1.0792084
a;12757779891659;9.240997;-3.6271667;1.0436096
a;12757800033261;9.30159;-3.628601;1.0323181
a;12757820174862;9.267548;-3.5516052;1.0697937
a;12757840316464;9.232208;-3.521698;1.0774536
a;12757860458065;9.176636;-3.462616;1.0849152
a;12757880599667;9.109802;-3.4053802;1.2000275
a;12757900741268;9.106079;-3.335968;1.2182922
a;12757920882870;9.099503;-3.3141327;1.2744751
a;12757941024471;9.073395;-3.2720184;1.3633118
a;12757961166073;9.1032715;-3.227127;1.3995972
a;12757981307675;9.145218;-3.25029;1.3974609
a;12758001449276;9.18158;-3.3265228;1.3110199
a;12758021590878;9.142426;-3.4006653;1.302948
a;12758041732479;9.120407;-3.4278717;1.2645111
a;12758061874081;9.109909;-3.4593964;1.1963806
a;12758082015682;9.060577;-3.4553833;1.1643372
a;12758102157284;9.015015;-3.4665527;1.1539459
a;12758122298886;9.037659;-3.4763184;1.1543884
a;12758142440487;9.094299;-3.49852;1.1745911
a;12758162582089;9.131485;-3.4881744;1.1929932
a;12758182723690;9.067825;-3.5078125;1.233902
a;12758202865292;9.027145;-3.4782715;1.2814026
a;12758223006893;9.062393;-3.4899597;1.3070984
a;12758243148495;9.122696;-3.4719849;1.3563232
a;12758263290096;9.1102295;-3.4497833;1.3100433
a;12758283431698;9.074417;-3.4516907;1.3170929
a;12758303573300;9.072754;-3.4521942;1.3175812
a;12758323714901;9.096085;-3.4250336;1.277008
a;12758343856503;9.083557;-3.4185333;1.234726
a;12758363998104;9.108124;-3.4112396;1.2516785
a;12758384139706;9.069656;-3.375412;1.2065735
a;12758404281307;9.046387;-3.3864746;1.1696625
a;12758424422909;9.116486;-3.403595;1.1733398
a;12758444564511;9.096451;-3.3832703;1.1757813
a;12758464706112;9.062195;-3.373108;1.2171783
a;12758484847714;9.062195;-3.4101715;1.230957
a;12758504989315;9.104507;-3.4242096;1.2332001
a;12758525130917;9.124771;-3.43602;1.2513275
a;12758545272518;9.102707;-3.4325867;1.2567444
a;12758565414120;9.106567;-3.453659;1.246994
a;12758585555721;9.109238;-3.4971313;1.2357483
a;12758605697323;9.13028;-3.4937897;1.2510681
a;12758625838925;9.094116;-3.464981;1.2003174
a;12758645980526;9.066162;-3.441452;1.2284393
a;12758666122128;9.087814;-3.4614868;1.2320557
a;12758686263729;9.081451;-3.4452057;1.2610626
a;12758706405331;9.082825;-3.4284973;1.2549744
a;12758726546932;9.095444;-3.472824;1.2403412
a;12758746688534;9.123199;-3.4991913;1.2343903
a;12758766830136;9.120621;-3.4968872;1.240921
a;12758786971737;9.063644;-3.4908752;1.2811279
a;12758807113339;9.054077;-3.482071;1.2576294
a;12758827254940;9.065872;-3.4858856;1.296463
a;12758847396542;9.096252;-3.4869995;1.2835541
a;12758867538143;9.093414;-3.5126953;1.2797089
a;12758887679745;9.07814;-3.5020447;1.2923431
a;12758907821346;9.056259;-3.4935303;1.317337
a;12758927962948;9.053787;-3.4487915;1.2629547
a;12758948104550;9.148056;-3.4573822;1.2096252
a;12758968246151;9.15538;-3.4609528;1.2149658
a;12758988387753;9.051651;-3.425644;1.2362671
a;12759008529354;9.009842;-3.4062195;1.2682037
a;12759028670956;9.093872;-3.4354095;1.2342987
a;12759048812557;9.134445;-3.4503174;1.2324371
a;12759068954159;9.095825;-3.4603882;1.247406
a;12759089095761;9.057877;-3.4691315;1.2328796
a;12759109237362;9.053207;-3.4954834;1.2307281
a;12759129378964;9.063248;-3.480011;1.2418823
a;12759149520565;9.085403;-3.4711456;1.2650452
a;12759169662167;9.090622;-3.460678;1.2941589
a;12759189803768;9.030411;-3.46904;1.3130951
a;12759209945370;9.092697;-3.46669;1.2577515
a;12759230086971;9.120346;-3.4380188;1.2552185
a;12759250228573;9.100143;-3.439087;1.2443237
a;12759270370175;9.094498;-3.4354248;1.3058472
a;12759290511776;9.061264;-3.4391022;1.3272552
a;12759310653378;9.047836;-3.465622;1.2863312
a;12759330794979;9.104034;-3.4582214;1.2825012
a;12759350936581;9.136093;-3.4642792;1.2991486
a;12759371078182;9.10025;-3.4828339;1.2756805
a;12759391219784;9.077576;-3.4807281;1.2955627
a;12759411361386;9.098251;-3.4703674;1.2824707
a;12759431502987;9.090134;-3.4687347;1.2968292
a;12759451644589;9.056412;-3.464859;1.3124847
a;12759471786190;9.088547;-3.4333496;1.322052
a;12759491927792;9.071838;-3.471115;1.304718
a;12759512069393;9.082886;-3.4533997;1.3025818
a;12759532210995;9.07309;-3.4440918;1.3005981
a;12759552352596;9.059937;-3.480133;1.266571
a;12759572494198;9.045181;-3.449173;1.2293701
a;12759592635800;9.077896;-3.4667206;1.2600403
a;12759612777401;9.08313;-3.4807587;1.2545013
a;12759632919003;9.07225;-3.4635162;1.2585297
a;12759653060604;9.093002;-3.438736;1.3069305
a;12759673202206;9.10173;-3.4068604;1.2776947
a;12759693343807;9.0907135;-3.4256592;1.3031464
a;12759713485409;9.077164;-3.4431915;1.2957306
a;12759733627011;9.055725;-3.4295197;1.2513733
a;12759753768612;9.062134;-3.4097137;1.2669678
a;12759773910214;9.139069;-3.433075;1.221283
a;12759794051815;9.13446;-3.420578;1.2372589
a;12759814193417;9.065826;-3.4209747;1.2873077
a;12759834335018;9.01886;-3.4162445;1.3138275
a;12759854476620;9.045242;-3.416977;1.33255
a;12759874618221;9.093185;-3.4393616;1.302185
a;12759894759823;9.126907;-3.4580994;1.3111725
a;12759914901425;9.09465;-3.471878;1.2808838
a;12759935043026;9.059601;-3.4699402;1.323822
a;12759955184628;9.056686;-3.4868011;1.2840271
a;12759975326229;9.076126;-3.4459076;1.2580414
a;12759995467831;9.085571;-3.4270935;1.3158569
a;12760015609432;9.037369;-3.4052582;1.3032684
a;12760035751034;9.093246;-3.444992;1.2800751
a;12760055892636;9.129288;-3.4529114;1.2766571
a;12760076034237;9.082642;-3.4322357;1.2871246
a;12760096175839;9.082916;-3.4160004;1.3366699
a;12760116317440;9.079315;-3.4205933;1.2861328
a;12760136459042;9.096848;-3.4236603;1.2628174
a;12760156600643;9.10701;-3.408081;1.3005371
a;12760176742245;9.121658;-3.4247284;1.2852478
a;12760196883846;9.125412;-3.422165;1.26857
a;12760217025448;9.110413;-3.4225006;1.2893982
a;12760237167050;9.08934;-3.4062805;1.2898102
a;12760257308651;9.082108;-3.419403;1.312561
a;12760277450253;9.100449;-3.3899078;1.3237915
a;12760297591854;9.089371;-3.441681;1.3156738
a;12760317733456;9.103683;-3.443222;1.2939148
a;12760337875057;9.09375;-3.4283447;1.2941437
a;12760358016659;9.075256;-3.4302063;1.2967987
a;12760378158261;9.061691;-3.4587555;1.3031921
a;12760398299862;9.077347;-3.4298706;1.288559
a;12760418441464;9.098328;-3.4374847;1.301239
a;12760438583065;9.100571;-3.463028;1.280777
a;12760458724667;9.102814;-3.4470215;1.3067474
a;12760478866268;9.083435;-3.4246368;1.274704
a;12760499007870;9.079712;-3.4363098;1.2969666
a;12760519149471;9.092163;-3.4029083;1.2458954
a;12760539291073;9.11322;-3.4341125;1.2596283
a;12760559432675;9.089737;-3.3999329;1.2841187
a;12760579574276;9.054092;-3.3907318;1.2651978
a;12760599715878;9.05867;-3.3895874;1.2594299
a;12760619857479;9.133392;-3.4115295;1.2507172
a;12760639999081;9.137604;-3.4327087;1.2820587
a;12760660140682;9.09642;-3.4101563;1.3130493
a;12760680282284;9.062668;-3.4247131;1.2785797
a;12760700423886;9.084137;-3.4518585;1.3231506
a;12760720565487;9.115845;-3.4606323;1.3170319
a;12760740707089;9.102936;-3.4876556;1.3157349
a;12760760848690;9.100235;-3.515564;1.2665558
a;12760780990292;9.092438;-3.5250092;1.2679291
a;12760801131893;9.066483;-3.521164;1.287384
a;12760821273495;9.046158;-3.5004425;1.2753906
a;12760841415096;9.03331;-3.4564056;1.3002319
a;12760861556698;9.036987;-3.4450226;1.2899323
a;12760881698300;9.109497;-3.4809723;1.233902
a;12760901839901;9.147308;-3.4936676;1.2281952
a;12760921981503;9.077499;-3.4894104;1.2406006
a;12760942123104;9.032791;-3.4782715;1.2814636
a;12760962264706;9.06366;-3.4603271;1.2655792
a;12760982406307;9.107971;-3.4779053;1.2465668
a;12761002547909;9.131302;-3.4987183;1.2259521
a;12761022689511;9.117767;-3.5500183;1.2669525
a;12761042831112;9.060837;-3.5490875;1.250885
a;12761062972714;9.07251;-3.554123;1.2835541
a;12761083114315;9.073303;-3.5661316;1.2573547
a;12761103255917;9.074707;-3.5795593;1.2474365
a;12761123397518;9.04335;-3.6273804;1.239212
a;12761143539120;8.9664;-3.6472168;1.2631073
a;12761163680721;8.973572;-3.6709747;1.2217865
a;12761183822323;8.993561;-3.7679596;1.3472443
a;12761203963925;9.058945;-3.8683472;1.5190735
a;12761224105526;9.152359;-4.0188446;1.307724
a;12761244247128;9.028519;-3.8741455;1.2441254
a;12761264388729;8.934921;-4.356201;1.8919067
a;12761284530331;8.795624;-4.824051;2.1948242
a;12761304671932;8.687988;-4.789093;2.4149323
a;12761324813534;8.8528595;-4.5622253;2.6250763
a;12761344955136;9.0742035;-4.640381;3.5014343
a;12761365096737;8.864731;-5.252426;3.5679626
a;12761385238339;8.742859;-5.8634796;3.4594574
a;12761405379940;8.784927;-5.97995;3.6846771
a;12761425521542;8.91217;-5.994629;4.1331024
a;12761445663143;9.0271;-5.7871246;5.0094757
a;12761465804745;8.846817;-6.07251;4.9844666
a;12761485946346;8.881058;-6.6737976;4.5713196
a;12761506087948;9.060593;-6.4948883;4.950943
a;12761526229550;8.884277;-6.245819;5.226715
a;12761546371151;8.708313;-6.396652;5.239975
a;12761566512753;8.72261;-6.5603943;4.8105774
a;12761586654354;8.740875;-6.672989;4.4578247
a;12761606795956;8.690628;-6.495163;4.5396576
a;12761626937557;8.38382;-6.4008484;4.6299286
a;12761647079159;7.9242554;-6.252365;4.3246155
a;12761667220761;7.887802;-6.1432343;4.0683746
a;12761687362362;7.9049377;-5.894638;3.8569794
a;12761707503964;7.480377;-5.572403;3.9725647
a;12761727645565;7.2124786;-5.141861;3.9800262
a;12761747787167;7.199753;-4.8301086;3.592636
a;12761767928768;6.8040924;-4.8566437;3.5564423
a;12761788070370;6.3916626;-4.733551;3.9197083
a;12761808211971;5.934326;-4.443115;3.6937408
a;12761828353573;5.6282043;-3.9887543;3.7324982
a;12761848495175;5.3881836;-3.639801;3.8226013
a;12761868636776;4.952713;-4.148361;3.7748566
a;12761888778378;4.779251;-4.246628;4.062332
a;12761908919979;4.880905;-3.631485;4.703583
a;12761929061581;4.611725;-3.5174408;5.04599
a;12761949203182;4.5798035;-4.0727844;4.562622
a;12761969344784;4.608719;-4.585846;4.5131226
a;12761989486386;4.6259613;-4.624527;4.5839844
a;12762009627987;4.6088104;-4.8719788;4.8378296
a;12762029769589;4.8542786;-5.3124237;5.349365
a;12762049911190;5.1389923;-5.8741913;5.2628174
a;12762070052792;4.935562;-5.751114;4.8094177
a;12762090194393;4.975342;-5.4208527;5.129959
a;12762110335995;5.179886;-5.994339;5.6705627
a;12762130477596;5.2894135;-5.985031;6.083603
a;12762150619198;5.1839294;-5.951004;6.3327637
a;12762170760800;5.157501;-5.625778;5.616028
a;12762190902401;5.3102417;-6.0598297;5.547714
a;12762211044003;5.4122925;-6.948761;5.6728973
a;12762231185604;5.363266;-6.789459;5.794403
a;12762251327206;5.396942;-5.9469604;5.985962
a;12762271468807;4.9694977;-6.104355;6.107483
a;12762291610409;4.949356;-6.155731;6.2552795
a;12762311752011;5.00502;-5.9675293;5.974991
a;12762331893612;4.5501404;-6.676193;5.454666
a;12762352035214;4.268448;-6.9764404;5.587555
a;12762372176815;4.409256;-7.0842896;5.7130127
a;12762392318417;4.5825653;-7.1393127;5.9912567
a;12762412460018;4.678726;-7.091522;5.4373474
a;12762432601620;5.0889587;-7.0242004;5.5816345
a;12762452743221;5.1332245;-6.433197;6.1759796
a;12762472884823;4.783371;-6.2736816;5.494446
a;12762493026425;4.5309296;-6.4390564;5.119919
a;12762513168026;4.746338;-7.341507;4.5710144
a;12762533309628;4.8083344;-8.057495;4.9577484
a;12762553451229;4.7244415;-7.4698944;5.326721
a;12762573592831;4.718155;-6.92218;5.4244995
a;12762593734432;4.9743958;-7.1848145;5.5312195
a;12762613876034;5.0646973;-6.9972076;5.574173
a;12762634017636;5.0854187;-7.2315063;5.6009827
a;12762654159237;5.2151337;-7.3961334;5.5196533
a;12762674300839;5.0713654;-7.0224915;5.0764465
a;12762694442440;4.9670715;-7.02005;4.963623
a;12762714584042;5.0564117;-6.9052277;5.1782684
a;12762734725643;5.3884583;-6.370117;5.4918823
a;12762754867245;5.2621307;-5.8385773;5.3604126
a;12762775008846;5.1230164;-5.7570953;5.1550293
a;12762795150448;5.2489166;-6.0961;5.587204
a;12762815292050;5.376587;-6.129242;6.347946
a;12762835433651;5.333618;-5.8742523;6.0330505
a;12762855575253;4.7828064;-5.8712616;5.4509125
a;12762875716854;4.4290924;-5.9667816;5.6658173
a;12762895858456;4.656204;-6.560837;6.1373444
a;12762916000057;4.644455;-6.951111;6.31752
a;12762936141659;4.3446503;-6.8439484;6.3861084
a;12762956283261;4.310028;-6.843384;6.4321747
a;12762976424862;4.332184;-6.9367065;6.376236
a;12762996566464;3.9421997;-6.7875977;6.3932343
a;12763016708065;4.01001;-6.598755;6.1519775
a;12763036849667;3.952591;-6.5227814;6.100128
a;12763056991268;3.837967;-6.707718;6.2849884
a;12763077132870;3.6984253;-6.7576447;6.4366913
a;12763097274471;3.8010101;-6.843506;6.1976624
a;12763117416073;3.9299927;-6.7562866;6.040222
a;12763137557675;3.554367;-6.8083344;6.245392
a;12763157699276;3.4745178;-6.895035;6.4445496
a;12763177840878;3.5209808;-6.6579437;6.5856323
a;12763197982479;3.1322632;-6.3766327;6.4726257
a;12763218124081;2.5304108;-6.3825684;6.3736267
a;12763238265682;2.699234;-6.4599457;6.3726196
a;12763258407284;2.999939;-6.7029114;6.6389313
a;12763278548886;2.9972382;-6.839813;6.716522
a;12763298690487;3.3280792;-7.1387024;6.886429
a;12763318832089;3.7953644;-7.8294067;6.6769104
a;12763338973690;3.7532501;-8.217911;5.7621613
a;12763359115292;3.3798828;-7.8636475;5.4317627
a;12763379256893;3.4361725;-7.860214;5.6402283
a;12763399398495;3.5665283;-7.4208984;5.836914
a;12763419540096;3.4448242;-6.963562;5.54335
a;12763439681698;3.135025;-6.64592;6.0271454
a;12763459823300;3.5654907;-6.548752;6.8296814
a;12763479964901;4.237976;-6.871277;6.65683
a;12763500106503;4.0438843;-7.1167603;6.054413
a;12763520248104;3.7200165;-6.751053;5.829254
a;12763540389706;3.4369507;-6.750717;6.0518494
a;12763560531307;3.5630798;-6.855667;7.0171204
a;12763580672909;4.262451;-6.3831177;7.03331
a;12763600814511;3.8440552;-6.124115;5.824768
a;12763620956112;3.545929;-6.406189;5.3996735
a;12763641097714;3.999176;-7.063339;5.1348267
a;12763661239315;3.9812317;-7.45665;5.086685
a;12763681380917;4.502899;-7.624954;5.450485
a;12763701522518;5.1819916;-7.755768;5.175293
a;12763721664120;4.982239;-7.1267242;4.8546295
a;12763741805721;5.009735;-6.359848;4.659027
a;12763761947323;5.509796;-5.8742523;5.258499
a;12763782088925;5.620636;-5.7588654;5.864807
a;12763802230526;5.717621;-5.672882;5.5222015
a;12763822372128;5.540283;-6.0503845;4.924408
a;12763842513729;5.445236;-6.683426;4.732483
a;12763862655331;5.534836;-6.0097046;5.7019196
a;12763882796932;5.859787;-4.7951508;6.2039795
a;12763902938534;5.5405273;-5.357147;6.104553
a;12763923080136;5.0390015;-6.0625153;5.821457
a;12763943221737;4.948868;-5.614319;6.424942
a;12763963363339;5.0416107;-5.124893;7.0935974
a;12763983504940;5.0536346;-5.2579193;7.1235657
a;12764003646542;5.0131226;-5.3220673;6.6493073
a;12764023788143;4.818985;-5.610382;6.4108124
a;12764043929745;4.47493;-5.944031;6.45697
a;12764064071346;4.4322357;-5.839981;6.6886597
a;12764084212948;4.648941;-5.5539093;7.0039215
a;12764104354550;4.3424377;-5.349457;7.2606354
a;12764124496151;4.213608;-5.501541;7.014038
a;12764144637753;4.5739594;-5.603058;7.0354767
a;12764164779354;4.2910156;-5.51474;6.8098145
a;12764184920956;4.1521606;-5.756775;6.4529877
a;12764205062557;4.3564453;-5.6515045;6.3060455
a;12764225204159;4.4738617;-5.600128;6.916107
a;12764245345761;3.9237518;-5.8565216;6.452591
a;12764265487362;3.8998718;-6.258911;6.253189
a;12764285628964;4.465805;-5.839691;6.6661987
a;12764305770565;4.129074;-5.9334564;6.699951
a;12764325912167;3.7686615;-5.8720245;6.32016
a;12764346053768;4.058426;-5.467407;6.166397
a;12764366195370;4.1837463;-5.5509796;6.503006
a;12764386336971;4.100769;-5.205185;6.716736
a;12764406478573;4.413101;-4.7213287;6.8176575
a;12764426620175;4.553421;-4.5788727;6.9048157
a;12764446761776;4.5303955;-5.1316986;5.8974915
a;12764466903378;4.499649;-5.244995;6.1757507
a;12764487044979;4.6510315;-4.7299347;6.540039
a;12764507186581;5.1752014;-4.37619;6.90596
a;12764527328182;5.600662;-3.8482208;7.004898
a;12764547469784;5.5786743;-3.069931;6.654068
a;12764567611386;5.196472;-2.7913818;6.4071045
a;12764587752987;4.816971;-3.1078186;5.8196716
a;12764607894589;4.731476;-3.3901672;5.4606476
a;12764628036190;4.702484;-3.545639;4.8350983
a;12764648177792;3.8992767;-3.5703888;4.7384186
a;12764668319393;3.148697;-3.972992;5.2294006
a;12764688460995;4.058426;-4.3410187;5.3525543
a;12764708602596;5.0565033;-4.5473785;5.5211487
a;12764728744198;4.881302;-4.445938;5.700821
a;12764748885800;3.8233185;-5.032425;5.834427
a;12764769027401;4.3146667;-6.0160065;5.549637
a;12764789169003;5.6779327;-6.676773;5.2163086
a;12764809310604;6.6170197;-7.0145264;5.857605
a;12764829452206;6.7869873;-6.9095154;5.975006
a;12764849593807;6.509491;-6.7962036;5.6976166
a;12764869735409;6.9366455;-7.0201416;5.0734406
a;12764889877011;7.4933167;-6.71463;5.1997833
a;12764910018612;7.8907776;-6.3579407;5.6407623
a;12764930160214;7.8407593;-6.5748444;5.149231
a;12764950301815;7.8350525;-6.435257;4.415085
a;12764970443417;8.10849;-6.128723;3.972519
a;12764990585018;8.201248;-5.9427795;3.5298767
a;12765010726620;8.075272;-5.6562347;3.2023773
a;12765030868221;8.067368;-5.524475;2.901886
a;12765051009823;8.348724;-5.506119;3.023529
a;12765071151425;8.629593;-5.3515625;3.1085052
a;12765091293026;8.567459;-4.7990417;2.5028687
a;12765111434628;8.647415;-4.730606;1.9127502
a;12765131576229;9.068863;-4.796509;1.9337311
a;12765151717831;9.526886;-4.555725;2.5202026
a;12765171859432;9.630234;-4.351822;2.2897797
a;12765192001034;9.693954;-4.4850006;2.1458588
a;12765212142636;9.9561;-4.569504;2.2812653
a;12765232284237;10.142181;-4.688385;2.311798
a;12765252425839;10.127258;-4.673233;2.3256226
a;12765272567440;10.049484;-4.327469;2.3245087
a;12765292709042;10.062363;-3.9495392;2.6501617
a;12765312850643;10.0125885;-2.423111;4.370224
a;12765332992245;10.068893;-0.19238281;5.861801
a;12765353133846;10.171417;-0.29380798;4.854126
a;12765373275448;9.807373;-2.1284027;3.1560516
a;12765393417050;9.37912;-2.9314575;2.689743
a;12765413558651;9.21077;-2.692398;2.8197784
a;12765433700253;9.155182;-2.9625092;2.2121887
a;12765453841854;8.91481;-3.0974274;1.5777435
a;12765473983456;8.688873;-3.0886383;1.2342224
a;12765494125057;8.521973;-3.134781;1.0533752
a;12765514266659;8.361694;-3.2274475;0.8771515
a;12765534408261;8.434372;-3.2456055;0.7685547
a;12765554549862;8.647232;-3.1376343;0.8487396
a;12765574691464;8.811539;-2.966919;1.1189423
a;12765594833065;8.92067;-2.752777;1.3959808
a;12765614974667;9.000961;-2.464157;1.7184448
a;12765635116268;9.073898;-2.0752563;2.146881
a;12765655257870;9.151352;-1.7697144;2.5107422
a;12765675399471;9.300568;-1.5993652;2.809433
a;12765695541073;9.344452;-1.7744598;2.6502075
a;12765715682675;9.387527;-2.1206818;2.2763977
a;12765735824276;9.393387;-2.4423676;2.0388184
a;12765755965878;9.299728;-2.5979462;1.892456
a;12765776107479;9.178055;-2.7262115;1.7868958
a;12765796249081;9.263245;-2.8004608;1.713211
a;12765816390682;9.382385;-2.7766113;1.7133331
a;12765836532284;9.410141;-2.871338;1.6020355
a;12765856673886;9.472351;-2.9491577;1.6119537
a;12765876815487;9.615921;-2.9824219;1.6015625
a;12765896957089;9.799759;-3.0535278;1.5623627
a;12765917098690;9.736282;-2.9775848;1.5584412
a;12765937240292;9.200073;-2.8355865;1.5291748
a;12765957381893;8.812866;-2.7115936;1.395401
a;12765977523495;8.932022;-2.7032318;1.4298096
a;12765997665096;9.155792;-2.6951752;1.405014
a;12766017806698;9.419388;-2.8778381;1.3204193
a;12766037948300;9.577301;-2.922943;1.2571564
a;12766058089901;9.534531;-3.0375214;1.3812561
a;12766078231503;9.218597;-2.9842072;1.3168335
a;12766098373104;8.94072;-3.0847015;1.2075653
a;12766118514706;8.7890625;-3.1067657;1.1453552
a;12766138656307;8.88237;-3.074524;1.220932
a;12766158797909;9.049759;-3.0006714;1.2858276
a;12766178939511;9.100952;-2.9931183;1.36026
a;12766199081112;9.06459;-3.0182037;1.5290833
a;12766219222714;9.033676;-3.007965;1.6013947
a;12766239364315;9.045929;-3.1109314;1.5453491
a;12766259505917;9.057434;-3.2327728;1.5166016
a;12766279647518;9.126709;-3.3036957;1.5122681
a;12766299789120;9.2417755;-3.3181763;1.5087585
a;12766319930721;9.257538;-3.3419647;1.5001373
a;12766340072323;9.173721;-3.3493652;1.5196533
a;12766360213925;9.109955;-3.32695;1.4910736
a;12766380355526;9.061951;-3.3641205;1.3694
a;12766400497128;9.083252;-3.3478088;1.3266907
a;12766420638729;9.13884;-3.3132172;1.3860474
a;12766440780331;9.205444;-3.2875366;1.345581
a;12766460921932;9.144623;-3.3649902;1.2764282
a;12766481063534;9.042419;-3.3405304;1.3671417
a;12766501205136;9.053894;-3.2980652;1.4003754
a;12766521346737;9.140854;-3.368988;1.2823792
a;12766541488339;9.146957;-3.374771;1.2946472
a;12766561629940;9.1592865;-3.31427;1.3920441
a;12766581771542;9.144531;-3.3247223;1.4013672
a;12766601913143;9.1595;-3.3648224;1.3312378
a;12766622054745;9.176529;-3.38414;1.3639526
a;12766642196346;9.125931;-3.3409882;1.4541321
a;12766662337948;9.075897;-3.3228607;1.4947357
a;12766682479550;9.052139;-3.3223877;1.5105591
a;12766702621151;9.100174;-3.3173828;1.4958649
a;12766722768514;9.154358;-3.3046112;1.5088654
a;12766742910115;9.212799;-3.3137054;1.5093536
a;12766763051717;9.202637;-3.2874756;1.4827576
a;12766783193318;9.186783;-3.263977;1.4408417
a;12766803334920;9.11113;-3.2286835;1.4464874
a;12766823476522;9.083313;-3.191986;1.3891754
a;12766843618123;9.044296;-3.2036743;1.3953247
a;12766863759725;9.106888;-3.1974792;1.3508148
a;12766883901326;9.179306;-3.1658936;1.3236084
a;12766904042928;9.156143;-3.1773834;1.2990417
a;12766924184529;9.14415;-3.1667633;1.292099
a;12766944326131;9.088379;-3.151184;1.3221436
a;12766964467732;9.094406;-3.1348877;1.3044434
a;12766984609334;9.157928;-3.1491241;1.3177948
a;12767004750936;9.230438;-3.1271667;1.3430634
a;12767024892537;9.218887;-3.073532;1.3972015
a;12767045034139;9.191238;-3.0977936;1.3786163
a;12767065175740;9.153595;-3.1049652;1.3858032
a;12767085317342;9.159821;-3.0854034;1.4363251
a;12767105458943;9.188156;-3.0867157;1.472992
a;12767125600545;9.183884;-3.1125946;1.5185242
a;12767145742147;9.158691;-3.1400604;1.4994507
a;12767165883748;9.172699;-3.1651459;1.4872894
a;12767186025350;9.163879;-3.1809082;1.4620819
a;12767206166951;9.120483;-3.2037048;1.4155121
a;12767226308553;9.089294;-3.22583;1.4101105
a;12767246450154;9.101761;-3.2223053;1.3788757
a;12767266591756;9.137024;-3.2479248;1.3380432
a;12767286733357;9.142929;-3.2373505;1.3659668
a;12767306874959;9.168259;-3.191574;1.4893188
a;12767327016561;9.189087;-3.077301;1.5196381
a;12767347158162;9.187424;-3.1845703;1.3952179
a;12767367299764;9.12088;-3.2469482;1.4463501
a;12767387441365;9.076584;-3.2113953;1.4670105
a;12767407582967;9.077637;-3.2140656;1.4790192
a;12767427724568;9.12175;-3.209793;1.434845
a;12767447866170;9.169189;-3.1641693;1.4266968
a;12767468007772;9.169006;-3.2214813;1.463562
a;12767488149373;9.117218;-3.2163239;1.4389648
a;12767508290975;9.114792;-3.2256012;1.3838654
a;12767528432576;9.111023;-3.2147522;1.4313812
a;12767548574178;9.132965;-3.1792297;1.4108734
a;12767568715779;9.0972595;-3.1472168;1.4301453
a;12767588857381;9.115845;-3.1786041;1.4098969
a;12767608998982;9.16684;-3.1677856;1.4307098
a;12767629140584;9.161957;-3.1637268;1.4200592
a;12767649282186;9.143875;-3.1768494;1.4870911
a;12767669423787;9.1214905;-3.160797;1.4629822
a;12767689565389;9.1154785;-3.1364288;1.4945526
a;12767709706990;9.131378;-3.128769;1.4798126
a;12767729848592;9.17601;-3.110138;1.4594269
a;12767749990193;9.177002;-3.1508484;1.4737854
a;12767770131795;9.153763;-3.2155914;1.4398193
a;12767790273397;9.165695;-3.2038727;1.4684143
a;12767810414998;9.142044;-3.1990967;1.4754639
a;12767830556600;9.140823;-3.1806183;1.47052
a;12767850698201;9.129028;-3.157547;1.4846191
a;12767870839803;9.136154;-3.1763306;1.487442
a;12767890981404;9.135254;-3.168106;1.4677277
a;12767911123006;9.132446;-3.146286;1.4442749
a;12767931264607;9.128464;-3.1743317;1.4286346
a;12767951406209;9.121323;-3.1694336;1.3977203
a;12767971547811;9.129715;-3.1693268;1.4432983
a;12767991689412;9.13765;-3.1872559;1.4524078
a;12768011831014;9.144333;-3.1844788;1.4795532
a;12768031972615;9.146896;-3.1961517;1.4609528
a;12768052114217;9.132233;-3.193344;1.4576263
a;12768072255818;9.122192;-3.1945953;1.4568176
a;12768092397420;9.094223;-3.1959686;1.4889221
a;12768112539022;9.103607;-3.1768036;1.548111
a;12768132680623;9.1128845;-3.1842346;1.4804688
a;12768152822225;9.183044;-3.2123108;1.456131
a;12768172963826;9.139725;-3.2467194;1.4912567
a;12768193105428;9.092987;-3.1926575;1.5129547
a;12768213247029;9.094116;-3.197281;1.4821167
a;12768233388631;9.133499;-3.195633;1.5160217
a;12768253530232;9.159607;-3.2005157;1.4998016
a;12768273671834;9.149765;-3.2117462;1.4461517
a;12768293813436;9.126221;-3.1839142;1.4634247
a;12768313955037;9.169662;-3.1956024;1.4586334
a;12768334096639;9.160706;-3.1588745;1.4558563
a;12768354238240;9.152023;-3.1658325;1.4342194
a;12768374379842;9.108627;-3.1445923;1.4745789
a;12768394521443;9.078918;-3.1610107;1.4891815
a;12768414663045;9.151337;-3.1766205;1.4189453
a;12768434804647;9.132126;-3.2015533;1.4413757
a;12768454946248;9.139984;-3.182663;1.4880524
a;12768475087850;9.176254;-3.1861572;1.4851379
a;12768495229451;9.139511;-3.1811829;1.4875183
a;12768515371053;9.098419;-3.1757202;1.4708557
a;12768535512654;9.143555;-3.179947;1.4293823
a;12768555654256;9.173767;-3.1703491;1.469574
a;12768575795857;9.143021;-3.1939697;1.4790497
a;12768595937459;9.154892;-3.194275;1.4597168
a;12768616079061;9.134766;-3.2112427;1.4962463
a;12768636220662;9.148804;-3.1875153;1.4386139
a;12768656362264;9.126938;-3.1459198;1.4797058
a;12768676503865;9.107559;-3.168579;1.4432068
a;12768696645467;9.099838;-3.188568;1.4181061
a;12768716787068;9.137207;-3.1660767;1.4479218
a;12768736928670;9.136963;-3.1996155;1.447525
a;12768757070272;9.142715;-3.2249908;1.4463806
a;12768777211873;9.1223755;-3.2282104;1.4453735
a;12768797353475;9.135864;-3.215805;1.4744568
a;12768817495076;9.144516;-3.2117462;1.5041656
a;12768837636678;9.142914;-3.1880798;1.4626007
a;12768857778279;9.128067;-3.1842651;1.491394
a;12768877919881;9.1188965;-3.1730652;1.4698944
a;12768898061482;9.149719;-3.175293;1.4570618
a;12768918203084;9.119446;-3.1600647;1.4518127
a;12768938344686;9.116333;-3.149643;1.4507904
a;12768958486287;9.103806;-3.121933;1.4613495
a;12768978627889;9.184097;-3.1781769;1.4436646
a;12768998769490;9.20549;-3.186615;1.4609833
a;12769018911092;9.121872;-3.1605072;1.4865723
a;12769039052693;9.06694;-3.1768036;1.4954071
a;12769059194295;9.125183;-3.1871338;1.4515228
a;12769079335897;9.190918;-3.168579;1.4880524
a;12769099477498;9.176224;-3.2097168;1.4467316
a;12769119619100;9.126251;-3.2063293;1.450058
a;12769134725301;9.128632;-3.2176971;1.4577789
a;12769154866902;9.135696;-3.204544;1.414154
a;12769175008504;9.125366;-3.158844;1.4281921
a;12769195150106;9.154953;-3.154068;1.4241333
a;12769215291707;9.106003;-3.1486511;1.4051666
a;12769235433309;9.140518;-3.193863;1.4183655
a;12769255574910;9.144638;-3.1990662;1.4380188
a;12769275716512;9.139236;-3.179596;1.4679413
a;12769295858113;9.146149;-3.1680603;1.4983368
a;12769315999715;9.136765;-3.1629028;1.5505524
a;12769336141316;9.124023;-3.178299;1.4732208
a;12769356282918;9.145676;-3.1665955;1.4441833
a;12769376424520;9.180939;-3.1937256;1.4145508
a;12769396566121;9.148102;-3.1940155;1.4553223
a;12769416707723;9.146027;-3.1995087;1.501709
a;12769436849324;9.13678;-3.1723785;1.4644012
a;12769456990926;9.107727;-3.1832428;1.4577484
a;12769477132527;9.1358185;-3.157547;1.4666138
a;12769497274129;9.158463;-3.1825256;1.4825897
a;12769517415731;9.134979;-3.176712;1.5074615
a;12769537557332;9.130066;-3.173111;1.4710846
a;12769557698934;9.1462555;-3.1850739;1.4555054
a;12769577840535;9.159561;-3.194809;1.4732971
a;12769597982137;9.144653;-3.2088776;1.5229187
a;12769618123738;9.149109;-3.3299713;1.6168671
a;12769638265340;9.325623;-3.974121;1.8824615
a;12769658406941;9.591049;-4.5682373;2.1157532
a;12769678548543;9.930603;-4.896454;2.6835022
a;12769698690145;10.399872;-5.8795624;2.9170532
a;12769718831746;10.375793;-6.3632965;3.1453247
a;12769738973348;10.145355;-7.5181427;3.0913086
a;12769759114949;10.222778;-7.9141693;3.2671814
a;12769779256551;10.186615;-7.5215454;3.8016357
a;12769799398152;10.056335;-7.2479706;4.3807526
a;12769819539754;9.999481;-7.538513;4.534836
a;12769839681356;10.021011;-7.4420624;4.304199
a;12769859822957;9.729233;-7.3920135;4.444519
a;12769879964559;9.13797;-7.106949;4.9674683
a;12769900106160;8.328949;-6.333954;5.2728424
a;12769920247762;7.370224;-5.232147;5.3568573
a;12769940389363;6.91362;-4.950241;5.6980286
a;12769960530965;6.6338196;-4.5722656;5.8127136
a;12769980672566;6.004883;-3.8033905;5.5687866
a;12770000814168;4.866379;-2.7501678;5.1721497
a;12770020955770;4.289963;-3.0991364;5.501877
a;12770041097371;4.0765686;-3.2315063;5.6971893
a;12770061238973;3.6389008;-2.330658;5.920456
a;12770081380574;2.9680634;-1.7309418;6.089798
a;12770101522176;2.593155;-1.6295929;6.429764
a;12770121663777;2.5933838;-2.2025604;6.923691
a;12770141805379;2.3115082;-2.0277405;7.0293274
a;12770161946981;1.9303436;-1.9008331;7.118164
a;12770182088582;1.5695496;-1.738327;7.118393
a;12770202230184;1.299057;-1.7724609;7.60791
a;12770222371785;1.2454224;-2.1856384;8.136017
a;12770242513387;1.0099487;-1.9719391;8.150558
a;12770262654988;0.78741455;-1.8804474;7.905182
a;12770282796590;0.33399963;-1.592041;8.273651
a;12770302938191;0.45765686;-1.5996552;8.670395
a;12770323079793;0.40176392;-1.4948425;8.964188
a;12770343221395;0.56770325;-1.6670074;9.098633
a;12770363362996;0.33702087;-1.519455;9.097275
a;12770383504598;0.16227722;-1.2635498;8.996719
a;12770403646199;0.23873901;-1.1118317;9.2148285
a;12770423787801;0.38452148;-1.2519989;9.279251
a;12770443929402;0.401062;-1.4232178;9.245239
a;12770464071004;0.35177612;-1.5050507;9.405823
a;12770484212606;0.28756714;-1.5098572;9.333923
a;12770504354207;0.12835693;-1.4819031;9.455734
a;12770524495809;0.2448883;-1.6498871;8.97403
a;12770544637410;0.13470459;-1.4029846;9.396744
