a;76499035452274;1.0786438;2.1022186;9.126892
a;76499055593876;1.1168671;1.9810791;9.10672
a;76499075735477;1.0406647;3.378128;8.876511
a;76499095877079;1.103363;2.329712;8.638214
a;76499116018680;1.1923828;2.498352;8.826462
a;76499136160282;1.5054016;3.012024;8.94223
a;76499156301883;0.8706207;3.0333252;8.669357
a;76499176443485;1.397644;3.522644;9.029999
a;76499196585087;1.4914703;3.885727;9.7417755
a;76499216726688;1.466095;4.228134;10.220673
a;76499236868290;1.41922;4.4588623;10.778305
a;76499257009891;1.5361481;3.580597;11.498947
a;76499277151493;1.5908966;1.985733;11.981857
a;76499297293094;1.3815002;0.4521942;12.684753
a;76499317434696;1.3503876;-1.2727356;12.717346
a;76499337576297;0.88301086;-3.7781067;11.736603
a;76499357717899;0.114868164;-5.2064056;10.364914
a;76499377859501;-0.85365295;-6.1677094;9.131058
a;76499398001102;-1.8915405;-7.241287;7.6727295
a;76499418142704;-2.6631775;-7.36026;5.9468384
a;76499438284305;-3.18219;-6.1002197;4.912262
a;76499458425907;-3.3161926;-4.368927;4.215088
a;76499478567508;-3.483429;-4.214676;3.8498993
a;76499498709110;-3.210144;-4.9906464;4.314987
a;76499518850712;-2.5400085;-5.186493;5.2230835
a;76499538992313;-2.1373749;-4.029846;6.605545
a;76499559133915;-2.4157867;-3.3056335;7.1695557
a;76499579275516;-2.3891754;-3.3428345;7.158722
a;76499599417118;-2.1682281;-3.9965668;7.0858917
a;76499619558719;-2.0655365;-4.658386;7.394577
a;76499639700321;-1.9353333;-4.9028625;7.8362274
a;76499659841922;-1.9465332;-5.0306396;7.680969
a;76499679983524;-2.0956726;-4.910919;7.6546326
a;76499700125126;-1.9946747;-5.3774567;7.5634766
a;76499720266727;-1.8191528;-6.072708;7.746109
a;76499740408329;-1.4172363;-5.4296265;8.038116
a;76499760549930;-0.98916626;-5.4952545;9.7187195
a;76499780691532;-1.0623474;-6.1091003;9.880936
a;76499800833133;-1.6047821;-5.9994354;8.157745
a;76499820974735;-1.9405365;-5.136322;7.9089203
a;76499841116337;-1.570343;-4.25;8.62915
a;76499861257938;-1.28479;-4.048828;8.414673
a;76499881399540;-1.1538849;-4.501831;7.388977
a;76499901541141;-1.5372772;-4.537277;6.3932495
a;76499921682743;-1.8970032;-4.386688;6.154785
a;76499941824344;-2.071228;-4.5779266;6.222
a;76499961965946;-2.0220795;-5.3584747;6.4105988
a;76499982107547;-2.0804443;-5.8868866;6.6236877
a;76500002249149;-2.383957;-6.769943;7.0240173
a;76500022390751;-2.601944;-8.260788;6.8873444
a;76500042532352;-2.0647278;-12.075607;6.8061066
a;76500062673954;-1.2421112;-14.127167;6.9913635
a;76500082815555;-1.5832825;-13.911606;6.086975
a;76500102957157;-1.710434;-12.12645;4.9412384
a;76500123098758;-1.3003082;-9.891266;3.2317657
a;76500143240360;-1.3053284;-5.682602;0.6310425
a;76500163381962;-1.5788116;-1.4289246;-1.5327606
a;76500183523563;-1.7901917;4.461441;-1.7803192
a;76500203665165;-2.271408;6.450836;-1.2203674
a;76500223806766;-2.0855103;2.8016968;1.3723602
a;76500243948368;-1.3757629;2.851883;6.0746155
a;76500264089969;-2.4626617;3.4359283;0.7060852
a;76500284231571;-2.7912903;-9.983261;-9.844788
a;76500304373172;-0.07078552;-20.031967;-3.1824646
a;76500324514774;-3.6011353;-20.031967;-5.8597107
a;76500344656376;-6.4093323;-20.031967;-6.25383
a;76500364797977;-2.8738098;-20.031967;-5.339508
a;76500384939579;2.7976685;-13.059265;-1.7831421
a;76500405081180;8.597565;4.6524506;-0.23446655
a;76500425222782;8.906357;15.680496;0.7353668
a;76500445364383;4.0080414;18.967438;1.2495575
a;76500465505985;3.0802002;18.539566;1.8337555
a;76500485647587;4.0866394;14.119141;2.2884521
a;76500505789188;2.8011017;3.4570618;-0.8919983
a;76500525930790;1.5563507;-11.141937;-1.8204346
a;76500546072391;1.7558746;-20.031967;-2.9946747
a;76500566213993;-2.4678345;-20.031967;-4.281616
a;76500586355594;-5.005356;-20.031967;0.53549194
a;76500606497196;-2.2380524;-19.86084;-0.8490906
a;76500626638797;2.5252533;-9.769379;-0.98298645
a;76500646780399;5.978348;3.31044;-2.3642426
a;76500666922001;5.798706;13.47287;-1.4709778
a;76500687063602;0.8183441;17.013184;-2.2102966
a;76500707205204;-1.4338531;17.303604;-1.1194153
a;76500727346805;0.16789246;9.770065;0.3406372
a;76500747488407;1.124588;0.33900452;-1.2697449
a;76500767630008;0.45315552;-15.159775;-3.4581451
a;76500787771610;1.5279846;-20.031967;-3.6641693
a;76500807913212;-0.65486145;-20.031967;-2.9659424
a;76500828054813;-2.6013489;-20.031967;-0.13684082
a;76500848196415;-0.66218567;-18.573639;-0.67863464
a;76500868338016;1.853775;-9.092575;-0.061813354
a;76500888479618;2.822525;1.3194275;0.63916016
a;76500908621219;0.7626343;12.12886;1.8490143
a;76500928762821;-2.9758453;14.064392;1.9616394
a;76500948904422;-4.1149597;12.176483;2.1633453
a;76500969046024;-1.6208954;5.775894;1.5870209
a;76500989187626;-0.026931763;-2.2555847;-1.181015
a;76501009329227;0.6349335;-8.822479;-3.9887848
a;76501029470829;1.9666443;-15.112717;-3.6118622
a;76501049612430;2.9527893;-18.396545;-1.4963226
a;76501069754032;2.6830597;-16.571243;-0.73561096
a;76501089895633;1.6616211;-13.2508545;0.29574585
a;76501110037235;0.95092773;-10.706558;0.41477966
a;76501130178837;1.0616302;-8.894989;0.31973267
a;76501150320438;1.5803375;-8.758347;0.12791443
a;76501170462040;2.1832428;-7.9156036;-0.47470093
a;76501190603641;2.4563904;-7.496063;-0.47846985
a;76501210745243;2.8264008;-7.9898376;-0.331604
a;76501230886844;3.747406;-9.240646;-0.4287262
a;76501251028446;4.9725037;-9.5763855;-0.3716278
a;76501271170047;5.7774963;-8.597092;-0.7358551
a;76501291311649;5.7004547;-7.876953;-1.0366821
a;76501311453251;6.0124207;-8.42572;-0.98228455
a;76501331594852;7.1735535;-9.737473;-1.0794373
a;76501351736454;8.18425;-9.078186;-0.90031433
a;76501371878055;8.269272;-7.531616;-0.5709076
a;76501392019657;8.462097;-6.745697;-0.5695801
a;76501412161258;9.117264;-6.6227875;-0.94348145
a;76501432302860;9.497177;-6.641281;-1.3198853
a;76501452444462;9.914734;-6.552017;-1.6717834
a;76501472586063;10.449509;-6.2352753;-1.841568
a;76501492727665;10.898483;-6.303726;-1.6902313
a;76501512869266;11.134308;-6.614044;-1.2631531
a;76501533010868;11.268509;-6.78743;-1.1404419
a;76501553152469;11.268524;-6.934387;-1.3385468
a;76501573294071;11.1167755;-7.099777;-1.5412445
a;76501593435672;11.062393;-6.8049927;-1.3029785
a;76501613577274;10.694748;-5.9473267;-0.91978455
a;76501633718876;10.046555;-4.7629547;-0.33151245
a;76501653860477;9.617676;-3.9268951;0.094192505
a;76501674002079;9.435669;-3.8708038;0.14630127
a;76501694143680;9.315475;-4.127533;-0.05873108
a;76501714285282;9.137863;-4.43515;-0.4360962
a;76501734426883;8.890381;-4.517761;-0.71713257
a;76501754568485;8.805527;-4.3729706;-0.83787537
a;76501774710087;8.996323;-4.304474;-0.70713806
a;76501794851688;9.128708;-3.9979095;-0.5476837
a;76501814993290;9.251984;-3.9908752;-0.47854614
a;76501835134891;9.275497;-3.8197174;-0.41127014
a;76501855276493;9.235825;-3.6171112;-0.38560486
a;76501875418094;9.401077;-3.47435;-0.34140015
a;76501895559696;9.546036;-3.3466187;-0.3340912
a;76501915701297;9.546326;-3.2385254;-0.34832764
a;76501935842899;9.517883;-3.2100677;-0.4113617
a;76501955984501;9.467056;-3.2079926;-0.4794922
a;76501976126102;9.335495;-3.0541992;-0.50135803
a;76501996267704;9.267654;-2.967987;-0.47665405
a;76502016409305;9.283432;-2.9338837;-0.4758911
a;76502036550907;9.265945;-2.9917145;-0.39509583
a;76502056692508;9.2391815;-2.9496307;-0.3889618
a;76502076834110;9.251343;-2.9147186;-0.305542
a;76502096975712;9.258438;-2.8063965;-0.3087921
a;76502117117313;9.250748;-2.954895;-0.4018097
a;76502137258915;9.336075;-3.0160675;-0.435318
a;76502157400516;9.416931;-2.9924622;-0.44282532
a;76502177542118;9.37207;-3.0254517;-0.42614746
a;76502197683719;9.268097;-3.064911;-0.35935974
a;76502217825321;9.284042;-3.003189;-0.26885986
a;76502237966922;9.268494;-2.9866486;-0.3015442
a;76502258108524;9.333405;-2.9852448;-0.2836609
a;76502278250126;9.321045;-3.0707092;-0.3277588
a;76502298391727;9.235718;-3.0949402;-0.3079071
a;76502318533329;9.243774;-3.1589966;-0.33117676
a;76502338674930;9.294739;-2.9855652;-0.24856567
a;76502358816532;9.2981415;-3.1299133;-0.22094727
a;76502378958133;9.302704;-3.0999756;-0.23342896
a;76502399099735;9.269745;-3.1354065;-0.29081726
a;76502419241337;9.28183;-3.242279;-0.34573364
a;76502439382938;9.26532;-3.1602325;-0.26316833
a;76502459524540;9.239731;-3.2106934;-0.317688
a;76502479666141;9.266602;-3.1207428;-0.3103485
a;76502499807743;9.324722;-3.2091827;-0.30845642
a;76502519949344;9.315262;-3.2527924;-0.3403473
a;76502540090946;9.274475;-3.2512054;-0.3412323
a;76502560232547;9.256439;-3.225647;-0.30577087
a;76502580374149;9.28566;-3.2563019;-0.29507446
a;76502600515751;9.305069;-3.3181458;-0.3156433
a;76502620657352;9.290924;-3.312683;-0.32196045
a;76502640798954;9.312759;-3.305893;-0.27456665
a;76502660940555;9.240692;-3.2850342;-0.2702179
a;76502681082157;9.227783;-3.3013;-0.22935486
a;76502701223758;9.261826;-3.3220673;-0.26374817
a;76502721365360;9.293503;-3.3354492;-0.2669525
a;76502741506962;9.381744;-3.317627;-0.2715149
a;76502761648563;9.406876;-3.3039093;-0.21629333
a;76502781790165;9.346573;-3.3061066;-0.2273407
a;76502801931766;9.318771;-3.3078003;-0.22691345
a;76502822073368;9.359909;-3.329422;-0.27441406
a;76502842214969;9.371994;-3.2966614;-0.2727661
a;76502862356571;9.318222;-3.2855988;-0.24227905
a;76502882498172;9.288437;-3.187622;-0.25639343
a;76502902639774;9.364151;-3.1775665;-0.33317566
a;76502922781376;9.409729;-3.189621;-0.29859924
a;76502942922977;9.304733;-3.2161255;-0.27267456
a;76502963064579;9.282852;-3.171524;-0.23965454
a;76502983201319;9.330505;-3.1821442;-0.2579956
a;76503003342921;9.322968;-3.2166595;-0.27816772
a;76503023484522;9.298874;-3.1667175;-0.30107117
a;76503043626124;9.2668;-3.1976929;-0.2603302
a;76503063767726;9.314896;-3.195404;-0.24931335
a;76503083909327;9.349884;-3.201767;-0.27922058
a;76503104050929;9.316589;-3.187149;-0.3107605
a;76503124192530;9.321594;-3.1941223;-0.2986908
a;76503144334132;9.313202;-3.228897;-0.318161
a;76503164475733;9.26178;-3.2334442;-0.2960968
a;76503184617335;9.2730255;-3.2453308;-0.3745575
a;76503204758936;9.334427;-3.241623;-0.33901978
a;76503224900538;9.357132;-3.192398;-0.31684875
a;76503245042140;9.297684;-3.1901703;-0.30525208
a;76503265183741;9.290878;-3.1959076;-0.3374939
a;76503285325343;9.317368;-3.2126923;-0.29127502
a;76503305466944;9.337296;-3.2011871;-0.32392883
a;76503325608546;9.353546;-3.1631927;-0.3113098
a;76503345750147;9.309952;-3.1619873;-0.2767334
a;76503365891749;9.303375;-3.1712036;-0.29756165
a;76503386033351;9.304489;-3.1925812;-0.32305908
a;76503406174952;9.305801;-3.1842194;-0.32139587
a;76503426316554;9.293503;-3.1427002;-0.32609558
a;76503446458155;9.300629;-3.175293;-0.24920654
a;76503466599757;9.308716;-3.1528015;-0.24951172
a;76503486741358;9.352676;-3.1338806;-0.28855896
a;76503506882960;9.349396;-3.113388;-0.25984192
a;76503527024561;9.313782;-3.1701965;-0.3132019
a;76503547166163;9.343063;-3.2096405;-0.31196594
a;76503567307765;9.39064;-3.2394714;-0.26716614
a;76503587449366;9.349243;-3.198578;-0.2364502
a;76503607590968;9.327316;-3.2200623;-0.23703003
a;76503627732569;9.311935;-3.2377472;-0.26994324
a;76503647874171;9.289719;-3.2416382;-0.25756836
a;76503668015772;9.327927;-3.2263794;-0.28334045
a;76503688157374;9.317169;-3.1847992;-0.24824524
a;76503708298976;9.304306;-3.23349;-0.2590332
a;76503728440577;9.312378;-3.223755;-0.24453735
a;76503748582179;9.320587;-3.1819;-0.24937439
a;76503768723780;9.3367;-3.2025146;-0.29354858
a;76503788865382;9.331131;-3.208664;-0.25917053
a;76503809006983;9.360443;-3.2417755;-0.27563477
a;76503829148585;9.345383;-3.241333;-0.31503296
a;76503839219386;9.347519;-3.1979828;-0.27397156
a;76503859360987;9.322449;-3.2218475;-0.2771454
a;76503879502589;9.308609;-3.1973877;-0.29933167
a;76503899644190;9.270035;-3.1849213;-0.26452637
a;76503909714991;9.270279;-3.2701874;-0.24520874
a;76503929856593;9.277954;-3.278366;-0.25003052
a;76503949998194;9.300858;-3.3313751;-0.29608154
a;76503970139796;9.274658;-3.4463806;-0.30723572
a;76503990281397;9.097916;-3.8573608;-0.16838074
a;76504010422999;9.077988;-4.5785675;-0.18966675
a;76504030564601;9.279327;-4.757492;-0.17198181
a;76504050706202;9.334076;-5.0429993;-0.11494446
a;76504070847804;9.3819275;-5.718384;0.20062256
a;76504090989405;9.448547;-6.323944;0.30760193
a;76504111131007;9.340012;-6.7033997;0.45718384
a;76504131272608;9.160797;-6.81015;0.452713
a;76504151414210;9.008133;-6.9874268;0.58851624
a;76504171555811;8.729782;-7.240814;0.7858124
a;76504191697413;8.662964;-7.554291;0.72254944
a;76504211839015;8.592773;-7.7818146;0.5335541
a;76504231980616;8.514008;-7.9154663;0.4605255
a;76504252122218;8.574249;-7.7878113;0.5292816
a;76504272263819;8.512894;-7.7304688;0.49783325
a;76504292405421;8.33577;-7.724365;0.40766907
a;76504312547022;8.153854;-7.4337006;0.63861084
a;76504332688624;7.9256287;-7.2794037;0.408432
a;76504352830226;7.7530823;-7.3348846;0.23954773
a;76504372971827;7.3930054;-7.4566345;0.46357727
a;76504393113429;7.134598;-7.251358;0.82118225
a;76504413255030;6.9918823;-6.9952087;0.67941284
a;76504433396632;6.784912;-7.074005;0.3678894
a;76504453538233;6.3757935;-6.966461;0.6747284
a;76504473679835;6.295456;-6.9190826;0.786438
a;76504493821436;6.3887634;-6.575943;1.0744781
a;76504513963038;6.2274017;-6.291855;1.0588379
a;76504534104640;5.832733;-6.6399994;0.7275543
a;76504554246241;5.8917694;-6.836685;0.8666382
a;76504574387843;5.9806213;-6.5822754;1.6921997
a;76504594529444;5.771332;-6.275055;1.6373138
a;76504614671046;5.646866;-6.140106;1.5696259
a;76504634812647;5.69487;-6.460373;1.6388092
a;76504654954249;5.649124;-6.531967;1.8570709
a;76504675095851;5.8602295;-6.1540375;2.4683533
a;76504695237452;6.085785;-6.1369476;2.4010773
a;76504715379054;6.0876923;-6.6821747;1.8526764
a;76504735520655;6.52124;-6.4826355;1.8383026
a;76504755662257;6.2751007;-6.054779;1.937149
a;76504775803858;6.0567474;-6.4850464;2.4159698
a;76504795945460;6.298691;-6.8138885;2.7003021
a;76504816087061;6.170868;-6.8457947;2.776352
a;76504836228663;5.9933777;-6.4350433;2.86792
a;76504856370265;5.9675903;-7.067871;3.4107819
a;76504876511866;5.825165;-7.3981934;3.9640045
a;76504896653468;5.651413;-7.883667;3.9866486
a;76504916795069;5.300049;-7.455765;4.165863
a;76504936936671;5.2835236;-7.6654053;4.126068
a;76504957078272;5.19191;-8.306351;4.4743805
a;76504977219874;5.1220093;-8.493454;4.508896
a;76504997361476;5.1311493;-8.73909;4.1606293
a;76505017503077;4.905899;-8.908371;4.6646423
a;76505037644679;4.7403107;-8.649002;4.658188
a;76505057786280;4.3333435;-8.563187;4.450775
a;76505077927882;4.132324;-8.510544;4.573944
a;76505098069483;3.9651337;-8.818771;4.545761
a;76505118211085;4.1289673;-8.884842;4.01062
a;76505138352686;4.219635;-8.821487;3.4563293
a;76505158494288;4.070816;-7.802719;3.9470978
a;76505178635890;4.1657257;-7.7676697;4.193329
a;76505198777491;4.4104614;-7.833832;4.060425
a;76505218919093;4.5941315;-8.392426;3.5951996
a;76505239060694;4.6651917;-8.7582245;4.106827
a;76505259202296;4.6533813;-8.525803;4.5628357
a;76505279343897;4.667206;-8.727524;4.3359528
a;76505299485499;4.6448517;-8.405746;3.844864
a;76505319627101;4.5937805;-7.9257965;3.6374664
a;76505339768702;4.5465393;-7.647278;3.919098
a;76505359910304;4.4079285;-7.7933197;4.2937927
a;76505380051905;4.366913;-7.845581;4.4450073
a;76505400193507;4.4713593;-7.992264;4.5504913
a;76505420335108;4.274811;-7.985214;4.51886
a;76505440476710;4.0730743;-7.9631805;4.599289
a;76505460618311;4.0253143;-8.094177;4.6846313
a;76505480759913;4.1067047;-8.115509;4.937607
a;76505500901515;3.8525085;-7.7149353;4.85672
a;76505521043116;3.3692932;-7.5598297;5.15889
a;76505541184718;3.251114;-7.487503;5.5962677
a;76505561326319;3.3960114;-7.639221;5.560211
a;76505581467921;3.134781;-7.490967;5.6033325
a;76505601609522;2.8757172;-7.366104;5.7111664
a;76505621751124;2.7143402;-7.6246185;5.866974
a;76505641892726;3.0347137;-7.932312;6.022049
a;76505662034327;3.2448578;-8.025696;5.9317474
a;76505682175929;3.203598;-7.882065;5.870331
a;76505702317530;3.0977325;-7.8101807;5.8536835
a;76505722459132;3.2036133;-7.8626404;5.691223
a;76505742600733;3.4649353;-8.059998;5.566757
a;76505762742335;3.519928;-7.933441;5.38855
a;76505782883936;3.2902832;-7.772232;5.136902
a;76505803025538;3.3378296;-7.7709045;5.1209106
a;76505823167140;3.4867096;-8.041153;4.633362
a;76505843308741;3.4197083;-8.057556;4.5397186
a;76505863450343;3.5927124;-8.032272;4.599121
a;76505883591944;3.7182312;-8.059402;4.388565
a;76505903733546;3.843338;-8.284225;3.9995728
a;76505923875147;3.9757843;-8.41452;3.7526398
a;76505944016749;4.1639404;-8.318512;3.9239197
a;76505964158351;4.3448334;-7.99971;4.0110016
a;76505984299952;4.529953;-7.753784;3.970459
a;76506004441554;4.895584;-7.825821;3.7743378
a;76506024583155;5.191101;-8.082504;3.5786896
a;76506044724757;5.3291473;-7.8353424;3.9302979
a;76506064866358;5.4877167;-7.716263;4.5655518
a;76506085007960;5.386856;-7.046417;4.026428
a;76506105149561;5.4548187;-6.371155;3.7711945
a;76506125291163;5.5886536;-6.5070496;4.093155
a;76506145432765;5.6042023;-7.03714;4.329605
a;76506165574366;5.581085;-6.6633453;4.473297
a;76506185715968;5.734207;-6.6376038;4.555008
a;76506205857569;5.999359;-6.648041;4.241852
a;76506225999171;6.233368;-6.3533173;3.9637299
a;76506246140772;6.2866516;-6.1003113;3.6539917
a;76506266282374;6.236603;-6.2854767;3.2810974
a;76506286423976;6.297928;-6.1124268;3.188919
a;76506306565577;6.33284;-6.108246;3.5302734
a;76506326707179;6.3920135;-5.930771;3.503662
a;76506346848780;6.375412;-5.4607086;2.8783417
a;76506366990382;6.3576508;-5.446396;2.4391785
a;76506387131983;6.390854;-5.650696;2.6452637
a;76506407273585;6.4148254;-5.775177;3.4597015
a;76506427415186;6.5553284;-5.4847107;3.55159
a;76506447556788;6.611679;-5.112976;2.7835999
a;76506467698390;6.6024017;-5.731964;2.5583801
a;76506487839991;6.691086;-6.0986633;3.4855194
a;76506507981593;6.9311066;-6.2137756;4.1539
a;76506528123194;7.112442;-5.823456;3.9193573
a;76506548264796;7.0205994;-5.6664886;2.8834229
a;76506568406397;7.079529;-6.4609985;2.399353
a;76506588547999;7.383606;-6.9322968;2.8759155
a;76506608689601;7.603485;-7.065979;2.9513702
a;76506628831202;7.647583;-6.7894135;2.82518
a;76506648972804;7.6714783;-6.2840424;2.3612518
a;76506669114405;7.6056976;-6.2687073;2.0879517
a;76506689256007;7.758194;-6.6300507;2.4126587
a;76506709397608;8.120651;-6.5989685;2.405136
a;76506729539210;8.338409;-6.1253815;2.0439148
a;76506749680811;8.404587;-5.898987;1.6249542
a;76506769822413;8.461792;-5.7025146;1.3423309
a;76506789964015;8.544205;-5.6600037;1.1423035
a;76506810105616;8.536804;-5.4835205;1.0412903
a;76506830247218;8.584991;-5.249832;0.9240875
a;76506850388819;8.69873;-5.101883;0.7306061
a;76506870530421;8.771744;-5.039154;0.49472046
a;76506890672022;8.959625;-5.0283203;0.32936096
a;76506910813624;9.194534;-5.21019;0.2892151
a;76506930955226;9.348221;-5.3526306;0.28903198
a;76506951096827;9.396637;-5.38089;0.2843628
a;76506971238429;9.583862;-5.3824615;0.18309021
a;76506991380030;9.739014;-5.3198395;0.12428284
a;76507011521632;9.819305;-5.212616;0.16737366
a;76507031663233;9.827591;-5.08432;0.11949158
a;76507051804835;9.678329;-4.877228;0.14823914
a;76507071946436;9.486313;-4.4695587;0.22033691
a;76507092088038;9.482956;-4.208206;0.22703552
a;76507112229640;9.469864;-3.8607788;0.25167847
a;76507132371241;9.311401;-3.6796112;0.25230408
a;76507152512843;9.134171;-3.502655;0.08982849
a;76507172654444;9.071335;-3.324417;-0.099105835
a;76507192796046;9.114395;-3.171051;-0.21195984
a;76507212937647;9.310837;-3.0160828;-0.220047
a;76507233079249;9.334213;-2.8624115;-0.17732239
a;76507253220851;9.383392;-2.745407;-0.26893616
a;76507273362452;9.4717865;-2.7835236;-0.29467773
a;76507293504054;9.48465;-2.5852966;-0.29388428
a;76507313645655;9.51181;-2.357315;-0.20056152
a;76507333787257;9.575333;-2.4253082;-0.19856262
a;76507353928858;9.580399;-2.4119568;-0.19897461
a;76507374070460;9.526581;-2.3491516;-0.22523499
a;76507394212061;9.498962;-2.292923;-0.23252869
a;76507414353663;9.526321;-2.332718;-0.17892456
a;76507434495265;9.541672;-2.3569336;-0.24291992
a;76507454636866;9.490799;-2.3156738;-0.21377563
a;76507474778468;9.459625;-2.3204346;-0.15254211
a;76507494920069;9.4627075;-2.325943;-0.1612854
a;76507515061671;9.472824;-2.4247742;-0.16616821
a;76507535203272;9.560776;-2.4488678;-0.1670227
a;76507555344874;9.5781555;-2.5466156;-0.09614563
a;76507575486476;9.511536;-2.4894104;-0.040771484
a;76507595628077;9.470154;-2.4902954;-0.051620483
a;76507615769679;9.435471;-2.6314087;-0.104263306
a;76507635911280;9.485489;-2.660263;-0.0927887
a;76507656052882;9.469559;-2.7024078;-0.12199402
a;76507676194483;9.479614;-2.7359772;-0.039276123
a;76507696336085;9.444397;-2.6440735;-0.068618774
a;76507716477686;9.472397;-2.6826324;-0.1443634
a;76507736619288;9.508179;-2.709137;-0.15235901
a;76507756760890;9.515274;-2.764557;-0.113723755
a;76507776902491;9.506973;-2.7456055;-0.109802246
a;76507797044093;9.4722595;-2.695984;-0.10484314
a;76507817185694;9.440521;-2.6696167;-0.08026123
a;76507837327296;9.446854;-2.6668243;-0.10865784
a;76507857468897;9.451035;-2.6902008;-0.20124817
a;76507877610499;9.451553;-2.65242;-0.21917725
a;76507897752101;9.49913;-2.6543427;-0.20103455
a;76507917893702;9.490921;-2.6367798;-0.18670654
a;76507938035304;9.470856;-2.6103516;-0.19021606
a;76507958176905;9.438263;-2.616867;-0.20578003
a;76507978318507;9.428635;-2.652588;-0.2276001
a;76507998460108;9.441925;-2.633377;-0.24227905
a;76508018601710;9.462967;-2.613144;-0.25456238
a;76508038743311;9.466324;-2.603653;-0.19615173
a;76508058884913;9.4835205;-2.5495453;-0.19363403
a;76508079026515;9.463135;-2.5169983;-0.17224121
a;76508099168116;9.495331;-2.5962677;-0.12994385
a;76508119309718;9.440338;-2.5606537;-0.14039612
a;76508139451319;9.442352;-2.5269165;-0.18362427
a;76508159592921;9.487427;-2.5128021;-0.13626099
a;76508179734522;9.489578;-2.5678558;-0.11671448
a;76508199876124;9.468201;-2.5556793;-0.12953186
a;76508220017726;9.488358;-2.559616;-0.14260864
a;76508240159327;9.463409;-2.5336304;-0.09541321
a;76508260300929;9.459015;-2.5355835;-0.07998657
a;76508280442530;9.452713;-2.5449982;-0.07270813
a;76508300584132;9.459518;-2.5148163;-0.12210083
a;76508320725733;9.4769745;-2.513916;-0.1695404
a;76508340867335;9.55069;-2.5134125;-0.21017456
a;76508361008936;9.529572;-2.4877472;-0.20256042
a;76508381150538;9.505692;-2.5472565;-0.20289612
a;76508401292140;9.502899;-2.479416;-0.12872314
a;76508421433741;9.48764;-2.4311829;-0.11747742
a;76508441575343;9.482407;-2.4458313;-0.18780518
a;76508461716944;9.496231;-2.442047;-0.1592102
a;76508481858546;9.503815;-2.4651642;-0.17453003
a;76508502000147;9.501053;-2.4891663;-0.12490845
a;76508522141749;9.492691;-2.4599;-0.10871887
a;76508542283351;9.512375;-2.478363;-0.1222229
a;76508562424952;9.4917145;-2.4756622;-0.13195801
a;76508582566554;9.519333;-2.4853058;-0.12519836
a;76508602708155;9.557938;-2.4757385;-0.13885498
a;76508622849757;9.594299;-2.4943085;-0.089660645
a;76508642991358;9.571701;-2.511612;-0.075683594
a;76508663132960;9.546204;-2.5291443;-0.09817505
a;76508683274561;9.517624;-2.4948273;-0.08119202
a;76508703416163;9.538513;-2.4994507;-0.12919617
a;76508723557765;9.55542;-2.499466;-0.11538696
a;76508743699366;9.499527;-2.5414429;-0.10423279
a;76508763840968;9.478622;-2.5437775;-0.08067322
a;76508783982569;9.501648;-2.4964447;-0.08885193
a;76508804124171;9.509338;-2.4937286;-0.055267334
a;76508824265772;9.505295;-2.4784088;-0.049423218
a;76508844407374;9.5224;-2.4760132;-0.044662476
a;76508864548976;9.494766;-2.4397125;-0.05319214
a;76508884690577;9.457947;-2.48909;-0.11361694
a;76508904832179;9.476303;-2.4694824;-0.08287048
a;76508924973780;9.462051;-2.415863;-0.069503784
a;76508945115382;9.536102;-2.435318;-0.07923889
a;76508960221583;9.610504;-2.4601898;-0.05845642
a;76508980363185;9.594879;-2.4725647;-0.06265259
a;76509000504786;9.52771;-2.4561462;-0.024642944
a;76509020646388;9.498947;-2.474472;0.017990112
a;76509040787989;9.473999;-2.4839783;0.020645142
a;76509060929591;9.481186;-2.4880524;0.02116394
a;76509081071192;9.462585;-2.502945;0.044769287
a;76509101212794;9.448044;-2.5067444;0.03565979
a;76509121354395;9.448517;-2.4708557;0.0036621094
a;76509141495997;9.432037;-2.4846954;-0.019210815
a;76509161637599;9.4466095;-2.4864655;-0.026947021
a;76509181779200;9.426132;-2.497055;-0.0395813
a;76509201920802;9.502274;-2.4969482;-0.0435791
a;76509222062403;9.514816;-2.4578552;-0.060287476
a;76509242204005;9.51091;-2.4232788;-0.08351135
a;76509262345606;9.506195;-2.4645996;-0.07954407
a;76509282487208;9.511124;-2.4462585;-0.067993164
a;76509302628810;9.476654;-2.4553223;-0.04360962
a;76509322770411;9.486221;-2.4296875;-0.023132324
a;76509342912013;9.51889;-2.4234772;-0.019439697
a;76509363053614;9.434128;-2.4415283;-0.008758545
a;76509383195216;9.374512;-2.4326324;-0.0038146973
a;76509403336817;9.404449;-2.4017944;0.01260376
a;76509423478419;9.505722;-2.4251556;-0.014450073
a;76509443620020;9.56752;-2.4240112;-0.04751587
a;76509463761622;9.563782;-2.4875183;0.0077819824
a;76509483903224;9.467377;-2.4594116;0.03945923
a;76509504044825;9.395493;-2.4603882;0.04727173
a;76509524186427;9.378311;-2.435669;0.035995483
a;76509544328028;9.423355;-2.445465;0.034851074
a;76509564469630;9.492554;-2.4574738;0.010269165
a;76509584611231;9.5538025;-2.4487457;-0.06399536
a;76509604752833;9.495514;-2.4880981;-0.08390808
a;76509624894435;9.494843;-2.4801636;-0.08883667
a;76509645036036;9.499191;-2.466507;-0.10926819
a;76509665177638;9.5191345;-2.478119;-0.06893921
a;76509685319239;9.591446;-2.4806519;-0.025238037
a;76509705460841;9.550537;-2.4934692;-0.023071289
a;76509725602442;9.523193;-2.4986877;0.0466156
a;76509745744044;9.510468;-2.4653625;0.026031494
a;76509765885645;9.513138;-2.5202637;0.038467407
a;76509786027247;9.551239;-2.5141144;0.021240234
a;76509806168849;9.582108;-2.5103607;0.023483276
a;76509826310450;9.54158;-2.4640198;0.009017944
a;76509846452052;9.515472;-2.5030518;0.037109375
a;76509866593653;9.5095825;-2.4485931;-0.034851074
a;76509886735255;9.511688;-2.4593506;3.3569336E-4
a;76509906876856;9.509201;-2.4644928;-0.052322388
a;76509927018458;9.547241;-2.4159546;-0.05632019
a;76509947160060;9.507996;-2.4045105;-0.10620117
a;76509967301661;9.514694;-2.403946;-0.097213745
a;76509987443263;9.468323;-2.3933716;-0.054016113
a;76510007584864;9.434845;-2.3923798;-0.072753906
a;76510027726466;9.477478;-2.32695;-0.09739685
a;76510042832667;9.569931;-2.341217;-0.13604736
a;76510062974268;9.596939;-2.3753357;-0.12321472
a;76510083115870;9.531967;-2.368042;-0.08795166
a;76510103257472;9.511185;-2.334076;-0.06719971
a;76510123399073;9.469696;-2.3494415;-0.043914795
a;76510143540675;9.469513;-2.3679047;-0.017166138
a;76510163682276;9.48909;-2.3913574;-0.08732605
a;76510183823878;9.567825;-2.3322296;-0.12043762
a;76510203965479;9.562805;-2.3548584;-0.050704956
a;76510224107081;9.4943695;-2.370636;-0.05039978
a;76510244248683;9.48941;-2.361618;-0.040603638
a;76510264390284;9.531738;-2.4094086;-0.098724365
a;76510284531886;9.550079;-2.374054;-0.07064819
a;76510304673487;9.538193;-2.3708801;-0.12646484
a;76510324815089;9.526718;-2.3488922;-0.04710388
a;76510344956690;9.4591675;-2.3389435;-0.064315796
a;76510365098292;9.480225;-2.3850555;-0.06484985
a;76510385239893;9.525101;-2.3892822;-0.110061646
a;76510405381495;9.532318;-2.3897705;-0.11268616
a;76510425523097;9.499039;-2.378128;-0.0524292
a;76510445664698;9.491043;-2.377655;-0.116622925
a;76510465806300;9.504196;-2.3689117;-0.10871887
a;76510485947901;9.517471;-2.3518982;-0.12423706
a;76510506089503;9.522934;-2.389511;-0.081207275
a;76510526231104;9.549118;-2.357071;-0.10032654
a;76510546372706;9.502914;-2.3972626;-0.13597107
a;76510566514308;9.4991455;-2.3590698;-0.100250244
a;76510586655909;9.502594;-2.3533325;-0.1129303
a;76510606797511;9.480743;-2.3460388;-0.13040161
a;76510626939112;9.464264;-2.3239746;-0.14109802
a;76510647080714;9.553894;-2.3358917;-0.15470886
a;76510667222315;9.578033;-2.3712158;-0.16101074
a;76510687363917;9.5224;-2.4146576;-0.11885071
a;76510707505518;9.496597;-2.418747;-0.17103577
a;76510727647120;9.500565;-2.3957825;-0.09945679
a;76510747788722;9.494614;-2.3931274;-0.051071167
a;76510767930323;9.527283;-2.3959045;-0.032821655
a;76510788071925;9.538834;-2.4272308;-0.053741455
a;76510808213526;9.580612;-2.421173;-0.08833313
a;76510828355128;9.528168;-2.460434;-0.04951477
a;76510848496729;9.498764;-2.4423828;-0.029312134
a;76510868638331;9.536499;-2.4280396;-0.0740509
a;76510888779933;9.55011;-2.4232025;-0.076934814
a;76510908921534;9.5546875;-2.3863678;-0.018569946
a;76510929063136;9.521652;-2.4036713;-0.036743164
a;76510949204737;9.516708;-2.3940582;-0.021820068
a;76510969346339;9.538849;-2.436966;-0.07246399
a;76510989487940;9.520798;-2.4386444;-0.06695557
a;76511009629542;9.501709;-2.4098206;-0.12437439
a;76511029771143;9.528275;-2.4123383;-0.081832886
a;76511049912745;9.490936;-2.3725128;-0.0675354
a;76511070054347;9.492752;-2.3858643;-0.10197449
a;76511090195948;9.520935;-2.415512;-0.13775635
a;76511110337550;9.549301;-2.4077759;-0.12905884
a;76511130479151;9.568756;-2.4426575;-0.1532898
a;76511150620753;9.515198;-2.4528503;-0.11802673
a;76511170762354;9.465286;-2.4353333;-0.07421875
a;76511185868556;9.458862;-2.5027924;-0.079452515
a;76511206010157;9.46666;-2.5624084;-0.03286743
a;76511226151759;9.433533;-2.6446533;-0.002746582
a;76511246293360;9.519196;-2.7739716;0.08229065
a;76511266434962;9.571457;-2.848053;0.14997864
a;76511286576563;9.554047;-3.183609;0.24169922
a;76511306718165;9.696259;-4.013672;0.35760498
a;76511326859767;9.843094;-4.463852;0.1798706
a;76511347001368;10.134964;-4.9911957;0.16862488
a;76511367142970;10.204636;-5.2222595;0.6291199
a;76511387284571;10.306;-5.753357;0.7932892
a;76511407426173;10.364685;-5.928314;0.5997772
a;76511427567774;10.171051;-6.1851044;0.25860596
a;76511447709376;10.197006;-7.1377106;-0.075912476
a;76511467850977;10.309372;-7.727173;-0.2598877
a;76511487992579;10.375366;-7.819977;-0.14906311
a;76511508134181;10.623779;-7.426483;0.18643188
a;76511528275782;10.45137;-6.4328003;1.1125641
a;76511548417384;10.380234;-6.6201477;1.5111084
a;76511568558985;10.503342;-6.8446655;1.7120514
a;76511588700587;10.330292;-7.061432;2.0214844
a;76511608842188;10.138763;-6.8575745;2.6365967
a;76511628983790;9.933228;-5.542389;3.5227356
a;76511649125392;9.350403;-5.0930786;3.7371674
a;76511669266993;8.986923;-4.5077515;4.0337524
a;76511689408595;8.738785;-3.7861328;4.410553
a;76511709550196;7.8622894;-2.6188965;5.216217
a;76511729691798;7.5335846;-1.5883179;5.806671
a;76511749833399;6.962082;-0.77641296;5.8597565
a;76511769975001;6.2083893;-0.26350403;6.0099792
a;76511790116602;5.7996216;-0.2654724;6.0699005
a;76511810258204;5.490143;-0.48280334;6.1216583
a;76511830399806;5.0163727;0.23265076;5.9985504
a;76511850541407;3.989273;0.9175873;5.7669067
a;76511870683009;3.7104034;1.0770721;5.868271
a;76511890824610;3.3977509;1.1736755;6.463196
a;76511910966212;3.21138;1.0891571;6.7767487
a;76511931107813;3.009674;1.0356445;6.8601227
a;76511951249415;2.5824432;1.1662445;6.8231506
a;76511971391017;2.4172668;1.5196686;6.839325
a;76511991532618;2.2160645;1.7492676;6.9955444
a;76512011674220;2.1169586;1.7116394;7.1717987
a;76512031815821;2.0058746;1.581192;7.3428802
a;76512051957423;1.9131317;1.6839752;7.5471344
a;76512072099024;1.8736115;1.79216;7.7838745
