38 11 29
40 11 29
40 10 29
39 09 28
39 11 29
40 11 27
38 11 27
40 16 26
40 14 27
42 06 30
45 03 29
44 06 31
45 09 28
45 13 25
42 18 24
28 22 26
25 22 26
28 21 27
32 17 27
35 10 27
33 10 26
34 09 26
32 05 28
27 02 19
25 05 25
28 10 26
31 14 26
33 20 27
32 23 27
34 21 28
34 19 29
35 14 29
35 13 27
37 06 29
39 00 29
43 00 24
44 00 26
42 00 28
38 09 28
38 17 24
36 20 24
37 23 25
35 25 26
38 22 28
37 17 31
34 11 34
35 09 33
37 08 35
38 01 36
49 04 27
56 04 15
58 06 12
56 10 12
38 15 14
22 09 14
28 16 27
32 21 28
40 23 27
44 21 26
41 20 28
39 15 27
39 16 31
39 08 30
43 00 30
44 00 28
45 00 32
40 00 31
43 02 28
39 10 27
39 14 28
31 17 30
28 21 29
28 18 29
31 16 32
38 11 31
43 09 30
40 05 31
39 00 38
42 04 32
43 21 28